STATIONID;OBSERVATIONYEAR;OBSERVATIONMONTH;OBSERVATIONDAY;OBSERVATIONHOUR;BARPRESSURE;DRYTEMP;WETTEMP;MAXTEMP;MINTEMP;RELHUMIDITY;WINDDIRECTION;WINDFORCEKNOT;VISIBILITY;TOTALCLOUDAMOUNT;PRECIPHEIGHT;HLIOFANIA
16726;1995;1;1;6;1.012,5;15;14,6;15;13,9;96;220;6;7;8;6;
16726;1995;1;1;9;1.013;16,2;15,2;;;89;170;8;7;8;0;
16726;1995;1;1;12;1.012,2;17,8;15,6;;;79;230;6;7;6;0,2;
16726;1995;1;1;15;1.011,7;17,6;15;;;74;270;9;10;6;;
16726;1995;1;1;18;1.011,7;16,2;14,6;18,9;15;83;210;6;10;7;0,2;
16726;1995;1;2;6;1.010;14,4;13,8;16,2;13,6;93;160;5;8;5;;
16726;1995;1;2;9;1.010,2;18;16;;;80;180;5;10;4;;
16726;1995;1;2;12;1.009,2;18,8;16;;;74;180;10;10;6;;
16726;1995;1;2;15;1.008,7;17,2;15,4;;;82;170;6;10;6;;
16726;1995;1;2;18;1.010;16;15,4;18,8;14,4;93;140;4;10;6;;
16726;1995;1;3;6;1.009,5;12;10,6;16;11,8;83;0;0;10;8;;
16726;1995;1;3;9;1.010,2;12,2;11,2;;;88;340;5;6;8;0,2;
16726;1995;1;3;12;1.008,7;11,4;10,2;;;85;340;5;7;8;3,5;
16726;1995;1;3;15;1.007,7;11,8;11,2;;;93;0;0;7;8;0,7;
16726;1995;1;3;18;1.007,5;11,2;10,4;12,6;11;90;150;7;10;6;4,4;
16726;1995;1;4;6;1.007,4;6,4;5,8;11,2;6,4;91;0;0;10;5;0,1;
16726;1995;1;4;9;1.008,4;9;7,6;;;82;160;8;10;7;0,2;
16726;1995;1;4;12;1.006,9;11;8,6;;;71;160;10;10;6;0,2;
16726;1995;1;4;15;1.007,2;11;8;;;64;360;15;4,2;8;1,3;
16726;1995;1;4;18;1.009,7;5;4,6;13;5;94;330;6;17;7;4;
16726;1995;1;5;6;1.015,9;4;3,8;5;3,8;97;340;8;10;4;8;
16726;1995;1;5;9;1.017,2;6,2;5,2;;;85;50;5;10;4;;
16726;1995;1;5;12;1.016,5;13,2;9,4;;;57;180;5;10;5;;
16726;1995;1;5;15;1.017;10,8;9;;;78;170;5;10;7;0,2;
16726;1995;1;5;18;1.018,2;8,4;7,8;13,4;3,8;92;30;5;10;8;3,2;
16726;1995;1;6;6;1.015,5;8,6;7;9,8;6,4;78;150;14;10;7;45,1;
16726;1995;1;6;9;1.016,2;12;10;;;76;200;10;10;6;0,4;
16726;1995;1;6;12;1.015,4;13;9,4;;;59;270;12;10;5;2,4;
16726;1995;1;6;15;1.015;11,8;9,2;;;69;180;10;10;5;;
16726;1995;1;6;18;1.016,7;8,4;6,7;13,8;8,4;76;270;10;6;8;4;
16726;1995;1;7;6;1.017,7;4;3,8;8,4;3,6;97;30;5;10;2;6;
16726;1995;1;7;9;1.019,9;9,6;8,2;;;82;20;7;10;0;;
16726;1995;1;7;12;1.019;13,6;9;;;50;40;5;10;2;;
16726;1995;1;7;15;1.019,9;13;9,6;;;62;0;0;10;2;;
16726;1995;1;7;18;1.021,5;8;6,8;13,8;4;83;0;0;10;2;;
16726;1995;1;8;6;1.023;5,2;4,8;8;4,9;94;340;5;10;4;;
16726;1995;1;8;9;1.023,2;10,4;8,2;;;72;30;5;10;8;;
16726;1995;1;8;12;1.021,7;14;10;;;57;0;0;10;8;;
16726;1995;1;8;15;1.020,2;13;10,2;;;68;30;5;10;7;;
16726;1995;1;8;18;1.019,4;8,8;7,4;14,4;5,2;81;350;5;10;7;;
16726;1995;1;9;6;1.015;6,8;6;8,8;6;88;350;5;10;4;;
16726;1995;1;9;9;1.015,2;9,4;7;;;69;0;0;10;6;;
16726;1995;1;9;12;1.012,7;12,6;10;;;70;0;0;8;8;0;
16726;1995;1;9;15;1.011,9;10,4;9,6;;;90;0;0;10;8;1,7;
16726;1995;1;9;18;1.011,7;9,2;8,4;12,6;6,4;89;360;5;10;8;2,6;
16726;1995;1;10;6;1.009,5;6,6;5,6;9,2;5,8;85;340;5;10;7;;
16726;1995;1;10;9;1.010,5;10;7,4;;;67;0;0;10;5;;
16726;1995;1;10;12;1.008,5;15;10;;;49;0;0;10;4;;
16726;1995;1;10;15;1.007,9;13,2;9,4;;;57;220;5;10;4;;
16726;1995;1;10;18;1.008,7;8,2;6,6;15,4;6,4;78;340;2;10;1;;
16726;1995;1;11;6;1.007,4;6,8;6,6;8,2;4,4;97;350;5;10;8;3,3;
16726;1995;1;11;9;1.007,7;9,2;8,2;;;87;0;0;10;5;1;
16726;1995;1;11;12;1.006;12;9,2;;;67;180;5;10;7;1,9;
16726;1995;1;11;15;1.005;10,6;9,4;;;85;170;5;10;5;1,9;
16726;1995;1;11;18;1.004,5;7,4;7;13;6,8;94;30;3;6;5;4,8;
16726;1995;1;12;6;999,9;8;7,4;8;6,2;91;0;0;10;7;1,5;
16726;1995;1;12;9;1.001;12,2;10,4;;;78;0;0;10;7;;
16726;1995;1;12;12;1.000,5;13;11,4;;;81;180;5;10;5;8,5;
16726;1995;1;12;15;1.000,7;14;12;;;78;180;10;10;7;;
16726;1995;1;12;18;1.002;11;10,4;15;7,4;92;0;0;5;7;32,1;
16726;1995;1;13;6;1.006,5;10;9,8;11,2;7,8;97;0;0;6;8;2;
16726;1995;1;13;9;1.006,5;11,2;10;;;85;0;0;3;8;5,7;
16726;1995;1;13;12;1.005,2;12,2;11,6;;;93;0;0;10;8;14;
16726;1995;1;13;15;1.004,2;13;12,2;;;91;40;5;10;8;0;
16726;1995;1;13;18;1.004,4;12;10,6;13;10;83;140;15;8;8;19,7;
16726;1995;1;14;6;1.002,2;10,8;9,8;12;9,4;88;170;15;8;8;29,2;
16726;1995;1;14;9;1.001,2;13;9,2;;;57;160;25;10;6;1,3;
16726;1995;1;14;12;1.000;10,6;8,8;;;78;210;25;5;8;0,4;
16726;1995;1;14;15;997,7;9,6;8,8;;;90;30;8;7;8;3,2;
16726;1995;1;14;18;998,7;7,8;6,4;13,2;7,4;80;20;12;8;8;15,4;
16726;1995;1;15;6;1.004;5;4,2;8;3,8;87;20;10;10;6;0,8;
16726;1995;1;15;9;1.006,4;8,6;6,8;;;76;20;6;10;6;;
16726;1995;1;15;12;1.007;11,6;9;;;69;0;0;10;6;;
16726;1995;1;15;15;1.008,7;9,6;7,8;;;77;120;5;8;7;0;
16726;1995;1;15;18;1.011,7;8,4;5,4;11,6;5;59;30;10;10;5;5,4;
16726;1995;1;16;6;1.019;5,6;3,4;8,4;5;66;340;12;10;2;;
16726;1995;1;16;9;1.020,7;8,6;5,4;;;57;350;12;15;5;;
16726;1995;1;16;12;1.021;12,4;7,4;;;43;30;10;15;1;;
16726;1995;1;16;15;1.021,5;10,2;6,8;;;58;360;8;10;4;;
16726;1995;1;16;18;1.022,9;5,6;3,4;12,4;5,6;66;350;11;10;2;;
16726;1995;1;17;6;1.025,4;2;0,8;5,6;1,6;79;350;6;10;0;;
16726;1995;1;17;9;1.026,1;8,4;4,8;;;53;20;7;10;0;;
16726;1995;1;17;12;1.025;11,4;7;;;48;210;5;10;2;;
16726;1995;1;17;15;1.024,8;10,4;7,2;;;60;210;3;10;1;;
16726;1995;1;17;18;1.025,4;5;4,2;11,8;2;87;340;5;10;2;;
16726;1995;1;18;6;1.025,1;3;1,1;5;1,2;69;350;5;10;7;;
16726;1995;1;18;9;1.026;6,8;5;;;74;360;5;10;6;;
16726;1995;1;18;12;1.024,5;9,8;6,8;;;62;0;0;10;7;;
16726;1995;1;18;15;1.023,9;12,6;9,2;;;61;0;0;10;3;;
16726;1995;1;18;18;1.024,6;8,2;6,8;12,6;3;81;360;4;10;6;;
16726;1995;1;19;6;1.026,6;5;4,6;8,2;4,4;94;0;0;10;7;;
16726;1995;1;19;9;1.028,3;8,8;7,4;;;81;0;0;10;7;;
16726;1995;1;19;12;1.027,4;12;10,4;;;81;0;0;6;7;;
16726;1995;1;19;15;1.026,6;12,6;10,4;;;74;0;0;8;6;0,2;
16726;1995;1;19;18;1.026,5;11;9,4;13,4;5;80;150;5;10;7;0,2;
16726;1995;1;20;6;1.023;7,8;7,2;11;6,8;91;0;0;10;3;11,7;
16726;1995;1;20;9;1.024,4;12;9,8;;;74;30;7;10;2;0;
16726;1995;1;20;12;1.023,4;15;10;;;49;30;12;10;5;0;
16726;1995;1;20;15;1.023,7;13,4;10,2;;;64;330;6;10;6;;
16726;1995;1;20;18;1.025,3;8,6;7,6;16;7,8;87;340;4;10;0;0;
16726;1995;1;21;6;1.027;7,4;5,4;8,6;5;71;20;7;10;6;;
16726;1995;1;21;9;1.028,5;9,8;7;;;64;20;7;10;7;;
16726;1995;1;21;12;1.027;13,4;9,2;;;54;30;5;10;7;;
16726;1995;1;21;15;1.026,4;12,2;9,6;;;70;0;0;10;8;;
16726;1995;1;21;18;1.026,6;10,8;9,6;14,2;7,4;85;0;0;8;8;;
16726;1995;1;22;6;1.024,3;9,2;8,8;10,8;8,7;95;50;5;6;8;4,6;
16726;1995;1;22;9;1.023,7;9,4;9;;;95;0;0;6;8;1;
16726;1995;1;22;12;1.023;9;8,8;;;97;20;10;4;8;6,2;
16726;1995;1;22;15;1.022;8,4;7,8;;;92;0;0;5;7;14,5;
16726;1995;1;22;18;1.022,9;7,6;7;10,2;7,6;91;0;0;10;5;21,7;
16726;1995;1;23;6;1.024,8;3;2,8;7,6;2;97;340;6;10;2;;
16726;1995;1;23;9;1.025,5;10;8,6;;;82;350;5;10;1;;
16726;1995;1;23;12;1.023,2;15;10,6;;;55;0;0;10;2;;
16726;1995;1;23;15;1.023;13,6;10;;;61;30;10;10;2;;
16726;1995;1;23;18;1.023;9;8;15,8;3;87;350;3;10;2;;
16726;1995;1;24;6;1.019,7;6,8;6,4;9;5;94;30;5;8;5;;
16726;1995;1;24;9;1.019,7;10,6;9,6;;;88;0;0;8;6;;
16726;1995;1;24;12;1.018;17;13,6;;;67;180;8;10;5;;
16726;1995;1;24;15;1.016,5;15;13;;;79;210;5;10;6;;
16726;1995;1;24;18;1.015,9;13;11,6;17;6,8;84;180;5;10;3;;
16726;1995;1;25;6;1.019,2;9,2;8;13;8,2;84;0;0;10;3;;
16726;1995;1;25;9;1.021,4;14,2;10,8;;;64;30;10;10;0;;
16726;1995;1;25;12;1.020,5;18;10,2;;;30;30;8;15;0;;
16726;1995;1;25;15;1.021;15;10;;;49;40;13;15;1;;
16726;1995;1;25;18;1.022,5;10,2;8;18,5;9,2;72;360;7;10;0;;
16726;1995;1;26;6;1.022;8;7,6;10,2;4,6;94;20;5;10;7;;
16726;1995;1;26;9;1.022,5;15;12,6;;;75;20;5;15;0;;
16726;1995;1;26;12;1.021;18;12,8;;;52;20;5;15;1;;
16726;1995;1;26;15;1.020,2;17;12,4;;;55;30;12;15;0;;
16726;1995;1;26;18;1.021,7;11,8;9,4;18,6;7;71;0;0;15;0;;
16726;1995;1;27;6;1.019,9;5;4,8;11,8;4,8;97;0;0;8;0;;
16726;1995;1;27;9;1.020;13,8;11,8;;;78;200;5;8;1;;
16726;1995;1;27;12;1.017,7;17;13,8;;;68;180;12;12;3;;
16726;1995;1;27;15;1.016,2;15,8;13,8;;;79;180;10;12;6;;
16726;1995;1;27;18;1.016,4;15;13,4;17,2;5;83;190;5;10;6;;
16726;1995;1;28;6;1.019,7;8,8;5,4;15;7,4;55;350;8;10;0;;
16726;1995;1;28;9;1.021,2;12;7,2;;;45;20;15;10;0;;
16726;1995;1;28;12;1.020,4;14,2;8,2;;;37;40;7;10;0;;
16726;1995;1;28;15;1.020,2;13,2;7,4;;;37;40;11;10;0;;
16726;1995;1;28;18;1.021,7;9,2;5,2;14,6;8,8;48;30;10;10;0;;
16726;1995;1;29;6;1.021;1,8;1,2;9,2;1,6;89;350;5;10;0;;
16726;1995;1;29;9;1.021;8,4;6;;;68;330;3;10;8;;
16726;1995;1;29;12;1.018,9;14,6;10,6;;;58;0;0;10;5;;
16726;1995;1;29;15;1.018;13,6;10,8;;;69;200;5;10;7;;
16726;1995;1;29;18;1.018;9;8,2;14,6;1,8;89;70;2;10;6;;
16726;1995;1;30;6;1.017,7;5;4,8;9;5;97;340;4;6;4;;
16726;1995;1;30;9;1.018,5;12,4;10,8;;;81;0;0;8;1;;
16726;1995;1;30;12;1.017,4;17;12,8;;;59;0;0;10;3;;
16726;1995;1;30;15;1.016,4;16,6;12,6;;;61;280;8;10;4;;
16726;1995;1;30;18;1.017,5;11,4;10,2;17;4,6;85;330;2;10;2;;
16726;1995;1;31;6;1.016,7;9;8,8;11,4;6,6;97;340;4;6;8;0,4;
16726;1995;1;31;9;1.017;10,8;10,4;;;95;0;0;2;8;0;
16726;1995;1;31;12;1.016,2;14,2;14;;;98;210;8;4;8;1,8;
16726;1995;1;31;15;1.016,4;12,8;12,2;;;93;140;8;5;7;2,8;
16726;1995;1;31;18;1.017;13;12,6;14,4;9;95;180;7;8;6;4,6;
16726;1995;2;1;6;1.020,7;10,6;10,2;13;10,2;95;0;0;8;8;;
16726;1995;2;1;9;1.023;13,8;12,6;;;87;0;0;8;7;;
16726;1995;2;1;12;1.022,9;17,2;13,8;;;67;0;0;15;6;;
16726;1995;2;1;15;1.023,5;16,8;12,8;;;61;210;4;15;4;;
16726;1995;2;1;18;1.025,6;13;12;18,4;10,6;88;0;0;10;6;;
16726;1995;2;2;6;1.025;6,4;6,2;13;6;97;350;8;8;2;;
16726;1995;2;2;9;1.024,6;14;11,4;;;71;40;5;10;3;;
16726;1995;2;2;12;1.022,2;16;12,6;;;66;200;7;10;6;;
16726;1995;2;2;15;1.021,4;14,6;13;;;83;210;5;10;5;;
16726;1995;2;2;18;1.022;13,4;12,4;16,8;6,4;88;0;0;10;6;;
16726;1995;2;3;6;1.018,7;7,6;7,2;13,4;7,4;94;340;5;6;7;;
16726;1995;2;3;9;1.019,7;13,6;10,8;;;69;340;5;8;6;;
16726;1995;2;3;12;1.017,2;16;12,8;;;68;200;6;8;6;;
16726;1995;2;3;15;1.017,5;15,6;12,8;;;71;150;9;10;6;;
16726;1995;2;3;18;1.019;11,8;10,2;16,8;7,6;81;30;4;10;6;;
16726;1995;2;4;6;1.020,7;10,2;6;12;10;48;20;13;10;0;;
16726;1995;2;4;9;1.021,5;13;8;;;45;360;8;10;0;;
16726;1995;2;4;12;1.020;14,8;9;;;41;360;8;10;2;;
16726;1995;2;4;15;1.019,5;13;8;;;45;30;10;10;2;;
16726;1995;2;4;18;1.020;8,2;5,4;15;8,2;62;360;10;10;4;;
16726;1995;2;5;6;1.017,7;1,2;0;8,2;1;78;20;7;10;3;;
16726;1995;2;5;9;1.017,2;9;5,4;;;53;0;0;10;5;;
16726;1995;2;5;12;1.015;12,6;7,6;;;45;0;0;10;7;;
16726;1995;2;5;15;1.013,7;11,6;8,2;;;60;60;10;10;7;;
16726;1995;2;5;18;1.014;9,2;7,2;12,8;1,2;73;350;3;10;8;;
16726;1995;2;6;6;1.012,7;8,8;5;9,2;5;51;60;10;10;4;;
16726;1995;2;6;9;1.014,5;11;5,2;;;32;60;8;10;1;;
16726;1995;2;6;12;1.014;13,2;6,2;;;25;60;10;15;1;;
16726;1995;2;6;15;1.013,5;12,8;6;;;27;330;8;15;3;;
16726;1995;2;6;18;1.015,7;8;4,6;13,8;7,2;55;30;10;15;0;;
16726;1995;2;7;6;1.017;0,6;-0,4;8;0,4;82;20;6;10;0;;
16726;1995;2;7;9;1.017,7;9,4;4,4;;;36;10;5;10;0;;
16726;1995;2;7;12;1.016,2;13,4;6,4;;;25;40;10;10;0;;
16726;1995;2;7;15;1.014,5;13,4;7,4;;;35;50;12;15;0;;
16726;1995;2;7;18;1.015,2;8,2;5,6;14,2;0,6;65;20;5;10;0;;
16726;1995;2;8;6;1.015,2;3,4;2,8;8,2;3,4;90;340;5;10;0;;
16726;1995;2;8;9;1.015,9;13,6;9,4;;;54;40;8;10;0;;
16726;1995;2;8;12;1.014,5;18,4;11;;;34;40;8;15;0;;
16726;1995;2;8;15;1.014,2;17,4;10,4;;;35;40;11;10;0;;
16726;1995;2;8;18;1.014,7;11;9,4;18,8;3,4;80;330;5;10;0;;
16726;1995;2;9;6;1.013;8;7,8;11;6,6;97;0;0;8;8;;
16726;1995;2;9;9;1.012,5;12,6;9,8;;;68;0;0;8;8;;
16726;1995;2;9;12;1.010,7;15,8;13,8;;;79;160;8;10;7;;
16726;1995;2;9;15;1.010,2;15;13;;;79;210;6;10;6;;
16726;1995;2;9;18;1.010,5;13,4;11;16,2;8;73;180;5;10;5;;
16726;1995;2;10;6;1.012,5;11,6;11,2;13,4;8,4;95;180;5;10;8;;
16726;1995;2;10;9;1.013;16,4;12,8;;;64;180;8;10;5;;
16726;1995;2;10;12;1.013,4;16,6;13,4;;;68;180;11;10;5;;
16726;1995;2;10;15;1.014;16,2;14;;;77;180;8;10;5;;
16726;1995;2;10;18;1.015;11,8;11,4;16,6;11,6;95;200;3;10;2;;
16726;1995;2;11;6;1.018,9;5,6;5,4;11,8;5;97;350;5;4;3;;
16726;1995;2;11;9;1.019,7;14,8;12,4;;;74;30;6;10;0;;
16726;1995;2;11;12;1.018,5;19;13,6;;;52;200;5;10;2;;
16726;1995;2;11;15;1.018,9;16,4;13,2;;;68;200;7;10;0;;
16726;1995;2;11;18;1.019,7;11,2;10,4;19,6;5,6;90;20;5;10;0;;
16726;1995;2;12;6;1.021,5;5;4,8;11,2;5;97;350;7;10;5;;
16726;1995;2;12;9;1.023;15;11,8;;;66;360;6;10;5;;
16726;1995;2;12;12;1.022,2;18,6;13,2;;;51;180;6;20;7;;
16726;1995;2;12;15;1.021,7;17,4;13,2;;;59;180;4;15;6;;
16726;1995;2;12;18;1.023;11,6;10,4;18,6;5;85;0;0;10;0;;
16726;1995;2;13;6;1.022,5;4,8;4,4;11,6;4,6;93;20;5;10;2;;
16726;1995;2;13;9;1.023,2;16;11,8;;;58;340;5;10;0;;
16726;1995;2;13;12;1.021;22;13,4;;;32;20;5;15;1;;
16726;1995;2;13;15;1.020,7;20;11,4;;;28;40;6;20;0;;
16726;1995;2;13;18;1.021,2;13,4;9,2;22;4,8;54;340;5;20;0;;
16726;1995;2;14;6;1.018,9;4,4;3,8;13,4;3,4;90;360;5;10;0;;
16726;1995;2;14;9;1.018,7;15;11;;;58;200;5;10;0;;
16726;1995;2;14;12;1.017;16,2;12,8;;;66;200;8;10;1;;
16726;1995;2;14;15;1.016;15;12,4;;;72;170;10;10;8;;
16726;1995;2;14;18;1.016;12,4;11;16,2;4,4;83;0;0;10;8;0,5;
16726;1995;2;15;6;1.013;9,8;9,4;12,4;9,8;95;0;0;8;7;0,5;
16726;1995;2;15;9;1.012,5;13,4;11,6;;;80;0;0;10;7;;
16726;1995;2;15;12;1.013,7;16,8;12,4;;;56;210;5;15;5;;
16726;1995;2;15;15;1.013,5;17;13;;;61;270;5;10;5;;
16726;1995;2;15;18;1.015,7;13,2;9,8;17,6;9,8;62;350;8;10;6;;
16726;1995;2;16;6;1.019,2;6,8;5,8;13,2;6,8;85;360;5;8;4;;
16726;1995;2;16;9;1.019,7;14,2;10,4;;;59;0;0;10;6;;
16726;1995;2;16;12;1.019;13,8;11,6;;;76;180;7;6;7;;
16726;1995;2;16;15;1.018;13,6;12;;;82;180;5;6;7;;
16726;1995;2;16;18;1.018;12,6;11,2;15;6,8;83;290;3;6;8;;
16726;1995;2;17;6;1.014,2;10,4;10;12,6;9,4;95;20;5;4;8;5,7;
16726;1995;2;17;9;1.015,2;11,8;10,8;;;88;20;5;5;7;9,1;
16726;1995;2;17;12;1.015;15,8;13;;;71;0;0;10;4;;
16726;1995;2;17;15;1.016,4;17;13,6;;;67;270;5;10;5;;
16726;1995;2;17;18;1.018,9;14,4;13;18,2;9,4;85;0;0;8;7;9,1;
16726;1995;2;18;6;1.021,4;11;10,6;14,4;10,4;95;20;5;6;7;;
16726;1995;2;18;9;1.022,5;15;13,4;;;83;0;0;10;5;;
16726;1995;2;18;12;1.021,7;16,6;13,6;;;70;180;12;10;5;;
16726;1995;2;18;15;1.020,4;16,2;14;;;77;210;8;10;6;;
16726;1995;2;18;18;1.020,4;13,2;12,4;17,4;10,6;91;160;5;10;3;;
16726;1995;2;19;6;1.018,2;11,2;10,8;13,4;9,8;95;200;5;10;6;;
16726;1995;2;19;9;1.018;14,2;12,8;;;85;200;10;10;8;;
16726;1995;2;19;12;1.015,9;14,8;13,6;;;87;210;10;6;5;1,8;
16726;1995;2;19;15;1.015,9;16,6;12;;;55;310;14;10;3;;
16726;1995;2;19;18;1.017,2;11,4;9,6;16,8;11;78;30;6;10;4;1,8;
16726;1995;2;20;6;1.020;6,6;6,2;11,4;6,6;94;0;0;10;0;0,2;
16726;1995;2;20;9;1.021;13,6;10,4;;;64;30;8;10;0;;
16726;1995;2;20;12;1.020,7;16,2;10,6;;;46;180;8;10;1;;
16726;1995;2;20;15;1.022;14,6;10,4;;;55;200;10;10;1;;
16726;1995;2;20;18;1.023,7;9,8;8,6;17;6,6;85;0;0;10;2;;
16726;1995;2;21;6;1.024,3;4,2;4;9,8;4,2;97;340;5;8;0;;
16726;1995;2;21;9;1.024,4;13,2;10,6;;;71;0;0;8;0;;
16726;1995;2;21;12;1.023,4;16;12,4;;;63;180;10;10;1;;
16726;1995;2;21;15;1.023,2;14,8;12;;;70;180;6;15;0;;
16726;1995;2;21;18;1.023,7;10,8;10,2;16;4,2;92;360;4;10;0;;
16726;1995;2;22;6;1.023;4;3,8;10,8;3;97;350;5;6;0;;
16726;1995;2;22;9;1.023,9;15,2;12;;;66;0;0;8;0;;
16726;1995;2;22;12;1.023;17;12,4;;;55;180;5;10;0;;
16726;1995;2;22;15;1.021,7;16,2;13,2;;;69;180;5;15;0;;
16726;1995;2;22;18;1.022,5;11,4;10,6;17,4;4;90;0;0;10;0;;
16726;1995;2;23;6;1.021;4,4;4;11,4;4,4;93;340;5;10;0;;
16726;1995;2;23;9;1.021,7;15,6;11,4;;;57;30;10;10;0;;
16726;1995;2;23;12;1.020,4;18;12,4;;;48;200;6;15;0;;
16726;1995;2;23;15;1.019,2;16,2;13,2;;;69;190;6;15;0;;
16726;1995;2;23;18;1.019,4;11,8;11;18,6;4,4;90;20;5;15;0;;
16726;1995;2;24;6;1.018,5;4,6;4,2;11,8;4,4;93;0;0;8;7;;
16726;1995;2;24;9;1.018;15;11;;;58;20;5;10;6;;
16726;1995;2;24;12;1.016,2;18;12,8;;;52;200;6;10;3;;
16726;1995;2;24;15;1.015;16,6;12,2;;;56;260;8;10;4;;
16726;1995;2;24;18;1.014,5;13,2;10,6;18;4,6;71;0;0;10;7;;
16726;1995;2;25;6;1.011;7,8;7,4;13,2;7;94;0;0;8;6;;
16726;1995;2;25;9;1.010;14,6;12,4;;;76;170;13;6;8;;
16726;1995;2;25;12;1.009;14,4;12;;;74;180;10;10;7;3,9;
16726;1995;2;25;15;1.008,4;12,8;11,6;;;86;210;5;8;8;0,8;
16726;1995;2;25;18;1.007,9;13,2;11,6;14,6;7,8;82;260;5;6;8;8,3;
16726;1995;2;26;6;1.009,7;7,8;7,6;13,2;7,8;97;30;6;0,6;1;10;
16726;1995;2;26;9;1.011;15,8;13,8;;;79;140;6;10;4;;
16726;1995;2;26;12;1.011,4;15,8;14;;;81;210;11;10;7;;
16726;1995;2;26;15;1.011,7;16;14,4;;;83;190;5;10;3;;
16726;1995;2;26;18;1.013;13,6;13;17,4;7,8;93;0;0;10;1;;
16726;1995;2;27;6;1.017,7;7,8;7,8;13,6;7,8;100;0;0;0,5;2;;
16726;1995;2;27;9;1.019,7;18;15,2;;;73;0;0;8;0;;
16726;1995;2;27;12;1.019,4;18,4;15,4;;;71;180;10;10;0;;
16726;1995;2;27;15;1.018,9;19;15,2;;;65;210;7;15;0;;
16726;1995;2;27;18;1.020,2;14,8;13,6;19;7,8;87;220;7;15;0;;
16726;1995;2;28;6;1.023;7,4;7,2;14,8;7,2;97;360;5;10;3;;
16726;1995;2;28;9;1.023,9;18;14,2;;;64;0;0;10;7;;
16726;1995;2;28;12;1.023,5;20,2;15;;;55;200;8;10;6;;
16726;1995;2;28;15;1.023,4;18,2;14,8;;;68;190;5;15;6;;
16726;1995;2;28;18;1.024;14,2;13,4;20,6;7,4;91;0;0;10;8;;
16726;1995;3;1;6;1.023,9;9,2;8,8;13;9;95;0;0;6;3;;
16726;1995;3;1;9;1.024,8;18;14;;;62;350;5;10;0;;
16726;1995;3;1;12;1.023,4;20,4;16,4;;;64;170;6;20;0;;
16726;1995;3;1;15;1.022,4;17,8;15;;;73;200;10;20;0;;
16726;1995;3;1;18;1.022,2;13,6;12,4;22;9,2;86;120;4;15;0;;
16726;1995;3;2;6;1.018,2;8;7,8;13,6;7,4;97;360;5;3;4;;
16726;1995;3;2;9;1.018;15;13;;;79;0;0;8;6;;
16726;1995;3;2;12;1.016,2;19;14,6;;;60;210;5;8;8;;
16726;1995;3;2;15;1.016,5;16,6;12,8;;;63;190;8;8;8;;
16726;1995;3;2;18;1.016,2;15;11,6;19;8;65;210;8;8;8;;
16726;1995;3;3;6;1.012,2;12,6;11,2;15,6;11;83;30;10;6;7;3,2;
16726;1995;3;3;9;1.013,5;13;11,4;;;81;30;5;8;5;2,9;
16726;1995;3;3;12;1.012,5;18;13,8;;;61;200;8;8;2;;
16726;1995;3;3;15;1.011,9;16,8;13;;;63;180;10;10;3;;
16726;1995;3;3;18;1.013;12,6;11;18,2;9,6;81;40;6;10;3;2,9;
16726;1995;3;4;6;1.016,2;7,2;6,8;12,6;5,6;94;350;5;8;6;;
16726;1995;3;4;9;1.016,5;14,8;12,2;;;72;0;0;8;1;;
16726;1995;3;4;12;1.015,7;16,6;12,8;;;63;190;9;8;3;;
16726;1995;3;4;15;1.014,5;16,2;13,8;;;75;190;10;10;3;;
16726;1995;3;4;18;1.016,2;13;11,6;17,2;7,2;84;0;0;8;1;;
16726;1995;3;5;6;1.012,7;9;8,4;13;8;92;170;9;8;3;;
16726;1995;3;5;9;1.012,4;16,2;14;;;77;190;15;10;7;;
16726;1995;3;5;12;1.009,7;16,8;14,2;;;74;170;25;10;7;;
16726;1995;3;5;15;1.008,2;11,8;10,4;;;83;320;6;6;8;7,2;
16726;1995;3;5;18;1.008;9,6;9,2;16,8;9;95;160;4;10;2;8,7;
16726;1995;3;6;6;1.004,7;6,8;6,6;9,6;6,8;97;10;5;10;6;11,9;
16726;1995;3;6;9;1.006;11,8;8,6;;;63;30;7;10;6;;
16726;1995;3;6;12;1.007;11,4;9,6;;;78;330;11;10;3;;
16726;1995;3;6;15;1.007,5;15,4;10;;;46;360;5;10;3;;
16726;1995;3;6;18;1.009;10;8;15,4;6,8;74;0;0;10;1;;
16726;1995;3;7;6;1.009,7;7,6;7,4;10;5;97;50;5;6;8;0,5;
16726;1995;3;7;9;1.010;9,8;9,6;;;97;0;0;4;8;6,8;
16726;1995;3;7;12;1.009,5;13,2;13;;;98;180;5;10;5;2,3;
16726;1995;3;7;15;1.009,5;16;13;;;69;210;6;10;6;;
16726;1995;3;7;18;1.011;13;11,4;16;7,2;81;20;7;10;6;9,1;
16726;1995;3;8;6;1.015;6,2;6;13;6;97;30;5;10;1;;
16726;1995;3;8;9;1.016,2;13,6;9,8;;;59;30;12;10;2;;
16726;1995;3;8;12;1.017;14,2;8,4;;;39;340;15;15;2;;
16726;1995;3;8;15;1.018;13,6;8,6;;;47;300;8;15;2;;
16726;1995;3;8;18;1.018,9;9;7,8;14,8;6,2;84;0;0;15;1;;
16726;1995;3;9;6;1.020;4;3,6;9;2,8;93;340;5;8;2;;
16726;1995;3;9;9;1.020,7;13,2;9;;;54;40;7;10;2;;
16726;1995;3;9;12;1.021,2;15,8;10,6;;;49;0;0;10;3;;
16726;1995;3;9;15;1.019;15,6;10;;;44;270;10;10;5;;
16726;1995;3;9;18;1.018,4;10,4;8,8;16,4;4;80;140;6;10;5;;
16726;1995;3;10;6;1.016,2;5,8;5,4;10,4;5,8;94;0;0;10;1;2,8;
16726;1995;3;10;9;1.016,7;13,8;9,8;;;57;30;10;10;0;;
16726;1995;3;10;12;1.016,2;15,6;10;;;44;360;12;20;2;;
16726;1995;3;10;15;1.015,4;15;10;;;49;340;11;20;2;;
16726;1995;3;10;18;1.016,5;10,2;8;15,6;5,8;72;30;8;20;0;;
16726;1995;3;11;6;1.018,5;5,4;4,6;10,2;4,5;88;350;5;1,6;0;;
16726;1995;3;11;9;1.019;15;10;;;49;0;0;10;2;;
16726;1995;3;11;12;1.019;16,8;11;;;45;240;10;10;3;;
16726;1995;3;11;15;1.018,7;13,4;11,4;;;77;0;0;10;7;;
16726;1995;3;11;18;1.019,9;10,8;8,6;16,8;5,4;73;20;10;10;7;0,3;
16726;1995;3;12;6;1.020,2;5,4;4,8;10,8;5,4;91;350;7;10;0;;
16726;1995;3;12;9;1.020,5;14,4;10;;;54;0;0;10;0;;
16726;1995;3;12;12;1.019;15,4;10,4;;;49;220;7;10;1;;
16726;1995;3;12;15;1.018;15;10,2;;;50;200;7;10;1;;
16726;1995;3;12;18;1.017,7;11,6;9,6;16;5,4;76;0;0;10;8;;
16726;1995;3;13;6;1.013;9;8;11,6;9;87;30;10;7;8;1,1;
16726;1995;3;13;9;1.011,5;13,6;10,2;;;62;330;5;8;8;;
16726;1995;3;13;12;1.010;17;12;;;52;180;5;10;8;;
16726;1995;3;13;15;1.006,4;12,8;10,8;;;77;310;10;5;8;1;
16726;1995;3;13;18;1.004,7;10;8,2;17;9;77;30;12;10;8;6,9;
16726;1995;3;14;6;999,7;8,2;7,4;10;8,2;89;360;12;2;8;2;
16726;1995;3;14;9;1.002;8,6;8,2;;;94;360;8;8;8;10;
16726;1995;3;14;12;1.000,7;14,6;11,6;;;68;360;7;10;7;0,3;
16726;1995;3;14;15;1.001,7;12,6;11,2;;;83;0;0;8;8;1,9;
16726;1995;3;14;18;1.002,7;12,8;12;14,6;7,5;91;200;12;6;7;16,2;
16726;1995;3;15;6;1.002;11,2;9,8;12,8;11;83;0;0;10;6;3,3;
16726;1995;3;15;9;1.004,2;13,4;10,8;;;71;30;8;8;7;3,9;
16726;1995;3;15;12;1.004,9;13,6;10,6;;;67;0;0;10;7;0,9;
16726;1995;3;15;15;1.004;12;10;;;76;290;15;5;7;0;
16726;1995;3;15;18;1.005,7;8,6;7,6;13,8;8,6;87;340;6;10;4;4,8;
16726;1995;3;16;6;1.012,5;4,6;4,4;8,6;4;97;30;6;10;1;;
16726;1995;3;16;9;1.013,5;12,4;9,6;;;68;360;5;10;2;;
16726;1995;3;16;12;1.014,4;16,2;9,2;;;33;360;5;10;1;;
16726;1995;3;16;15;1.013;15,6;10,4;;;47;360;8;10;3;;
16726;1995;3;16;18;1.015;10,2;7,2;16,2;4,6;62;20;9;10;3;;
16726;1995;3;17;6;1.016,2;6;5,4;10,2;3,4;91;0;0;10;8;;
16726;1995;3;17;9;1.017;13,6;10;;;61;0;0;10;5;;
16726;1995;3;17;12;1.016;15,8;11,6;;;58;180;7;10;5;;
16726;1995;3;17;15;1.015;14,2;11,6;;;72;180;5;10;7;;
16726;1995;3;17;18;1.015,2;11,8;11;15,8;6;90;30;6;10;7;;
16726;1995;3;18;6;1.015;7,2;6,6;11,8;6;91;330;6;8;0;;
16726;1995;3;18;9;1.015,9;16;11,6;;;56;0;0;10;0;;
16726;1995;3;18;12;1.015,4;16;12,4;;;63;190;7;10;2;;
16726;1995;3;18;15;1.014,4;16,4;12,2;;;58;240;5;15;2;;
16726;1995;3;18;18;1.015,2;13,2;10,2;17,2;7,2;66;30;11;10;2;;
16726;1995;3;19;6;1.017,5;5,2;4;17,2;4;81;340;5;10;0;;
16726;1995;3;19;9;1.018,2;15,2;11,2;;;58;30;10;10;0;;
16726;1995;3;19;12;1.017,2;17,4;13;;;58;240;6;10;0;;
16726;1995;3;19;15;1.016,2;17,6;13;;;56;30;10;10;0;;
16726;1995;3;19;18;1.016,7;13,6;11;17,6;5,2;71;30;13;10;1;;
16726;1995;3;20;6;1.015,7;10;9;13,6;7,6;87;0;0;10;5;;
16726;1995;3;20;9;1.016,2;16,8;13;;;63;230;5;10;3;;
16726;1995;3;20;12;1.015,7;15,8;13,4;;;75;180;12;10;5;;
16726;1995;3;20;15;1.014,2;16;13;;;69;200;8;10;3;;
16726;1995;3;20;18;1.014,5;13;11,6;18,6;10;84;210;4;10;2;;
16726;1995;3;21;6;1.012,7;8,6;8,4;13;7;97;0;0;5;3;;
16726;1995;3;21;9;1.013;16,8;13,8;;;70;170;9;10;4;;
16726;1995;3;21;12;1.013,2;18;12,4;;;48;330;10;10;2;;
16726;1995;3;21;15;1.012,4;16;10,4;;;44;330;10;10;5;;
16726;1995;3;21;18;1.014;11;7,8;18;8,6;61;0;0;10;5;;
16726;1995;3;22;6;1.015;4;3,4;11;2,6;90;0;0;10;2;;
16726;1995;3;22;9;1.014,5;11,4;8;;;60;30;7;10;7;;
16726;1995;3;22;12;1.015,4;12,2;8;;;52;200;7;10;8;;
16726;1995;3;22;15;1.015;12,6;9;;;59;0;0;10;4;;
16726;1995;3;22;18;1.015,7;8;6;13,2;3,2;72;30;7;10;4;;
16726;1995;3;23;6;1.016,5;8,6;4,8;8,6;4,2;51;30;8;10;5;;
16726;1995;3;23;9;1.017,5;12,4;6,8;;;38;60;15;15;3;;
16726;1995;3;23;12;1.017,4;14;7,4;;;31;60;20;15;6;;
16726;1995;3;23;15;1.017,7;13;7;;;35;60;15;15;2;;
16726;1995;3;23;18;1.019;9,2;4,6;14,2;8,4;42;90;15;15;2;;
16726;1995;3;24;6;1.018,4;5,6;3;9,2;3,8;61;340;8;10;5;;
16726;1995;3;24;9;1.019,4;11;7,2;;;54;340;8;15;3;;
16726;1995;3;24;12;1.019,9;10,4;6,4;;;50;230;10;20;4;;
16726;1995;3;24;15;1.021;10;7;;;62;290;8;8;7;0;
16726;1995;3;24;18;1.023;4,8;4,2;11,4;4,8;90;0;0;10;5;1,5;
16726;1995;3;25;6;1.025;0,6;-0,2;13;-1;86;330;5;8;0;;
16726;1995;3;25;9;1.025,4;11;6,4;;;45;0;0;10;2;;
16726;1995;3;25;12;1.024,1;13;7,4;;;38;30;10;10;6;;
16726;1995;3;25;15;1.022,5;13,4;8,2;;;44;30;10;10;4;;
16726;1995;3;25;18;1.022,5;9;6,6;14,4;0,6;69;30;5;10;2;;
16726;1995;3;26;6;1.022;4;3,2;14,4;2,4;87;360;5;10;0;;
16726;1995;3;26;9;1.021,5;15,2;11,2;;;58;0;0;10;0;;
16726;1995;3;26;12;1.019,7;18,4;13,6;;;56;210;5;10;2;;
16726;1995;3;26;15;1.018,5;18,4;13,8;;;57;270;10;10;2;;
16726;1995;3;26;18;1.019,7;13,2;11;18,8;4;75;20;5;10;2;;
16726;1995;3;27;6;1.018,7;6,6;6,4;13,2;5;97;340;5;8;5;;
16726;1995;3;27;9;1.018,5;16;12,8;;;68;180;8;8;3;;
16726;1995;3;27;12;1.018;18;14;;;62;190;13;10;3;;
16726;1995;3;27;15;1.015,5;17,4;13,4;;;61;260;5;10;2;;
16726;1995;3;27;18;1.015;12,8;11,2;18;6,6;81;0;0;10;2;;
16726;1995;3;28;6;1.010,5;12,8;12;12,8;10;91;180;5;8;1;;
16726;1995;3;28;9;1.010,2;18;13,8;;;61;180;12;10;1;;
16726;1995;3;28;12;1.008,5;18,4;14,4;;;62;180;17;10;1;;
16726;1995;3;28;15;1.006,4;17;13;;;61;190;13;10;8;;
16726;1995;3;28;18;1.004,2;15,8;12,4;18,4;12,8;65;180;12;10;7;;
16726;1995;3;29;6;1.005,7;11,6;8;15,8;9;58;30;13;10;4;;
16726;1995;3;29;9;1.007;13,6;8;;;40;340;12;10;3;;
16726;1995;3;29;12;1.006,9;14;9;;;47;30;15;10;5;;
16726;1995;3;29;15;1.006,4;13,4;8;;;42;30;12;15;2;;
16726;1995;3;29;18;1.008;8;6;14;7,6;72;0;0;10;2;;
16726;1995;3;30;6;1.005,2;11,6;11;11,6;4;93;150;10;5;8;1,7;
16726;1995;3;30;9;1.005,4;14,8;12,6;;;77;230;8;6;8;0,4;
16726;1995;3;30;12;1.005,7;15,6;13;;;73;220;8;3,6;7;0,6;
16726;1995;3;30;15;1.004,5;15,4;12,8;;;73;240;13;8;8;0,2;
16726;1995;3;30;18;1.005,7;12,4;10,6;15,6;11,6;79;180;5;8;7;1,2;
16726;1995;3;31;6;1.010,5;7;6,4;12,4;5,8;91;0;0;10;5;2,5;
16726;1995;3;31;9;1.011,7;11,6;8,8;;;67;160;5;10;6;0,5;
16726;1995;3;31;12;1.012;11,2;8,6;;;69;30;12;10;5;;
16726;1995;3;31;15;1.012,7;10,8;7,6;;;61;360;10;8;6;0;
16726;1995;3;31;18;1.014,4;8,4;7,2;12;7;83;150;4;10;4;0,7;
16726;1995;4;1;6;1.015,7;4,8;4,2;12;3,6;90;0;0;10;2;;
16726;1995;4;1;9;1.016,2;12;6,4;;;36;30;7;10;2;;
16726;1995;4;1;12;1.015;13;6,8;;;34;60;5;10;4;;
16726;1995;4;1;15;1.015;9,2;6,6;;;67;330;5;10;6;0,2;
16726;1995;4;1;18;1.016,2;6;4,4;14;4,8;76;330;5;10;4;0,2;
16726;1995;4;2;6;1.018,5;4,2;2;14;2,4;65;30;8;10;4;;
16726;1995;4;2;9;1.019;11,8;5,6;;;31;360;8;10;5;;
16726;1995;4;2;12;1.017,7;14;7,2;;;29;30;12;10;4;;
16726;1995;4;2;15;1.016,4;15,6;8,8;;;34;360;5;10;1;;
16726;1995;4;2;18;1.017,7;10;6,6;15,6;4,2;58;30;8;10;1;;
16726;1995;4;3;6;1.020,5;7;5,8;10;2,2;83;360;5;10;7;;
16726;1995;4;3;9;1.021;14,6;9,6;;;49;0;0;10;3;;
16726;1995;4;3;12;1.020,7;16,6;12;;;55;170;13;10;2;;
16726;1995;4;3;15;1.020;15,8;11,6;;;58;200;12;10;2;;
16726;1995;4;3;18;1.021,2;11,2;10;17;7;85;0;0;10;0;;
16726;1995;4;4;6;1.022,7;6,6;6,2;11,2;4,8;94;340;5;10;0;;
16726;1995;4;4;9;1.023,5;19,6;13;;;43;360;5;10;0;;
16726;1995;4;4;12;1.023;19,8;15,6;;;63;210;7;15;0;;
16726;1995;4;4;15;1.022,2;20;15;;;56;180;5;15;0;;
16726;1995;4;4;18;1.022,5;15,2;11,6;20;6,6;63;360;5;15;0;;
16726;1995;4;5;6;1.022,5;11;10;15,2;9,4;88;340;5;8;0;;
16726;1995;4;5;9;1.022,5;21;13;;;35;340;5;8;0;;
16726;1995;4;5;12;1.022,2;20,2;15,2;;;56;220;8;10;0;;
16726;1995;4;5;15;1.021,2;21;15,6;;;54;40;14;20;0;;
16726;1995;4;5;18;1.022;15,2;10,4;22;11;50;40;12;10;0;;
16726;1995;4;6;6;1.021,7;8,8;8,2;15,2;7;92;360;5;8;5;;
16726;1995;4;6;9;1.022;18,4;13,2;;;52;0;0;10;5;;
16726;1995;4;6;12;1.021,5;18;14,4;;;65;200;12;10;4;;
16726;1995;4;6;15;1.020,5;18;14;;;62;200;10;10;5;;
16726;1995;4;6;18;1.020,2;14,8;12,4;19,4;8,4;74;60;5;10;5;;
16726;1995;4;7;6;1.018;7,8;6,8;14,8;5,6;86;360;5;8;7;;
16726;1995;4;7;9;1.018,5;16,4;12;;;56;0;0;8;8;;
16726;1995;4;7;12;1.017;16,8;11,2;;;46;180;5;10;8;;
16726;1995;4;7;15;1.015;16;12;;;60;0;0;10;8;;
16726;1995;4;7;18;1.013,7;14,4;11,4;17;7,8;67;0;0;10;8;;
16726;1995;4;8;6;1.009,4;11;10,4;14,4;11;92;360;5;8;8;0,6;
16726;1995;4;8;9;1.007,9;16,2;12,4;;;61;0;0;8;8;;
16726;1995;4;8;12;1.006,7;15,4;12,2;;;66;200;8;10;8;;
16726;1995;4;8;15;1.005,4;16;13;;;69;0;0;10;8;;
16726;1995;4;8;18;1.005;13,2;11,2;17,4;11;77;20;8;10;3;;
16726;1995;4;9;6;1.002,5;9;8,8;13,2;7;97;360;5;8;8;;
16726;1995;4;9;9;1.002,5;15,8;13,2;;;73;150;10;8;7;;
16726;1995;4;9;12;1.002,5;19,4;13,2;;;45;360;12;10;6;;
16726;1995;4;9;15;1.003,4;16;10,2;;;43;360;10;10;5;;
16726;1995;4;9;18;1.005,7;12;6,8;19,4;9;42;360;8;10;5;;
16726;1995;4;10;6;1.010,9;5,4;3,4;12;3;69;340;4;10;0;;
16726;1995;4;10;9;1.012,7;12,8;6,4;;;30;340;10;10;0;;
16726;1995;4;10;12;1.013,2;15,4;7;;;19;320;10;10;0;;
16726;1995;4;10;15;1.013,5;15;8;;;30;340;10;10;0;;
16726;1995;4;10;18;1.015,4;10;6,2;15,4;5;52;30;10;10;0;;
16726;1995;4;11;6;1.017,7;5,2;4;10;2;81;340;5;10;0;;
16726;1995;4;11;9;1.017,7;15;9,2;;;41;0;0;10;0;;
16726;1995;4;11;12;1.018;15,4;9,8;;;44;190;10;15;6;;
16726;1995;4;11;15;1.017;14;9,2;;;49;180;10;15;6;;
16726;1995;4;11;18;1.016;11;8,8;15,4;2,4;73;0;0;10;8;;
16726;1995;4;12;6;1.013,7;6,2;5,6;11;4;91;340;5;8;0;;
16726;1995;4;12;9;1.013,4;14,6;10;;;52;170;5;10;2;;
16726;1995;4;12;12;1.012;14,2;10,6;;;62;210;10;10;8;;
16726;1995;4;12;15;1.011;15,2;10,8;;;55;180;5;10;7;;
16726;1995;4;12;18;1.011,7;9,8;8;15,6;4,2;77;0;0;10;6;0,1;
16726;1995;4;13;6;1.013,4;8;6,8;9,8;3,8;83;340;5;10;0;;
16726;1995;4;13;9;1.014,4;15,4;10,4;;;49;160;8;10;2;;
16726;1995;4;13;12;1.014,7;16;10,6;;;47;200;10;10;3;;
16726;1995;4;13;15;1.014,2;15,4;10,4;;;49;170;9;10;2;;
16726;1995;4;13;18;1.014,5;10,8;8,6;16,4;7,6;73;140;6;10;4;;
16726;1995;4;14;6;1.016;9,2;8,6;10,8;6,4;92;340;5;10;0;;
16726;1995;4;14;9;1.016,5;15,2;10,6;;;53;180;5;10;2;;
16726;1995;4;14;12;1.017,5;16,4;10,8;;;46;180;10;10;2;;
16726;1995;4;14;15;1.016,7;15,4;11;;;55;200;13;10;5;;
16726;1995;4;14;18;1.017,5;12;8,8;16,6;9;63;180;5;10;5;;
16726;1995;4;15;6;1.017,4;8;7,4;12;5,2;91;340;5;10;0;;
16726;1995;4;15;9;1.017,5;16,8;11,8;;;52;0;0;10;2;;
16726;1995;4;15;12;1.016,7;18;12,6;;;51;200;8;10;2;;
16726;1995;4;15;15;1.014,9;17;12,2;;;53;210;10;10;2;;
16726;1995;4;15;18;1.014,4;13,6;11,6;19,2;8;78;10;5;10;3;;
16726;1995;4;16;6;1.007,4;10,4;9,8;13,6;10,2;92;360;5;6;8;1;
16726;1995;4;16;9;1.007,7;10,8;10,4;;;95;30;5;4;8;6,8;
16726;1995;4;16;12;1.005;13;12,4;;;93;30;5;6;8;;
16726;1995;4;16;15;1.004,2;13;12,6;;;95;20;5;5;8;0,5;
16726;1995;4;16;18;1.003,7;11,4;11;13,4;10,4;95;20;5;6;8;7,3;
16726;1995;4;17;6;1.006,9;10;9,4;11,4;8,2;92;0;0;8;5;0,5;
16726;1995;4;17;9;1.007,7;16;12;;;60;0;0;10;4;;
16726;1995;4;17;12;1.006,9;18,8;12,4;;;42;320;7;10;4;;
16726;1995;4;17;15;1.006;16,6;12,6;;;61;30;10;10;4;;
16726;1995;4;17;18;1.006,2;13,8;10,4;18,8;10;62;30;15;10;6;;
16726;1995;4;18;6;1.009,7;8,2;7,6;13,8;6;92;360;5;10;7;;
16726;1995;4;18;9;1.010,4;16,6;11,6;;;52;30;10;10;3;;
16726;1995;4;18;12;1.010,9;16,2;10,8;;;47;360;12;10;3;;
16726;1995;4;18;15;1.010,9;17;11,2;;;45;360;10;10;3;;
16726;1995;4;18;18;1.011,9;13,6;10,2;17,6;8,2;62;20;6;10;2;;
16726;1995;4;19;6;1.013,7;8,8;7,8;13,6;6,2;87;340;5;10;0;;
16726;1995;4;19;9;1.014,4;17,8;11,6;;;44;30;10;10;0;;
16726;1995;4;19;12;1.014,5;19,2;13,8;;;52;200;8;10;0;;
16726;1995;4;19;15;1.014;19,2;13;;;45;180;10;10;0;;
16726;1995;4;19;18;1.014,5;14,6;11,8;19,2;8,8;70;30;10;10;0;;
16726;1995;4;20;6;1.014,9;10;9,2;14,6;7,2;90;340;5;6;5;;
16726;1995;4;20;9;1.015;19,6;13,2;;;44;0;0;10;3;;
16726;1995;4;20;12;1.015,7;18,6;13,4;;;52;210;13;10;3;;
16726;1995;4;20;15;1.014,5;18,6;13,2;;;51;210;8;10;2;;
16726;1995;4;20;18;1.015,2;14,2;12,2;19,6;10;78;0;0;10;3;;
16726;1995;4;21;6;1.016,7;9,2;8,6;14,2;5,4;92;360;4;10;0;;
16726;1995;4;21;9;1.017,7;20,8;13,6;;;41;210;5;10;0;;
16726;1995;4;21;12;1.018,4;20,6;15;;;52;200;10;10;0;;
16726;1995;4;21;15;1.018,4;19;13;;;46;180;8;10;0;;
16726;1995;4;21;18;1.019;13,8;12,2;21,6;9,2;82;0;0;10;0;;
16726;1995;4;22;6;1.019,2;10,8;8,8;13,8;6,4;75;360;5;10;0;;
16726;1995;4;22;9;1.019,5;22,2;14;;;35;200;5;10;0;;
16726;1995;4;22;12;1.019;23,2;14;;;30;200;8;10;0;;
16726;1995;4;22;15;1.018,2;21;13,8;;;41;210;5;10;0;;
16726;1995;4;22;18;1.018,5;16,4;12,8;23,2;10,8;64;0;0;10;0;;
16726;1995;4;23;6;1.017;12;9,6;16,4;7,6;72;0;0;10;6;;
16726;1995;4;23;9;1.017;20;14,2;;;49;0;0;10;8;;
16726;1995;4;23;12;1.015;22,6;14,8;;;39;160;8;10;8;;
16726;1995;4;23;15;1.014,2;22,2;15,6;;;47;200;5;10;8;;
16726;1995;4;23;18;1.014,4;17,4;14;23,2;12;67;160;6;10;8;;
16726;1995;4;24;6;1.012,7;14,6;13;17,4;12,8;83;0;0;10;6;;
16726;1995;4;24;9;1.011,7;20,4;15,2;;;55;200;5;10;5;;
16726;1995;4;24;12;1.012,2;21,4;15,8;;;53;210;10;10;1;;
16726;1995;4;24;15;1.011,7;20;15,6;;;61;210;8;10;4;;
16726;1995;4;24;18;1.012,2;16,2;13,2;21,8;14,6;69;0;0;10;2;;
16726;1995;4;25;6;1.011,4;14;12,4;16,2;10,6;82;0;0;10;7;;
16726;1995;4;25;9;1.011;20,8;14,8;;;49;180;5;10;7;;
16726;1995;4;25;12;1.009,4;20,2;15;;;55;0;0;10;7;;
16726;1995;4;25;15;1.004,4;21,2;15,4;;;51;0;0;10;7;;
16726;1995;4;25;18;1.005,4;20,4;15,2;21,8;14;55;220;10;10;6;;
16726;1995;4;26;6;1.010,2;14;12,4;20,4;10,8;82;0;0;8;2;;
16726;1995;4;26;9;1.011;18,8;13,8;;;55;190;7;10;3;;
16726;1995;4;26;12;1.011,9;20,4;13,2;;;39;270;10;10;2;;
16726;1995;4;26;15;1.011,7;19,8;13;;;41;300;10;10;3;;
16726;1995;4;26;18;1.012,2;15,2;12,2;20,4;14;68;280;8;10;5;;
16726;1995;4;27;6;1.012,5;12,2;11,2;15,2;8,2;88;0;0;8;1;;
16726;1995;4;27;9;1.013;18,6;14,2;;;59;180;8;8;2;;
16726;1995;4;27;12;1.012,5;19;13;;;46;260;15;10;7;;
16726;1995;4;27;15;1.011,5;18,8;13,4;;;51;40;15;10;6;;
16726;1995;4;27;18;1.012,5;14,6;11;20,4;12,2;62;30;8;10;3;;
16726;1995;4;28;6;1.012,7;11,2;9,6;14,6;6,4;81;340;6;10;0;;
16726;1995;4;28;9;1.014,2;19,8;13,6;;;47;0;0;10;0;;
16726;1995;4;28;12;1.014;21;15;;;49;180;7;10;2;;
16726;1995;4;28;15;1.013;22;14;;;36;230;8;10;0;;
16726;1995;4;28;18;1.013,2;17,4;11;22,4;11,2;41;60;10;10;0;;
16726;1995;4;29;6;1.014,2;15,6;11,4;17,4;10,8;57;0;0;6;4;;
16726;1995;4;29;9;1.014,5;21,2;13,4;;;36;200;7;10;5;;
16726;1995;4;29;12;1.014,9;23,2;13,8;;;30;180;8;10;0;;
16726;1995;4;29;15;1.014;19,8;15;;;57;210;7;10;6;;
16726;1995;4;29;18;1.015,2;16;12,8;23,2;15,6;68;150;5;10;7;;
16726;1995;4;30;6;1.014,5;12,4;10,2;16;9,2;74;0;0;10;5;;
16726;1995;4;30;9;1.014,7;23;14;;;31;180;5;10;5;;
16726;1995;4;30;12;1.013,7;23,8;15;;;34;180;10;10;4;;
16726;1995;4;30;15;1.013;22,2;15;;;42;180;15;10;3;;
16726;1995;4;30;18;1.013,4;17,4;14;23,8;12,4;67;0;0;10;6;;
16726;1995;5;1;6;1.011,4;14,8;13;17,4;12,8;80;30;5;10;8;;
16726;1995;5;1;9;1.012;17,8;14,4;;;67;30;13;10;8;;
16726;1995;5;1;12;1.011,9;16,4;14,8;;;83;30;5;10;8;0,7;
16726;1995;5;1;15;1.012,2;18;13,6;;;59;30;13;10;7;;
16726;1995;5;1;18;1.011,9;15,2;12,6;18;14,8;73;30;5;10;7;0,7;
16726;1995;5;2;6;1.012,5;14,6;11,8;15,2;10;70;0;0;10;6;;
16726;1995;5;2;9;1.013,5;19,4;14,4;;;55;210;5;10;6;;
16726;1995;5;2;12;1.013,7;21;14,6;;;47;190;10;10;6;;
16726;1995;5;2;15;1.013,2;18,6;14;;;57;180;8;10;7;;
16726;1995;5;2;18;1.014;16,2;14,4;21;14,6;81;0;0;10;6;0,2;
16726;1995;5;3;6;1.016,2;10;8,6;16,2;6,8;82;350;5;10;0;;
16726;1995;5;3;9;1.017,2;19,6;13,6;;;48;170;8;10;1;;
16726;1995;5;3;12;1.016,2;19,6;14,2;;;52;200;12;10;5;;
16726;1995;5;3;15;1.016,2;19;14,4;;;57;200;10;10;7;;
16726;1995;5;3;18;1.016,7;16,2;13,2;19,6;10;69;0;0;10;4;;
16726;1995;5;4;6;1.018,5;13;12,4;16,2;10,6;93;240;5;8;7;5,6;
16726;1995;5;4;9;1.018,9;16,6;14,4;;;77;180;9;10;5;;
16726;1995;5;4;12;1.018,7;13,2;10;;;64;220;12;6;6;1;
16726;1995;5;4;15;1.018,4;15,8;12,4;;;65;350;7;10;4;;
16726;1995;5;4;18;1.018;12,6;10;17;11,8;70;360;5;10;6;1;
16726;1995;5;5;6;1.018,2;10;8,4;13;7,8;79;0;0;8;3;;
16726;1995;5;5;9;1.017,4;17,8;11,4;;;41;20;4;10;5;;
16726;1995;5;5;12;1.016,5;17,8;13;;;55;160;8;10;5;;
16726;1995;5;5;15;1.015,2;16,8;12;;;53;0;0;10;7;;
16726;1995;5;5;18;1.015;13,2;10,8;18,6;10;73;360;4;10;7;;
16726;1995;5;6;6;1.013,5;10,6;9,6;13,8;6,8;88;330;5;8;0;;
16726;1995;5;6;9;1.013,7;18,4;12,8;;;49;0;0;8;2;;
16726;1995;5;6;12;1.012,5;20;15,4;;;59;180;10;10;6;;
16726;1995;5;6;15;1.014;14,6;11,6;;;68;0;0;10;7;0,9;
16726;1995;5;6;18;1.015,4;12,6;10,6;20,4;10,6;77;20;5;10;6;1,1;
16726;1995;5;7;6;1.020;10;8,6;13,6;6;82;30;4;8;0;;
16726;1995;5;7;9;1.020,7;18,4;13,2;;;52;0;0;10;0;;
16726;1995;5;7;12;1.020,4;19,4;14,2;;;53;210;8;15;2;;
16726;1995;5;7;15;1.019,9;21,4;15,2;;;48;210;5;15;1;;
16726;1995;5;7;18;1.020,7;17;13,6;22;10;67;360;8;10;0;;
16726;1995;5;8;6;1.022;13,4;11,8;17,4;10,2;82;0;0;8;0;;
16726;1995;5;8;9;1.022,5;22;14,8;;;42;30;5;10;0;;
16726;1995;5;8;12;1.021;22,6;16,4;;;50;190;8;10;0;;
16726;1995;5;8;15;1.020,4;23;16,8;;;51;160;5;10;0;;
16726;1995;5;8;18;1.020,7;17,4;15,2;24,2;13,4;78;180;5;10;0;;
16726;1995;5;9;6;1.020,2;14;12,2;18;9,2;80;20;5;8;2;;
16726;1995;5;9;9;1.019,7;23,2;14;;;30;0;0;10;5;;
16726;1995;5;9;12;1.018,2;25,6;15,8;;;30;30;10;10;4;;
16726;1995;5;9;15;1.017,5;20,6;13,6;;;42;30;11;10;6;;
16726;1995;5;9;18;1.016,7;17,2;11,8;25,6;14;49;40;6;10;0;;
16726;1995;5;10;6;1.015,9;13;10;19,4;7;66;340;5;8;0;;
16726;1995;5;10;9;1.015,2;20,8;13,8;;;42;220;5;10;0;;
16726;1995;5;10;12;1.014;22;15;;;43;210;8;10;0;;
16726;1995;5;10;15;1.012,7;21;17;;;65;220;6;10;0;;
16726;1995;5;10;18;1.012,5;17,8;16;23,4;12,8;82;0;0;10;0;;
16726;1995;5;11;6;1.012,7;13,6;12,2;19;9,8;84;0;0;8;6;;
16726;1995;5;11;9;1.012,7;25,4;16,4;;;35;0;0;10;2;;
16726;1995;5;11;12;1.013;24,4;15,4;;;33;200;8;10;3;;
16726;1995;5;11;15;1.012,2;22,2;16;;;50;140;12;10;5;;
16726;1995;5;11;18;1.012,2;18,8;15,6;27,8;13,6;70;0;0;10;3;;
16726;1995;5;12;6;1.012,4;15,4;12,8;18,8;12;73;20;6;10;7;;
16726;1995;5;12;9;1.013,4;24;15,4;;;35;280;5;10;5;;
16726;1995;5;12;12;1.010,5;26,6;16;;;28;220;15;10;3;;
16726;1995;5;12;15;1.010,5;22,4;15,4;;;43;220;13;10;5;;
16726;1995;5;12;18;1.010,7;20;14,6;28;15,4;53;0;0;10;2;;
16726;1995;5;13;6;1.011;20;16,4;23;18;67;200;12;8;8;;
16726;1995;5;13;9;1.011;22,8;18,4;;;63;180;15;6;8;0;
16726;1995;5;13;12;1.010;24,8;18,6;;;53;200;15;6;7;;
16726;1995;5;13;15;1.009,7;21;18;;;73;210;12;8;8;;
16726;1995;5;13;18;1.010,5;19,2;17,6;26;19,2;85;0;0;6;6;0;
16726;1995;5;14;6;1.012,7;14,6;13,2;20,4;9,6;85;0;0;8;2;;
16726;1995;5;14;9;1.013,2;21,2;16,2;;;57;220;5;10;2;;
16726;1995;5;14;12;1.012,2;22,8;15,6;;;44;280;15;10;3;;
16726;1995;5;14;15;1.012,7;20,8;14,2;;;44;360;10;10;2;;
16726;1995;5;14;18;1.014,4;16,2;12;23,8;14,6;58;0;0;10;2;;
16726;1995;5;15;6;1.015,4;15;11,4;16,2;9;62;30;7;10;0;;
16726;1995;5;15;9;1.015,5;20,2;13,2;;;40;50;10;10;3;;
16726;1995;5;15;12;1.014,9;20,2;13;;;39;360;10;10;3;;
16726;1995;5;15;15;1.014,2;20,8;13,4;;;38;40;14;20;2;;
16726;1995;5;15;18;1.014,7;16,6;12,8;22,6;15;63;30;12;10;1;;
16726;1995;5;16;6;1.017;16,2;12,4;17,2;9,6;61;20;7;10;0;;
16726;1995;5;16;9;1.018,2;21;13,4;;;37;160;7;10;2;;
16726;1995;5;16;12;1.018;22;15;;;43;200;10;10;2;;
16726;1995;5;16;15;1.017,7;20,6;15;;;52;200;13;10;2;;
16726;1995;5;16;18;1.017,7;18;13,6;23;16;59;0;0;10;2;;
16726;1995;5;17;6;1.017,7;15,8;11,6;18,4;10;58;50;5;10;3;;
16726;1995;5;17;9;1.018;20,8;15;;;51;190;10;10;0;;
16726;1995;5;17;12;1.017,5;20,8;15,8;;;57;220;12;10;0;;
16726;1995;5;17;15;1.017;19,6;16,2;;;69;190;12;10;3;;
16726;1995;5;17;18;1.016,2;17,4;15,6;22,2;15,6;82;0;0;10;2;;
16726;1995;5;18;6;1.013;15,4;13,4;17,4;10,8;79;0;0;8;2;;
16726;1995;5;18;9;1.012,2;22,8;15;;;39;200;8;10;4;;
16726;1995;5;18;12;1.011,9;23,6;15;;;35;200;10;10;4;;
16726;1995;5;18;15;1.011;22,8;15,6;;;44;210;7;10;2;;
16726;1995;5;18;18;1.011;18,6;15,8;24,5;15,4;74;0;0;10;2;;
16726;1995;5;19;6;1.011;15;12;19;9,4;68;0;0;8;6;;
16726;1995;5;19;9;1.010,7;24,4;15;;;31;0;0;10;6;;
16726;1995;5;19;12;1.010,5;23,8;16;;;41;200;10;10;0;;
16726;1995;5;19;15;1.010,2;23,4;17;;;50;210;8;10;0;;
16726;1995;5;19;18;1.010,7;21,4;14;25,8;14,4;40;30;12;10;0;;
16726;1995;5;20;6;1.012;15,8;13,6;21,6;11,4;77;0;0;10;4;;
16726;1995;5;20;9;1.012,2;23,8;17,4;;;50;150;5;10;4;;
16726;1995;5;20;12;1.012,7;25;17,4;;;43;210;6;10;4;;
16726;1995;5;20;15;1.012,4;22,2;18,2;;;66;210;10;10;4;;
16726;1995;5;20;18;1.012,7;19;17,6;26,5;11;87;0;0;10;2;0;
16726;1995;5;21;6;1.011,5;17,4;16;20,5;11;86;30;8;10;7;0;
16726;1995;5;21;9;1.011,9;20;18,2;;;83;180;5;10;7;;
16726;1995;5;21;12;1.011,2;20,6;16,4;;;63;230;7;8;7;0,5;
16726;1995;5;21;15;1.010,5;21,4;17,4;;;65;0;0;10;7;;
16726;1995;5;21;18;1.011;20,6;16,6;22,5;17,4;65;280;5;10;7;0,5;
16726;1995;5;22;6;1.011,2;17;16,2;20,8;15,6;92;0;0;6;6;;
16726;1995;5;22;9;1.011,9;21,6;18,2;;;70;180;5;10;5;;
16726;1995;5;22;12;1.011,9;22,2;19;;;73;200;11;10;2;;
16726;1995;5;22;15;1.011,4;22,6;18,2;;;63;200;9;10;2;;
16726;1995;5;22;18;1.012,2;19;14,8;24,5;17;62;20;12;10;2;;
16726;1995;5;23;6;1.014,4;17;14;19;14;70;20;12;10;1;;
16726;1995;5;23;9;1.015;22;15;;;43;330;12;10;2;;
16726;1995;5;23;12;1.013,7;24;16,6;;;44;20;10;10;2;;
16726;1995;5;23;15;1.013,7;23,8;15,8;;;40;30;15;10;4;;
16726;1995;5;23;18;1.014,4;18,8;15;24,8;17;65;30;8;10;3;;
16726;1995;5;23;21;1.015,5;15,8;13,4;;;75;20;5;10;2;;
16726;1995;5;24;0;1.014,7;15,8;13,2;;;73;30;15;10;2;;
16726;1995;5;24;3;1.014,4;15;12,8;;;77;20;12;10;0;;
16726;1995;5;24;6;1.015,4;18,4;14,2;19;15;61;20;13;10;0;;
16726;1995;5;24;9;1.015,2;24,2;16,6;;;43;40;8;10;0;;
16726;1995;5;24;12;1.014,7;23,4;17;;;50;200;10;10;0;;
16726;1995;5;24;15;1.014,5;24,2;16,2;;;40;210;11;10;0;;
16726;1995;5;24;18;1.014,9;20;16,6;27;18,4;70;0;0;10;0;;
16726;1995;5;24;21;1.015,5;15;13;;;79;340;5;10;0;;
16726;1995;5;25;0;1.015;13;11,6;;;84;340;7;10;0;;
16726;1995;5;25;3;1.014;15,4;12,4;;;68;20;10;10;0;;
16726;1995;5;25;6;1.014,7;20;14;20;12,6;48;20;10;10;0;;
16726;1995;5;25;9;1.014,9;25;17;;;41;200;6;10;0;;
16726;1995;5;25;12;1.014,2;24,6;18;;;50;200;10;15;0;;
16726;1995;5;25;15;1.014,4;25;15,6;;;33;240;8;10;0;;
16726;1995;5;25;18;1.014,4;21,6;15,2;25,8;19,8;47;350;5;10;2;;
16726;1995;5;25;21;1.014,5;16,8;14,8;;;80;350;6;10;2;;
16726;1995;5;26;0;1.014,2;14,2;12,2;;;78;350;7;10;2;;
16726;1995;5;26;3;1.013,7;12,8;10,4;;;72;350;4;10;0;;
16726;1995;5;26;6;1.014,9;19;15;21,6;12,8;63;0;0;10;0;;
16726;1995;5;26;9;1.015,2;24,6;17,6;;;48;210;5;15;0;;
16726;1995;5;26;12;1.014,9;26,6;17,2;;;35;210;10;10;0;;
16726;1995;5;26;15;1.014,4;26,8;16,8;;;32;170;8;10;0;;
16726;1995;5;26;18;1.014,5;21,8;17,2;27,6;15,4;61;200;4;10;0;;
16726;1995;5;26;21;1.015,5;17,4;14;;;67;350;5;10;0;;
16726;1995;5;27;0;1.015;14;12;;;78;0;0;10;0;;
16726;1995;5;27;3;1.014,5;15;12;;;68;10;6;10;0;;
16726;1995;5;27;6;1.014,9;21;16,4;22,2;14;60;20;5;8;0;;
16726;1995;5;27;9;1.014,5;26,4;19,2;;;48;210;8;10;0;;
16726;1995;5;27;12;1.014;27,4;17,4;;;32;210;10;10;1;;
16726;1995;5;27;15;1.013,7;24;19,4;;;63;190;5;10;0;;
16726;1995;5;27;18;1.014,4;20,8;18,4;28,8;20,8;78;0;0;10;0;;
16726;1995;5;27;21;1.015;16,4;15,4;;;89;340;5;10;0;;
16726;1995;5;28;0;1.014,5;14,6;13,8;;;91;0;0;10;0;;
16726;1995;5;28;3;1.014;12,2;11,8;;;95;0;0;10;0;;
16726;1995;5;28;6;1.013,7;18;15,8;21,8;11,6;79;0;0;8;0;;
16726;1995;5;28;9;1.014,4;24;19,2;;;62;200;7;8;0;;
16726;1995;5;28;12;1.014,2;26,8;18;;;39;200;10;10;1;;
16726;1995;5;28;15;1.014;26,2;19;;;48;200;10;10;1;;
16726;1995;5;28;18;1.014,2;21,4;18,6;28;18;76;180;4;10;2;;
16726;1995;5;28;21;1.014,9;16,6;15,8;;;92;0;0;10;0;;
16726;1995;5;29;0;1.014,4;14,8;14,2;;;93;320;5;10;0;;
16726;1995;5;29;3;1.014;13;12,4;;;93;0;0;10;0;;
16726;1995;5;29;6;1.014,5;20;16,8;21,4;12,6;71;360;5;8;0;;
16726;1995;5;29;9;1.015;26;19;;;49;190;5;10;0;;
16726;1995;5;29;12;1.014;28;19;;;39;180;10;10;6;;
16726;1995;5;29;15;1.013,5;24,4;19,2;;;59;210;5;10;7;;
16726;1995;5;29;18;1.013,4;21,6;19,4;28,8;20;80;250;4;8;6;;
16726;1995;5;29;21;1.014;19,4;18,8;;;94;0;0;10;3;;
16726;1995;5;30;0;1.013,2;17,6;17;;;94;300;3;10;0;;
16726;1995;5;30;3;1.012,5;16;15,4;;;93;340;5;8;6;;
16726;1995;5;30;6;1.013;19,4;17,4;21,6;15,8;81;0;0;8;6;;
16726;1995;5;30;9;1.013;25,8;18,8;;;49;180;7;10;4;;
16726;1995;5;30;12;1.012,7;26,8;18,4;;;41;180;10;10;4;;
16726;1995;5;30;15;1.012;25,2;18,8;;;52;130;8;10;7;;
16726;1995;5;30;18;1.011,7;24;17,6;27,2;19,4;51;30;15;10;5;;
16726;1995;5;30;21;1.013;19,4;16,2;;;70;340;5;10;4;;
16726;1995;5;31;0;1.012,5;17,4;15,2;;;78;20;5;10;0;;
16726;1995;5;31;3;1.011,7;16,2;14,6;;;83;360;6;10;0;;
16726;1995;5;31;6;1.012,7;20;17,2;24;15,8;74;360;5;8;0;;
16726;1995;5;31;9;1.012,5;25,2;20,2;;;61;160;10;10;0;;
16726;1995;5;31;12;1.012,5;26;21;;;62;190;12;10;2;;
16726;1995;5;31;15;1.012,2;26;20;;;55;200;12;10;5;;
16726;1995;5;31;18;1.012,4;22,8;18,2;27;20;62;0;0;10;3;;
16726;1995;5;31;21;1.012,7;17,4;15,2;;;78;0;0;10;2;;
16726;1995;6;1;0;1.012;14,4;13,2;;;87;10;4;10;2;;
16726;1995;6;1;3;1.011,7;12,8;12;;;91;20;5;10;0;;
16726;1995;6;1;6;1.012,7;18,2;15,8;19,6;12,6;77;0;0;10;0;;
16726;1995;6;1;9;1.013;27,6;19,4;;;43;190;6;10;0;;
16726;1995;6;1;12;1.011,7;27;19,2;;;45;220;10;10;0;;
16726;1995;6;1;15;1.011,7;26;18,2;;;43;200;7;10;0;;
16726;1995;6;1;18;1.011,7;22,4;17,6;28,4;18,2;61;270;7;10;0;;
16726;1995;6;1;21;1.012,2;16,2;14,2;;;79;0;0;10;0;;
16726;1995;6;2;0;1.012,2;14,2;12,2;;;78;340;3;10;0;;
16726;1995;6;2;3;1.011,2;13,2;11,2;;;77;360;6;10;0;;
16726;1995;6;2;6;1.011;19,4;15;22,4;12,6;60;360;5;10;0;;
16726;1995;6;2;9;1.012,4;26,4;17,4;;;36;210;7;10;0;;
16726;1995;6;2;12;1.012;27,4;18,8;;;41;210;8;10;1;;
16726;1995;6;2;15;1.011,7;26,6;18,6;;;44;40;19;10;2;;
16726;1995;6;2;18;1.013,2;21,4;17,2;28,2;19,4;64;30;13;10;1;;
16726;1995;6;2;21;1.014,5;17,4;15,8;;;84;360;5;10;0;;
16726;1995;6;3;0;1.014,2;15,8;15;;;91;360;7;10;0;;
16726;1995;6;3;3;1.014,7;15,4;14,6;;;91;20;6;10;0;;
16726;1995;6;3;6;1.014,7;20;16;21,4;15,4;64;30;12;10;0;;
16726;1995;6;3;9;1.014,5;25,4;17;;;39;360;12;10;0;;
16726;1995;6;3;12;1.014,2;27,8;18,8;;;39;30;17;10;0;;
16726;1995;6;3;15;1.014,5;26,8;17,8;;;38;40;22;10;1;;
16726;1995;6;3;18;1.014,9;22,2;16,8;28;20;56;30;16;10;0;;
16726;1995;6;3;21;1.015,9;19,6;16,8;;;74;20;12;10;0;;
16726;1995;6;4;0;1.015,5;16,8;15;;;82;350;6;10;0;;
16726;1995;6;4;3;1.014,7;17;14;;;70;20;12;10;0;;
16726;1995;6;4;6;1.015,4;21;16,4;22,6;15,4;60;30;5;10;3;;
16726;1995;6;4;9;1.015,5;24,2;18,4;;;54;220;5;10;5;;
16726;1995;6;4;12;1.015,9;26;17,8;;;41;200;10;10;0;;
16726;1995;6;4;15;1.015;27;19,4;;;46;270;5;10;2;;
16726;1995;6;4;18;1.014,4;25;16,8;29,2;21;40;40;12;10;4;;
16726;1995;6;4;21;1.014,9;20,6;16,4;;;63;30;10;10;0;;
16726;1995;6;5;0;1.014,5;17;14,6;;;76;360;6;10;0;;
16726;1995;6;5;3;1.014;15;13;;;79;360;6;10;3;;
16726;1995;6;5;6;1.014;21,8;16,4;25;14,6;54;20;8;10;5;;
16726;1995;6;5;9;1.014,5;26,2;17,8;;;41;30;10;10;7;;
16726;1995;6;5;12;1.014,5;29;17,8;;;30;10;7;10;5;;
16726;1995;6;5;15;1.013,2;26;20;;;55;210;8;10;1;;
16726;1995;6;5;18;1.013,2;23,2;19,4;32;21,8;68;0;0;10;0;;
16726;1995;6;5;21;1.013,7;21,4;15,6;;;52;20;12;10;0;;
16726;1995;6;6;0;1.013;17,2;14;;;68;350;10;10;0;;
16726;1995;6;6;3;1.012,2;15;12,6;;;75;360;7;10;0;;
16726;1995;6;6;6;1.012,5;21,6;16;23,2;14,6;53;350;6;10;0;;
16726;1995;6;6;9;1.013,5;26,4;19,2;;;48;200;8;10;6;;
16726;1995;6;6;12;1.013,4;27,8;18,6;;;38;210;7;10;4;;
16726;1995;6;6;15;1.012,2;27,2;17,8;;;36;220;5;10;6;;
16726;1995;6;6;18;1.011,9;24,4;17,8;29;21,6;50;0;0;10;2;;
16726;1995;6;6;21;1.012,2;20;15;;;56;350;8;10;2;;
16726;1995;6;7;0;1.011,5;18,4;14,2;;;61;10;9;10;4;;
16726;1995;6;7;3;1.011,4;16,2;12,8;;;66;10;7;10;0;;
16726;1995;6;7;6;1.011,4;22,4;16,4;24,4;15,4;51;20;6;10;0;;
16726;1995;6;7;9;1.011,7;29,8;20;;;36;340;8;10;7;;
16726;1995;6;7;12;1.011;31,4;18,4;;;23;350;8;10;6;;
16726;1995;6;7;15;1.010,7;28,4;16,6;;;25;20;12;10;5;;
16726;1995;6;7;18;1.010,5;24,6;14,6;31,6;22,4;29;20;12;10;2;;
16726;1995;6;7;21;1.011,2;18,2;14;;;61;10;7;10;0;;
16726;1995;6;8;0;1.011,2;14,8;12,6;;;77;360;5;10;0;;
16726;1995;6;8;3;1.010,9;14;12,2;;;80;350;6;10;2;;
16726;1995;6;8;6;1.011,4;20,4;17,6;24,6;14;75;360;5;10;0;;
16726;1995;6;8;9;1.011,5;27,6;19,6;;;45;160;9;10;0;;
16726;1995;6;8;12;1.011;29;18,2;;;30;340;12;10;3;;
16726;1995;6;8;15;1.011;28,4;17,6;;;30;350;13;10;3;;
16726;1995;6;8;18;1.010,9;24;16,2;30;20,4;41;20;10;10;4;;
16726;1995;6;8;21;1.012;20,6;15,8;;;58;30;8;10;3;;
16726;1995;6;9;0;1.012,2;19,2;15;;;62;330;5;10;6;;
16726;1995;6;9;3;1.012,2;19,4;15,6;;;66;20;10;10;6;;
16726;1995;6;9;6;1.013,5;21,8;16,4;24,4;19;54;30;11;10;0;;
16726;1995;6;9;9;1.012,7;26,4;18;;;41;210;7;10;3;;
16726;1995;6;9;12;1.013,7;24,8;16,6;;;40;180;10;10;4;;
16726;1995;6;9;15;1.013;25,2;17,2;;;41;210;12;10;2;;
16726;1995;6;9;18;1.013,7;21;19;27,8;21;82;190;4;10;3;;
16726;1995;6;9;21;1.014,7;18,2;16,4;;;82;30;6;10;2;;
16726;1995;6;10;0;1.013,5;15,6;14,4;;;87;20;5;10;0;;
16726;1995;6;10;3;1.012,4;14,4;13,2;;;87;350;6;10;2;;
16726;1995;6;10;6;1.012,7;19,4;16,4;21;14,4;72;0;0;8;4;;
16726;1995;6;10;9;1.013;26,8;18,4;;;41;0;0;10;3;;
16726;1995;6;10;12;1.012,5;29,2;18,8;;;33;200;8;10;1;;
16726;1995;6;10;15;1.011,9;27,4;19,4;;;44;200;10;10;1;;
16726;1995;6;10;18;1.012,2;23,6;19;29,4;19,4;63;190;6;10;0;;
16726;1995;6;10;21;1.012,7;19,2;17;;;79;20;4;10;0;;
16726;1995;6;11;0;1.012,4;16;14,6;;;85;20;4;10;0;;
16726;1995;6;11;3;1.011,9;14,8;13,4;;;85;350;6;10;0;;
16726;1995;6;11;6;1.012,2;20,4;17,2;23,6;14,6;71;0;0;10;1;;
16726;1995;6;11;9;1.012,4;26,2;19,6;;;52;210;7;10;0;;
16726;1995;6;11;12;1.011;30;18,4;;;28;220;7;10;0;;
16726;1995;6;11;15;1.012,2;26,6;19;;;46;270;11;10;6;;
16726;1995;6;11;18;1.010,4;20,6;18,6;31;20,4;82;0;0;10;4;0,6;
16726;1995;6;11;21;1.011;18,4;16,6;;;83;10;6;10;2;;
16726;1995;6;12;0;1.010,9;16,8;15;;;82;350;6;10;4;;
16726;1995;6;12;3;1.009,5;16,2;15,2;;;89;40;4;10;5;0,4;
16726;1995;6;12;6;1.010,2;21;18,2;21;16,2;75;20;4;10;4;0,4;
16726;1995;6;12;9;1.009,7;29,2;21;;;45;0;0;10;4;;
16726;1995;6;12;12;1.010;31,2;21;;;38;220;11;10;2;;
16726;1995;6;12;15;1.009,7;29,2;19,8;;;39;230;12;10;5;;
16726;1995;6;12;18;1.010,5;26;19;31,6;21;49;180;6;10;0;;
16726;1995;6;12;21;1.011,9;20,6;18,2;;;78;0;0;10;0;;
16726;1995;6;13;0;1.011,4;17,2;15,8;;;86;0;0;10;2;;
16726;1995;6;13;3;1.010,2;19,2;17;;;79;20;8;10;5;;
16726;1995;6;13;6;1.010,7;23,6;19;26;17,2;63;0;0;10;0;;
16726;1995;6;13;9;1.010;31,6;21,6;;;39;0;0;10;3;;
16726;1995;6;13;12;1.008;34,4;22,4;;;32;210;6;10;6;;
16726;1995;6;13;15;1.010,7;25;20;;;61;50;5;10;8;1,2;
16726;1995;6;13;18;1.008,2;26;21;35;18,4;62;20;6;10;2;1,2;
16726;1995;6;13;21;1.008,2;21,4;17,6;;;67;360;7;10;0;;
16726;1995;6;14;0;1.008,2;19,8;16,4;;;69;360;6;10;0;;
16726;1995;6;14;3;1.007;18,8;15,2;;;66;0;0;10;0;;
16726;1995;6;14;6;1.007,4;23;19;26;17,6;67;0;0;10;0;;
16726;1995;6;14;9;1.007,5;30,4;20,8;;;39;240;4;10;0;;
16726;1995;6;14;12;1.007,2;28,8;20,8;;;46;210;12;10;0;;
16726;1995;6;14;15;1.006,5;30;21,4;;;43;200;8;10;0;;
16726;1995;6;14;18;1.006,9;28,2;20;30,4;23;44;30;12;10;0;;
16726;1995;6;14;21;1.008,2;24;19,6;;;65;30;17;10;0;;
16726;1995;6;15;0;1.007,9;22,6;18,4;;;65;30;15;10;0;;
16726;1995;6;15;3;1.008;22;17,8;;;65;40;12;10;0;;
16726;1995;6;15;6;1.009;24,2;19,4;30,2;21,2;62;50;6;10;0;;
16726;1995;6;15;9;1.008,7;28;21,6;;;55;180;7;10;0;;
16726;1995;6;15;12;1.008,7;28;22,4;;;59;180;8;10;0;;
16726;1995;6;15;15;1.008,2;30;21,4;;;43;40;20;10;3;;
16726;1995;6;15;18;1.009;25,8;19;30;20,2;50;30;18;10;0;;
16726;1995;6;15;21;1.010,4;22,8;19,2;;;70;360;10;10;0;;
16726;1995;6;16;0;1.010;22;19;;;74;30;13;10;2;;
16726;1995;6;16;3;1.009,7;21,4;17,8;;;69;20;10;10;5;;
16726;1995;6;16;6;1.010,2;24,2;19,6;26;20,6;64;360;8;10;0;;
16726;1995;6;16;9;1.011;28;21;;;51;190;6;10;0;;
16726;1995;6;16;12;1.011,4;28,2;22,2;;;57;220;10;10;2;;
16726;1995;6;16;15;1.010,7;31,2;19,6;;;31;30;20;10;6;;
16726;1995;6;16;18;1.010,5;27,6;18,6;32;24,2;39;40;17;10;2;;
16726;1995;6;16;21;1.011,5;24,8;17,2;;;43;20;10;10;0;;
16726;1995;6;17;0;1.011;20;15,4;;;59;360;9;10;0;;
16726;1995;6;17;3;1.010,5;20,4;14,8;;;52;360;10;10;0;;
16726;1995;6;17;6;1.011;25,4;17;28;18,6;39;30;15;10;0;;
16726;1995;6;17;9;1.010,9;31,2;20,2;;;32;30;10;10;0;;
16726;1995;6;17;12;1.010,5;30,2;21,2;;;42;140;8;10;2;;
16726;1995;6;17;15;1.010;32;18,6;;;24;30;15;10;3;;
16726;1995;6;17;18;1.010,2;26,4;17,8;34;25,4;40;30;15;10;4;;
16726;1995;6;17;21;1.011;21,2;16,8;;;62;350;7;10;2;;
16726;1995;6;18;0;1.010,5;19,6;17;;;76;20;12;10;0;;
16726;1995;6;18;3;1.010,4;18;16,6;;;86;350;6;10;0;;
16726;1995;6;18;6;1.010,9;22;17,6;26,4;18;63;360;6;10;4;;
16726;1995;6;18;9;1.010,9;29,4;19,4;;;35;30;15;10;2;;
16726;1995;6;18;12;1.010;31;21,8;;;42;220;8;10;2;;
16726;1995;6;18;15;1.010;30;21,4;;;43;40;17;10;5;;
16726;1995;6;18;18;1.010;25,4;17,4;32,8;22;41;20;12;10;2;;
16726;1995;6;18;21;1.011;22,4;17,6;;;61;360;5;10;0;;
16726;1995;6;19;0;1.011,2;18;15,6;;;77;360;7;10;0;;
16726;1995;6;19;3;1.011,4;17,4;14,8;;;74;360;8;10;0;;
16726;1995;6;19;6;1.012,7;23;18;25,4;16,4;59;360;6;10;1;;
16726;1995;6;19;9;1.013,5;28,6;18;;;32;0;0;10;0;;
16726;1995;6;19;12;1.013;29,2;19;;;35;190;10;10;1;;
16726;1995;6;19;15;1.012,5;28,8;17,4;;;26;40;15;10;1;;
16726;1995;6;19;18;1.013,2;23,4;18;30,6;23;57;30;16;10;0;;
16726;1995;6;19;21;1.014,4;21,2;17,2;;;65;30;8;10;0;;
16726;1995;6;20;0;1.015;16,8;15,2;;;83;0;0;10;0;;
16726;1995;6;20;3;1.014,7;15,4;14,2;;;87;360;3;10;0;;
16726;1995;6;20;6;1.016,7;21;18,2;24;15;75;0;0;8;0;;
16726;1995;6;20;9;1.017,2;26,6;20;;;52;180;6;10;0;;
16726;1995;6;20;12;1.017,2;28,2;20,2;;;45;200;12;10;2;;
16726;1995;6;20;15;1.017;28,4;20,2;;;44;180;10;10;2;;
16726;1995;6;20;18;1.018;25,8;19,6;31;21;54;30;5;10;2;;
16726;1995;6;20;21;1.019;21,6;16,6;;;58;340;5;10;2;;
16726;1995;6;21;0;1.019,4;18,4;15,6;;;74;0;0;10;0;;
16726;1995;6;21;3;1.019;17;14,8;;;78;30;4;10;0;;
16726;1995;6;21;6;1.020,2;23,8;18,4;26,5;16;57;120;3;8;0;;
16726;1995;6;21;9;1.020;29;21;;;46;210;6;10;0;;
16726;1995;6;21;12;1.019,4;29,2;20,6;;;43;210;10;10;0;;
16726;1995;6;21;15;1.018,7;29,4;20,8;;;43;180;10;10;1;;
16726;1995;6;21;18;1.018,4;24,2;20,4;30,5;23,8;69;220;4;10;0;;
16726;1995;6;21;21;1.018,5;20,6;19,4;;;89;0;0;10;0;;
16726;1995;6;22;0;1.016,5;17,4;16;;;86;360;5;10;0;;
16726;1995;6;22;3;1.015,9;15,2;13,8;;;85;0;0;10;0;;
16726;1995;6;22;6;1.015;21,6;17,4;24,2;15,2;64;330;4;10;0;;
16726;1995;6;22;9;1.014;31,2;19,4;;;28;90;6;10;0;;
16726;1995;6;22;12;1.013;30;20;;;36;200;9;10;0;;
16726;1995;6;22;15;1.011;31;18,4;;;23;50;15;10;0;;
16726;1995;6;22;18;1.010,9;26,2;17,8;31,4;21,6;41;50;16;10;0;;
16726;1995;6;22;21;1.011,2;22;18;;;66;30;11;10;0;;
16726;1995;6;23;0;1.010,5;18;16;;;80;360;10;10;0;;
16726;1995;6;23;3;1.009,5;16,4;15,4;;;89;360;6;10;0;;
16726;1995;6;23;6;1.009,4;21,6;18,6;26,2;16,2;74;350;6;10;0;;
16726;1995;6;23;9;1.009;30,6;19,2;;;29;40;5;10;0;;
16726;1995;6;23;12;1.008,4;29,8;21,2;;;43;210;12;10;0;;
16726;1995;6;23;15;1.008,2;29;20;;;40;280;6;10;2;;
16726;1995;6;23;18;1.009,2;25,4;21;31,4;21,6;66;40;10;10;0;;
16726;1995;6;23;21;1.010,5;21,6;19,4;;;80;20;5;10;0;;
16726;1995;6;24;0;1.010,2;18,6;17,8;;;92;350;5;10;0;;
16726;1995;6;24;3;1.009,5;17,6;16;;;84;350;6;10;0;;
16726;1995;6;24;6;1.010;22,4;18,2;25,4;17,2;65;360;5;8;0;;
16726;1995;6;24;9;1.010,7;27,6;20,6;;;51;180;5;10;0;;
16726;1995;6;24;12;1.010,9;28,6;20,4;;;44;200;10;10;0;;
16726;1995;6;24;15;1.010,4;29,6;21,4;;;45;200;8;10;0;;
16726;1995;6;24;18;1.011;24,4;20,6;31,8;22,4;70;150;5;10;0;;
16726;1995;6;24;21;1.011,7;20,4;18;;;78;350;5;10;0;;
16726;1995;6;25;0;1.011,7;17,2;14,2;;;70;20;5;10;0;;
16726;1995;6;25;3;1.010,5;16,8;13,4;;;66;360;5;10;0;;
16726;1995;6;25;6;1.010,7;22,4;16,8;24,4;16,8;54;350;7;8;0;;
16726;1995;6;25;9;1.011,4;31;21,6;;;41;200;7;10;0;;
16726;1995;6;25;12;1.011,7;29,8;21,6;;;46;220;10;10;0;;
16726;1995;6;25;15;1.011,5;31,2;21,6;;;40;220;5;10;0;;
16726;1995;6;25;18;1.011,4;26;20,6;33,2;22,4;60;0;0;10;0;;
16726;1995;6;25;21;1.012,5;25,8;19,4;;;52;30;11;10;0;;
16726;1995;6;26;0;1.011,5;23;17,6;;;57;10;9;10;0;;
16726;1995;6;26;3;1.011;21;16,2;;;58;350;8;10;0;;
16726;1995;6;26;6;1.011,4;25;20;26;21;61;360;6;10;0;;
16726;1995;6;26;9;1.011,9;35,6;23;;;30;0;0;10;0;;
16726;1995;6;26;12;1.012,2;33,6;20,4;;;26;210;10;10;3;;
16726;1995;6;26;15;1.011,7;36;22;;;26;260;5;10;0;;
16726;1995;6;26;18;1.011,7;28,8;22,2;36,6;25;54;180;5;10;0;;
16726;1995;6;26;21;1.012,4;23,6;17,6;;;53;360;5;10;0;;
16726;1995;6;27;0;1.011,5;20,2;16,8;;;70;0;0;10;0;;
16726;1995;6;27;3;1.010;19,8;16,6;;;71;330;5;10;0;;
16726;1995;6;27;6;1.009,5;23,2;18,6;29;19;63;360;4;10;5;;
16726;1995;6;27;9;1.008,7;31;21;;;38;0;0;10;2;;
16726;1995;6;27;12;1.007;30,2;20,8;;;40;210;9;10;3;;
16726;1995;6;27;15;1.005,5;30,2;21,2;;;42;140;9;10;0;;
16726;1995;6;27;18;1.005;26,6;19,2;32;23,2;47;30;15;10;0;;
16726;1995;6;27;21;1.006,2;25;18,6;;;52;30;12;10;0;;
16726;1995;6;28;0;1.005,7;21,4;17,8;;;69;360;7;10;0;;
16726;1995;6;28;3;1.005,2;19;16;;;72;360;8;10;0;;
16726;1995;6;28;6;1.006,2;23,2;18,6;27;18,6;63;360;6;10;0;;
16726;1995;6;28;9;1.006;27,4;21;;;54;180;10;10;0;;
16726;1995;6;28;12;1.005,2;29,4;20,8;;;43;210;8;10;0;;
16726;1995;6;28;15;1.004,7;31;20;;;32;20;16;10;0;;
16726;1995;6;28;18;1.005,5;25,6;18;32,8;19,6;44;40;12;10;0;;
16726;1995;6;28;21;1.007,4;21,6;18;;;69;350;5;10;0;;
16726;1995;6;29;0;1.007;21,2;17,2;;;65;30;10;10;0;;
16726;1995;6;29;3;1.007;19,8;16,2;;;67;30;8;10;0;;
16726;1995;6;29;6;1.007,9;23,4;18;25,6;17,4;57;20;5;10;0;;
16726;1995;6;29;9;1.008,7;29;20;;;40;40;8;10;0;;
16726;1995;6;29;12;1.008,7;30,8;20,2;;;34;30;12;10;0;;
16726;1995;6;29;15;1.008,5;31,6;20,2;;;31;350;10;10;0;;
16726;1995;6;29;18;1.009,4;26,8;19,4;32,6;23,4;47;30;15;10;0;;
16726;1995;6;29;21;1.011;23,4;19;;;64;20;10;10;0;;
16726;1995;6;30;0;1.010,7;20,6;18,4;;;80;360;7;10;0;;
16726;1995;6;30;3;1.010,4;18;16,8;;;88;350;7;10;0;;
16726;1995;6;30;6;1.010,7;24;18,6;26,8;18;58;20;5;10;0;;
16726;1995;6;30;9;1.012,2;27,8;20;;;46;160;5;10;1;;
16726;1995;6;30;12;1.010,7;29;20,2;;;41;210;8;10;1;;
16726;1995;6;30;15;1.009,7;30,8;21,8;;;43;210;4;10;0;;
16726;1995;6;30;18;1.009,7;27,2;19,4;31,2;24;45;30;12;10;0;;
16726;1995;6;30;21;1.010,7;24,8;18,6;;;53;20;9;10;0;;
16726;1995;7;1;0;1.010,2;20;17,6;;;78;350;7;10;0;;
16726;1995;7;1;3;1.009,7;19;17,4;;;84;350;6;10;0;;
16726;1995;7;1;6;1.010;22,8;19,2;25,4;18,6;70;0;0;10;1;;
16726;1995;7;1;9;1.009,7;26,8;20,8;;;56;200;10;10;2;;
16726;1995;7;1;12;1.009,2;27,6;21,2;;;54;200;15;10;2;;
16726;1995;7;1;15;1.009,7;28,2;20,8;;;49;0;0;10;6;;
16726;1995;7;1;18;1.009,2;25;18,2;29,2;22,8;49;20;9;10;4;;
16726;1995;7;1;21;1.010;22,4;17,6;;;61;20;7;10;0;;
16726;1995;7;2;0;1.009,7;18,8;16,4;;;77;350;6;10;0;;
16726;1995;7;2;3;1.009,7;16,6;15;;;83;10;7;10;0;;
16726;1995;7;2;6;1.009,7;22,8;17,8;25;16,6;59;20;8;10;0;;
16726;1995;7;2;9;1.008,7;31;19,8;;;32;30;12;10;0;;
16726;1995;7;2;12;1.008,7;28,6;21,4;;;50;210;8;10;3;;
16726;1995;7;2;15;1.008,2;30;21,2;;;43;220;8;10;3;;
16726;1995;7;2;18;1.008,7;26;21,6;33,2;22,8;67;250;6;10;2;;
16726;1995;7;2;21;1.009,7;22,8;18,2;;;62;0;0;10;0;;
16726;1995;7;3;0;1.009,4;19,2;16,8;;;78;360;8;10;0;;
16726;1995;7;3;3;1.009,4;18,2;16;;;79;0;0;10;0;;
16726;1995;7;3;6;1.009,5;22,8;18,6;26;17,6;66;0;0;8;0;;
16726;1995;7;3;9;1.009,4;30,4;22,4;;;47;210;12;10;0;;
16726;1995;7;3;12;1.009,4;31;21;;;38;210;10;10;2;;
16726;1995;7;3;15;1.009,7;31;23,4;;;50;160;8;10;2;;
16726;1995;7;3;18;1.010,5;29,2;18,4;33,4;22,8;30;30;15;10;5;;
16726;1995;7;3;21;1.011,7;23,4;18,2;;;58;330;5;10;0;;
16726;1995;7;4;0;1.012,2;19,4;16,4;;;72;350;4;10;0;;
16726;1995;7;4;3;1.012,2;19;16,2;;;74;330;5;10;0;;
16726;1995;7;4;6;1.013;23,6;18,4;29,2;18,8;58;340;4;10;0;;
16726;1995;7;4;9;1.014;28,8;20,6;;;45;220;6;10;0;;
16726;1995;7;4;12;1.014,2;29,6;20,6;;;42;210;11;10;0;;
16726;1995;7;4;15;1.014;28,4;22,6;;;59;210;6;10;0;;
16726;1995;7;4;18;1.014;28,2;18,4;30,8;23,6;33;20;10;10;0;;
16726;1995;7;4;21;1.014,9;23,8;17,2;;;48;30;9;10;0;;
16726;1995;7;5;0;1.014,4;20,8;15,6;;;56;350;5;10;0;;
16726;1995;7;5;3;1.013,2;19,2;15;;;62;350;7;10;0;;
16726;1995;7;5;6;1.014,4;25,6;18,6;28,8;19,2;49;360;5;10;0;;
16726;1995;7;5;9;1.013,5;35,6;21;;;22;50;5;10;0;;
16726;1995;7;5;12;1.012,7;34,4;22,8;;;34;180;6;10;0;;
16726;1995;7;5;15;1.011,2;35,4;18,8;;;14;30;10;10;0;;
16726;1995;7;5;18;1.011,5;29,8;16;36;19,4;17;20;12;10;0;;
16726;1995;7;5;21;1.012,2;24,4;15,2;;;32;10;8;10;0;;
16726;1995;7;6;0;1.011;22,4;15,6;;;46;10;5;10;0;;
16726;1995;7;6;3;1.010,7;18;14,4;;;65;0;0;10;0;;
16726;1995;7;6;6;1.012,7;22,4;17,4;29,8;17,2;58;0;0;4;0;;
16726;1995;7;6;9;1.012;31,8;21;;;34;0;0;4;4;;
16726;1995;7;6;12;1.012,2;33,8;20,6;;;27;210;10;10;4;;
16726;1995;7;6;15;1.011,4;30,8;21,8;;;43;190;8;10;3;;
16726;1995;7;6;18;1.011;26,2;21,2;34,2;22,4;62;150;6;10;0;;
16726;1995;7;6;21;1.011,7;21,4;19,2;;;80;360;5;10;0;;
16726;1995;7;7;0;1.010;18,8;17;;;83;350;4;10;0;;
16726;1995;7;7;3;1.009;16,8;15,2;;;83;360;4;10;0;;
16726;1995;7;7;6;1.009,5;23;18,2;27,6;16,8;61;0;0;6;0;;
16726;1995;7;7;9;1.009,4;30,4;20,8;;;39;150;8;8;0;;
16726;1995;7;7;12;1.009,5;28,8;22;;;53;180;10;10;0;;
16726;1995;7;7;15;1.008,7;33,4;20;;;26;30;10;10;0;;
16726;1995;7;7;18;1.009,4;27,4;20,6;33,6;13,2;52;40;20;10;0;;
16726;1995;7;7;21;1.011;23,8;20,8;;;75;40;16;10;0;;
16726;1995;7;8;0;1.010,5;22;19,6;;;79;40;13;10;0;;
16726;1995;7;8;3;1.010;21,4;18,6;;;76;40;13;10;0;;
16726;1995;7;8;6;1.010,9;23,6;19,8;27,6;21;69;40;15;10;0;;
16726;1995;7;8;9;1.011,2;29;21,6;;;50;30;6;10;2;;
16726;1995;7;8;12;1.010,7;28,4;21,6;;;53;210;12;10;3;;
16726;1995;7;8;15;1.010,5;27,4;20,8;;;53;50;22;10;4;;
16726;1995;7;8;18;1.011,2;25;19,4;30,6;23,6;57;360;7;10;2;;
16726;1995;7;8;21;1.013,2;22,6;19,8;;;76;180;5;10;2;;
16726;1995;7;9;0;1.013,7;19,4;17,6;;;83;0;0;10;1;;
16726;1995;7;9;3;1.013,7;19,2;15;;;62;40;6;10;0;;
16726;1995;7;9;6;1.014;22;17;25;17,8;58;350;4;10;0;;
16726;1995;7;9;9;1.014;29;17,8;;;30;20;15;10;1;;
16726;1995;7;9;12;1.012,7;28,8;19,2;;;37;210;11;10;2;;
16726;1995;7;9;15;1.012,5;28,8;19;;;35;210;12;10;2;;
16726;1995;7;9;18;1.013;26;17,8;31,8;22;41;40;11;10;2;;
16726;1995;7;9;21;1.013,7;21,4;17,4;;;65;360;5;10;0;;
16726;1995;7;10;0;1.012,5;18,6;16,2;;;77;20;4;10;0;;
16726;1995;7;10;3;1.011,4;15,8;14;;;81;350;5;10;0;;
16726;1995;7;10;6;1.011;20,8;16,8;26,4;15,4;65;360;4;10;0;;
16726;1995;7;10;9;1.010,7;30;20;;;36;40;7;10;1;;
16726;1995;7;10;12;1.009,7;28,4;19,8;;;42;210;15;10;3;;
16726;1995;7;10;15;1.008,7;26,6;20,8;;;57;200;13;10;2;;
16726;1995;7;10;18;1.009,2;23,6;21,4;31,6;20,8;81;0;0;10;0;;
16726;1995;7;10;21;1.009,7;19,8;19;;;92;0;0;10;0;;
16726;1995;7;11;0;1.008,7;18,2;17,4;;;92;0;0;10;0;;
16726;1995;7;11;3;1.007,7;16,6;15,6;;;90;350;7;10;0;;
16726;1995;7;11;6;1.008,4;21,2;17,8;23,6;16,6;70;0;0;10;0;;
16726;1995;7;11;9;1.008;30,8;19,8;;;32;20;5;10;0;;
16726;1995;7;11;12;1.008;29,8;20,4;;;39;210;12;10;2;;
16726;1995;7;11;15;1.007,2;29,6;21,4;;;45;190;10;10;4;;
16726;1995;7;11;18;1.008,2;25,8;21,6;32;21,2;68;0;0;10;3;;
16726;1995;7;11;21;1.008,4;23;18;;;59;360;6;10;0;;
16726;1995;7;12;0;1.008,4;20,2;16,6;;;68;360;5;10;0;;
16726;1995;7;12;3;1.008,4;17,2;14,8;;;76;350;5;10;0;;
16726;1995;7;12;6;1.008,4;23;18,8;26,4;17,2;66;350;5;8;0;;
16726;1995;7;12;9;1.009;29,4;20,4;;;40;190;8;10;0;;
16726;1995;7;12;12;1.009,2;27,8;21,4;;;54;220;15;10;2;;
16726;1995;7;12;15;1.008,5;28,6;21,4;;;50;210;14;10;2;;
16726;1995;7;12;18;1.009,7;24,8;22,2;31;23;79;290;5;10;0;;
16726;1995;7;12;21;1.010,5;21,4;20,6;;;93;20;5;10;0;;
16726;1995;7;13;0;1.010,5;19,4;18,4;;;90;350;5;10;0;;
16726;1995;7;13;3;1.010,5;17,8;16,8;;;90;350;5;10;0;;
16726;1995;7;13;6;1.011;22,4;19,2;24,8;17,8;73;0;0;8;0;;
16726;1995;7;13;9;1.011,7;28;20,6;;;49;180;5;8;2;;
16726;1995;7;13;12;1.010,7;29,8;21,8;;;47;210;12;10;5;;
16726;1995;7;13;15;1.012,5;22;20,4;;;86;20;7;10;7;3;
16726;1995;7;13;18;1.011,5;24;20;30,6;21,2;68;20;7;10;2;3;
16726;1995;7;13;21;1.012,2;21,6;18;;;69;10;8;10;0;;
16726;1995;7;14;0;1.011,9;20,4;17;;;70;20;10;10;0;;
16726;1995;7;14;3;1.011,7;19;16,6;;;78;360;8;10;0;;
16726;1995;7;14;6;1.011,7;23,6;19,6;24;16,4;68;360;3;8;0;;
16726;1995;7;14;9;1.011,7;31,4;20,4;;;32;0;0;10;0;;
16726;1995;7;14;12;1.011,4;29,6;20,8;;;43;210;12;10;3;;
16726;1995;7;14;15;1.011;30;21,6;;;45;200;8;10;3;;
16726;1995;7;14;18;1.011;25,6;22,2;32;23,6;73;0;0;10;0;;
16726;1995;7;14;21;1.011,9;22;21;;;91;10;5;10;0;;
16726;1995;7;15;0;1.011;20,2;19;;;89;360;6;10;0;;
16726;1995;7;15;3;1.010,7;19;17,8;;;88;0;0;10;0;;
16726;1995;7;15;6;1.010,7;24;20,8;25,6;18,4;74;340;4;8;0;;
16726;1995;7;15;9;1.010,7;27,8;22;;;58;180;8;10;0;;
16726;1995;7;15;12;1.010;30;23;;;53;210;8;10;3;;
16726;1995;7;15;15;1.009,7;32;22;;;39;40;15;10;3;;
16726;1995;7;15;18;1.009;26,6;22,8;32,8;24;71;0;0;10;0;;
16726;1995;7;15;21;1.009,5;24,2;21,4;;;77;350;6;10;0;;
16726;1995;7;16;0;1.009;21,2;19,8;;;87;350;8;10;0;;
16726;1995;7;16;3;1.008,2;19,4;17,4;;;81;350;6;10;0;;
16726;1995;7;16;6;1.008;23,8;20;32,2;18,6;69;360;7;10;0;;
16726;1995;7;16;9;1.007,9;29,2;22;;;51;190;10;10;0;;
16726;1995;7;16;12;1.007,9;30,2;21,6;;;45;210;12;10;2;;
16726;1995;7;16;15;1.007,5;30,8;20,8;;;38;180;10;10;3;;
16726;1995;7;16;18;1.007,2;27,2;21,8;32,2;23,8;61;0;0;10;3;;
16726;1995;7;16;21;1.008;23;19,6;;;72;320;4;10;0;;
16726;1995;7;17;0;1.007,2;21,4;19,4;;;82;340;6;10;0;;
16726;1995;7;17;3;1.007;20,4;18,6;;;84;350;4;10;0;;
16726;1995;7;17;6;1.007,5;24,2;21;27,2;20,4;74;330;4;8;0;;
16726;1995;7;17;9;1.007,7;29;22;;;52;200;8;8;2;;
16726;1995;7;17;12;1.007,7;30,4;23;;;51;210;12;8;4;;
16726;1995;7;17;15;1.007,7;30;22,4;;;49;220;7;10;3;;
16726;1995;7;17;18;1.008,2;26,8;23;32;24,2;71;0;0;10;0;;
16726;1995;7;17;21;1.009,2;24,2;20,6;;;71;360;8;10;0;;
16726;1995;7;18;0;1.009,2;23,2;20,4;;;76;360;8;10;0;;
16726;1995;7;18;3;1.009;21;19,2;;;84;350;6;10;0;;
16726;1995;7;18;6;1.009,2;26,8;20,8;26,8;20,2;56;60;6;10;0;;
16726;1995;7;18;9;1.010;30,6;22,6;;;48;180;8;10;1;;
16726;1995;7;18;12;1.010;30,2;23,8;;;57;210;12;10;3;;
16726;1995;7;18;15;1.009;31,4;21,8;;;40;190;12;10;1;;
16726;1995;7;18;18;1.010;28,2;21,8;32;26,8;55;30;10;10;0;;
16726;1995;7;18;21;1.010,5;23,4;20,4;;;75;350;7;10;2;;
16726;1995;7;19;0;1.010;21;19,2;;;84;0;0;10;0;;
16726;1995;7;19;3;1.010;18,8;17,6;;;88;20;5;10;0;;
16726;1995;7;19;6;1.010,2;23;20;28,2;18,4;75;340;4;8;0;;
16726;1995;7;19;9;1.010,7;29,6;22,6;;;53;180;6;10;1;;
16726;1995;7;19;12;1.010;29,8;23;;;54;190;13;10;2;;
16726;1995;7;19;15;1.010,7;27,6;20,2;;;48;20;12;10;6;;
16726;1995;7;19;18;1.010,4;24;20;31;23;68;20;5;10;5;;
16726;1995;7;19;21;1.011;20,8;19;;;84;350;4;10;0;;
16726;1995;7;20;0;1.010,7;20,2;18,2;;;81;360;6;10;0;;
16726;1995;7;20;3;1.010,2;20;17,6;;;78;0;0;10;0;;
16726;1995;7;20;6;1.010,7;25;19,8;25,4;19;60;20;7;8;0;;
16726;1995;7;20;9;1.010,5;31;21,6;;;41;330;5;8;1;;
16726;1995;7;20;12;1.010,2;30,6;22,8;;;49;230;10;10;3;;
16726;1995;7;20;15;1.010;30,4;22;;;45;190;10;10;4;;
16726;1995;7;20;18;1.010,4;26,6;23;32;18,8;72;0;0;10;1;;
16726;1995;7;20;21;1.011,2;26,2;18,4;;;43;350;7;10;0;;
16726;1995;7;21;0;1.010,9;22,4;18;;;63;0;0;10;0;;
16726;1995;7;21;3;1.010,5;20,2;17;;;71;70;6;10;0;;
16726;1995;7;21;6;1.010,7;27,2;19,8;27,2;20,2;48;40;4;10;0;;
16726;1995;7;21;9;1.011;32,8;20,8;;;30;60;17;10;0;;
16726;1995;7;21;12;1.010,2;35,2;21,6;;;26;90;10;10;0;;
16726;1995;7;21;15;1.010,2;31,6;22,2;;;41;210;5;10;2;;
16726;1995;7;21;18;1.010,7;30,2;19;36,4;27,2;31;90;15;10;0;;
16726;1995;7;21;21;1.011,7;27,2;17,6;;;35;60;12;10;0;;
16726;1995;7;22;0;1.011,5;22,2;17;;;57;350;4;10;0;;
16726;1995;7;22;3;1.010,7;23,8;17,2;;;48;20;8;10;0;;
16726;1995;7;22;6;1.010,9;25,6;19,4;30,4;22,2;53;350;5;10;0;;
16726;1995;7;22;9;1.009,5;31,4;19,8;;;31;20;15;10;0;;
16726;1995;7;22;12;1.008,5;31,6;21,2;;;36;210;13;10;0;;
16726;1995;7;22;15;1.008,2;30,2;22;;;46;190;15;10;0;;
16726;1995;7;22;18;1.009,2;25,6;22,2;34,6;22,4;73;210;5;10;0;;
16726;1995;7;22;21;1.009,7;21,8;20,4;;;87;20;4;10;0;;
16726;1995;7;23;0;1.009,2;19,2;18,6;;;94;350;4;10;0;;
16726;1995;7;23;3;1.009;18,4;17,8;;;94;0;0;10;0;;
16726;1995;7;23;6;1.009,4;21;19,6;25,6;17,2;87;0;0;6;0;;
16726;1995;7;23;9;1.009,5;27,8;22,4;;;61;200;7;8;1;;
16726;1995;7;23;12;1.009;29;23,2;;;59;200;13;10;1;;
16726;1995;7;23;15;1.008,7;29,2;23;;;57;200;13;10;3;;
16726;1995;7;23;18;1.009,2;26,4;22;30;21;67;190;6;10;1;;
16726;1995;7;23;21;1.011;21,8;19,4;;;79;0;0;10;0;;
16726;1995;7;24;0;1.010,5;20,6;18,8;;;84;0;0;10;0;;
16726;1995;7;24;3;1.010,5;17,6;16,2;;;86;20;5;10;0;;
16726;1995;7;24;6;1.010,5;22,2;17,8;26,4;17;63;10;5;8;0;;
16726;1995;7;24;9;1.010,5;28,4;21,6;;;53;200;8;10;0;;
16726;1995;7;24;12;1.010,2;30;22,2;;;48;190;14;10;1;;
16726;1995;7;24;15;1.010;29,8;21,4;;;44;170;14;10;0;;
16726;1995;7;24;18;1.010,7;26;22;31;22,2;69;200;8;10;0;;
16726;1995;7;24;21;1.011,9;21,6;20;;;86;20;4;10;0;;
16726;1995;7;25;0;1.011;18,8;18;;;92;20;4;10;0;;
16726;1995;7;25;3;1.010,2;18,4;17,4;;;90;0;0;10;0;;
16726;1995;7;25;6;1.010,7;26;19,4;27,4;18,4;51;20;7;10;0;;
16726;1995;7;25;9;1.010,7;29,6;22;;;49;60;8;10;0;;
16726;1995;7;25;12;1.010,5;32;23,4;;;46;160;10;10;1;;
16726;1995;7;25;15;1.010,9;30;23,4;;;55;180;15;10;2;;
16726;1995;7;25;18;1.011,9;26,8;22,2;36;26;65;150;6;10;0;;
16726;1995;7;25;21;1.012,5;22,6;20,4;;;81;0;0;10;0;;
16726;1995;7;26;0;1.012,5;20,4;19;;;87;30;5;10;0;;
16726;1995;7;26;3;1.012,2;18,8;17,6;;;88;0;0;10;0;;
16726;1995;7;26;6;1.012,2;24,8;18,4;26,8;18,6;51;20;8;10;0;;
16726;1995;7;26;9;1.012,2;34;21,6;;;32;180;8;10;0;;
16726;1995;7;26;12;1.012;33,2;23,2;;;40;170;10;10;2;;
16726;1995;7;26;15;1.011,5;33,6;22,2;;;33;180;8;10;4;;
16726;1995;7;26;18;1.012,2;27,8;23,2;35,2;24,8;66;0;0;10;6;;
16726;1995;7;26;21;1.013;24,2;22,8;;;88;0;0;10;0;;
16726;1995;7;27;0;1.013,2;20,6;19,2;;;87;360;5;10;0;;
16726;1995;7;27;3;1.012,5;18;17;;;90;0;0;10;0;;
16726;1995;7;27;6;1.012,4;23,4;19,6;27,8;17,6;69;10;6;8;0;;
16726;1995;7;27;9;1.011,7;31;22,6;;;47;170;9;10;0;;
16726;1995;7;27;12;1.011,4;33,8;22;;;32;200;13;;2;;
16726;1995;7;27;15;1.010,5;33;22,8;;;40;180;13;10;3;;
16726;1995;7;27;18;1.011,2;29;20,2;34,4;23,4;41;110;14;10;4;0,5;
16726;1995;7;27;21;1.012,5;24;19;;;60;20;6;10;0;;
16726;1995;7;28;0;1.012,2;22,8;18,8;;;67;70;6;10;0;;
16726;1995;7;28;3;1.011,4;20,2;17,4;;;74;360;6;10;0;;
16726;1995;7;28;6;1.011,5;25;20,4;29,2;20,2;64;20;5;8;0;;
16726;1995;7;28;9;1.011,7;31;23;;;48;180;10;8;0;;
16726;1995;7;28;12;1.011,7;30,2;24,2;;;59;190;14;10;2;;
16726;1995;7;28;15;1.010,7;30,4;23,6;;;55;170;14;10;3;;
16726;1995;7;28;18;1.011;27,4;23,6;32,2;25;72;170;8;10;5;;
16726;1995;7;28;21;1.011,9;24;23,4;;;95;0;0;10;2;;
16726;1995;7;29;0;1.011,4;22;21,4;;;95;350;5;10;1;;
16726;1995;7;29;3;1.010,4;20,4;20;;;96;360;4;10;0;;
16726;1995;7;29;6;1.010,7;23;21;27,4;20,4;83;0;0;6;1;;
16726;1995;7;29;9;1.011;30,8;23;;;49;150;4;8;0;;
16726;1995;7;29;12;1.010,5;30,6;24,2;;;57;190;10;10;3;;
16726;1995;7;29;15;1.010,4;29,6;24,6;;;65;160;12;10;1;;
16726;1995;7;29;18;1.010,5;27,6;22,6;32;23;64;170;6;10;1;;
16726;1995;7;29;21;1.011;23,2;20,6;;;78;0;0;10;0;;
16726;1995;7;30;0;1.010;21,2;19,8;;;87;360;5;10;0;;
16726;1995;7;30;3;1.009,4;19;18,2;;;92;350;5;10;0;;
16726;1995;7;30;6;1.009,5;22,6;19,2;27,6;19;71;0;0;8;0;;
16726;1995;7;30;9;1.010;29,6;21,4;;;45;220;6;10;3;;
16726;1995;7;30;12;1.010;30,6;21,6;;;43;180;10;10;1;;
16726;1995;7;30;15;1.009,2;30;21,4;;;43;190;13;10;0;;
16726;1995;7;30;18;1.009;26,4;22;31,2;22,6;67;170;6;10;0;;
16726;1995;7;30;21;1.009,7;22;20,4;;;86;0;0;10;0;;
16726;1995;7;31;0;1.009,7;19,8;18,4;;;87;360;6;10;0;;
16726;1995;7;31;3;1.009,7;18,4;17,4;;;90;350;4;10;0;;
16726;1995;7;31;6;1.009,5;21,4;18,8;32;18,4;77;360;5;8;0;;
16726;1995;7;31;9;1.009,2;30;21;;;42;210;6;6;0;;
16726;1995;7;31;12;1.009,7;30,2;21,2;;;42;200;10;10;1;;
16726;1995;7;31;15;1.009,2;29,6;22,2;;;50;180;13;10;1;;
16726;1995;7;31;18;1.009,7;26,4;21,6;31,4;15,8;64;150;8;10;0;;
16726;1995;7;31;21;1.010,5;22,2;19,6;;;78;20;4;10;0;;
16726;1995;8;1;0;1.010,2;19,8;18,8;;;91;340;4;10;0;;
16726;1995;8;1;3;1.010,5;19;18;;;90;350;6;10;0;;
16726;1995;8;1;6;1.011;22,2;19,8;22,2;19;79;20;4;6;0;;
16726;1995;8;1;9;1.010,9;30;22;;;47;180;8;8;0;;
16726;1995;8;1;12;1.011;30;23,6;;;57;190;12;8;3;;
16726;1995;8;1;15;1.011;29,2;23,4;;;59;170;12;10;2;;
16726;1995;8;1;18;1.010,9;27,4;23;31,4;22,2;67;50;6;10;0;;
16726;1995;8;1;21;1.011,7;24,8;22,4;;;80;20;7;10;0;;
16726;1995;8;2;0;1.011;21,2;20;;;89;360;6;10;0;;
16726;1995;8;2;3;1.010,4;20,2;19;;;89;360;5;10;0;;
16726;1995;8;2;6;1.010,5;24,6;21,6;27,4;20,2;76;20;5;8;0;;
16726;1995;8;2;9;1.010;31,6;21,2;;;36;40;5;10;1;;
16726;1995;8;2;12;1.009;30,8;23,4;;;51;210;8;10;2;;
16726;1995;8;2;15;1.008,2;32;22;;;39;40;17;10;1;;
16726;1995;8;2;18;1.008,2;27,4;22,6;33,8;24,6;65;30;14;10;0;;
16726;1995;8;2;21;1.008,7;24,2;21,8;;;80;340;4;10;0;;
16726;1995;8;3;0;1.007,9;21,6;20,4;;;89;340;4;10;0;;
16726;1995;8;3;3;1.007;20,6;19,6;;;91;340;4;10;0;;
16726;1995;8;3;6;1.007;24,2;21,6;28;20,2;79;40;5;8;1;;
16726;1995;8;3;9;1.006,5;30;22,2;;;48;40;5;10;2;;
16726;1995;8;3;12;1.005,7;26,4;23,8;;;80;0;0;10;5;0,7;
16726;1995;8;3;15;1.005;29,2;21,2;;;46;30;12;10;4;;
16726;1995;8;3;18;1.005,5;26,6;21,6;32,4;18,4;63;30;10;10;0;0,7;
16726;1995;8;3;21;1.006,2;23,8;20,8;;;75;40;8;10;0;;
16726;1995;8;4;0;1.006,4;21,8;19,6;;;81;20;4;10;0;;
16726;1995;8;4;3;1.006,5;19,8;18,8;;;91;350;5;10;0;;
16726;1995;8;4;6;1.007,9;23,4;20,8;27;19,4;78;0;0;8;0;;
16726;1995;8;4;9;1.008,4;28,8;22,8;;;58;0;0;8;2;;
16726;1995;8;4;12;1.009;28;24,6;;;75;210;10;8;5;;
16726;1995;8;4;15;1.008,4;27,8;23,8;;;70;210;8;10;3;;
16726;1995;8;4;18;1.009;25,4;23,6;29,8;23,4;85;0;0;10;1;;
16726;1995;8;4;21;1.010,5;23;22,4;;;95;20;4;10;0;;
16726;1995;8;5;0;1.010,7;20,8;20,4;;;96;20;5;10;0;;
16726;1995;8;5;3;1.010,7;19,8;19;;;92;360;6;10;0;;
16726;1995;8;5;6;1.011,4;21,8;20,4;25,4;18,6;87;350;5;8;0;;
16726;1995;8;5;9;1.012;30,6;22,2;;;45;60;4;8;1;;
16726;1995;8;5;12;1.012;31;23;;;48;200;11;10;2;;
16726;1995;8;5;15;1.011,2;31;21,4;;;39;200;10;10;1;;
16726;1995;8;5;18;1.011,9;26,8;19,4;31,8;21,8;47;30;9;10;0;;
16726;1995;8;5;21;1.012,7;23;19,4;;;70;360;8;10;0;;
16726;1995;8;6;0;1.012,2;20,8;18,2;;;77;20;4;10;0;;
16726;1995;8;6;3;1.011,5;19,8;17,4;;;78;360;6;10;0;;
16726;1995;8;6;6;1.012,4;23;19,6;27,2;19,4;72;0;0;8;0;;
16726;1995;8;6;9;1.012,5;31,4;21,4;;;38;0;0;8;1;;
16726;1995;8;6;12;1.011,9;30,6;22,2;;;45;180;13;10;3;;
16726;1995;8;6;15;1.011,2;30,6;18,6;;;28;180;12;10;2;;
16726;1995;8;6;18;1.011,7;26,6;24;32,2;23;80;0;0;10;2;;
16726;1995;8;6;21;1.012,5;23;22;;;91;0;0;10;0;;
16726;1995;8;7;0;1.012;20,2;19,2;;;91;350;5;10;0;;
16726;1995;8;7;3;1.011,9;19,8;18,4;;;87;0;0;10;0;;
16726;1995;8;7;6;1.012,7;22;19,6;26,6;18,4;79;0;0;8;0;;
16726;1995;8;7;9;1.013,4;30,4;21;;;40;180;6;10;1;;
16726;1995;8;7;12;1.013;31,2;23;;;47;210;14;10;2;;
16726;1995;8;7;15;1.012,4;30;21,6;;;45;180;12;10;1;;
16726;1995;8;7;18;1.012,7;26;23,4;32;22;79;190;6;10;0;;
16726;1995;8;7;21;1.013,7;22,4;21;;;88;20;5;10;0;;
16726;1995;8;8;0;1.013;20,6;19,2;;;87;0;0;10;0;;
16726;1995;8;8;3;1.012;19;17,8;;;88;360;4;10;0;;
16726;1995;8;8;6;1.012,2;22,4;19,6;26,6;18,8;76;30;4;8;0;;
16726;1995;8;8;9;1.012,2;29,8;22,2;;;49;210;10;8;0;;
16726;1995;8;8;12;1.011,7;30,4;22,6;;;49;210;13;8;2;;
16726;1995;8;8;15;1.010,9;31;21,6;;;41;190;12;8;0;;
16726;1995;8;8;18;1.010,7;27,4;23,4;32;22,4;70;180;4;10;3;;
16726;1995;8;8;21;1.011,5;23,6;21,4;;;81;20;4;10;2;;
16726;1995;8;9;0;1.011;20,8;19,4;;;87;350;6;10;0;;
16726;1995;8;9;3;1.010,4;20;18,4;;;85;360;6;10;0;;
16726;1995;8;9;6;1.011;25,4;20,8;27,4;20;65;30;5;8;0;;
16726;1995;8;9;9;1.011,7;32,2;24,2;;;49;210;11;8;0;;
16726;1995;8;9;12;1.011,2;30,8;22,4;;;45;210;14;7;2;;
16726;1995;8;9;15;1.011;32,4;22,2;;;39;190;10;6;1;;
16726;1995;8;9;18;1.011,4;27,6;24,2;33,4;25,4;74;0;0;8;2;;
16726;1995;8;9;21;1.012,2;24,4;21,6;;;77;350;5;10;0;;
16726;1995;8;10;0;1.012;22,2;20;;;81;0;0;10;0;;
16726;1995;8;10;3;1.011,7;20,8;19,4;;;87;0;0;10;0;;
16726;1995;8;10;6;1.013;24,2;21,2;28;20,6;75;0;0;8;0;;
16726;1995;8;10;9;1.012,7;31,4;24,2;;;53;210;6;8;0;;
16726;1995;8;10;12;1.012,5;32,6;22,6;;;40;210;10;8;0;;
16726;1995;8;10;15;1.011,7;32,4;23,8;;;47;220;6;10;0;;
16726;1995;8;10;18;1.011,7;29,6;20,8;34;24,2;43;40;12;10;0;;
16726;1995;8;10;21;1.012,5;23,8;21;;;77;350;5;10;0;;
16726;1995;8;11;0;1.012,7;22,4;20;;;79;0;0;10;0;;
16726;1995;8;11;3;1.013;19,4;18;;;87;360;5;10;0;;
16726;1995;8;11;6;1.013,5;22,6;20;29,6;18,6;78;350;4;8;0;;
16726;1995;8;11;9;1.014,4;30,8;21,8;;;43;200;8;10;0;;
16726;1995;8;11;12;1.014;31,2;24,6;;;57;180;13;10;0;;
16726;1995;8;11;15;1.013,7;29;24;;;65;180;15;10;0;;
16726;1995;8;11;18;1.014,2;26,4;23;32,6;22,6;74;210;8;10;0;;
16726;1995;8;11;21;1.015,9;24,6;23;;;87;0;0;10;0;;
16726;1995;8;12;0;1.015,4;22,6;22;;;95;360;5;10;0;;
16726;1995;8;12;3;1.014,5;21,6;21;;;95;360;6;10;0;;
16726;1995;8;12;6;1.015;23,6;21,8;32,4;21,2;85;0;0;6;1;;
16726;1995;8;12;9;1.014,9;30;22,2;;;48;240;5;8;1;;
16726;1995;8;12;12;1.014,4;31,4;23,2;;;47;200;8;10;3;;
16726;1995;8;12;15;1.013,7;28;23,2;;;65;270;8;8;7;;
16726;1995;8;12;18;1.014;25,2;23,2;32,2;23,6;84;0;0;10;4;1;
16726;1995;8;12;21;1.015;24,2;22,6;;;87;170;7;10;1;;
16726;1995;8;13;0;1.014,9;21;20,2;;;93;0;0;10;0;;
16726;1995;8;13;3;1.014;17,6;17;;;94;0;0;10;0;;
16726;1995;8;13;6;1.014;24;17,4;25,2;17;48;20;8;8;0;;
16726;1995;8;13;9;1.014;28,6;22,2;;;55;190;6;8;0;;
16726;1995;8;13;12;1.013;30;21,2;;;43;190;10;10;2;;
16726;1995;8;13;15;1.012,7;29,6;22;;;49;180;14;10;2;;
16726;1995;8;13;18;1.012,7;27,8;18,8;31;24;39;50;8;10;4;;
16726;1995;8;13;21;1.013;22,2;19,6;;;78;360;4;10;0;;
16726;1995;8;14;0;1.013,2;19;17,8;;;88;0;0;10;0;;
16726;1995;8;14;3;1.012,4;18,6;16,6;;;81;0;0;10;0;;
16726;1995;8;14;6;1.012,5;21;17,2;27,8;18,2;67;350;4;8;0;;
16726;1995;8;14;9;1.012,2;28;22;;;57;200;8;8;2;;
16726;1995;8;14;12;1.012,4;27;22,2;;;64;170;10;10;4;0;
16726;1995;8;14;15;1.010,9;28,8;23,4;;;61;140;6;10;6;;
16726;1995;8;14;18;1.010,9;25,6;22,2;29,6;21;73;0;0;10;3;0;
16726;1995;8;14;21;1.011;22,4;20,6;;;84;20;4;10;0;;
16726;1995;8;15;0;1.010,9;20,6;19,6;;;91;360;4;10;2;;
16726;1995;8;15;3;1.010;20,2;19,2;;;91;0;0;10;4;;
16726;1995;8;15;6;1.009,5;22;20,6;26,2;20,2;88;0;0;6;6;;
16726;1995;8;15;9;1.010;23,4;22,6;;;93;240;5;6;5;;
16726;1995;8;15;12;1.009;28,4;23,4;;;64;210;13;10;7;17,8;
16726;1995;8;15;15;1.008,2;27,2;24;;;76;180;10;10;5;;
16726;1995;8;15;18;1.008,4;24,4;21,8;29;22;79;40;10;10;3;17,8;
16726;1995;8;15;21;1.009;21,8;20,8;;;91;350;4;10;1;;
16726;1995;8;16;0;1.008,5;20,6;20;;;94;20;5;10;2;;
16726;1995;8;16;3;1.008,2;20;19,6;;;96;10;6;10;3;;
16726;1995;8;16;6;1.008,4;21,6;20,6;24,4;19,4;91;350;4;8;1;;
16726;1995;8;16;9;1.008,7;27,6;21,2;;;54;360;5;10;2;;
16726;1995;8;16;12;1.008,2;29;22,6;;;56;200;8;10;2;;
16726;1995;8;16;15;1.007,2;29,6;22,6;;;53;0;0;10;2;;
16726;1995;8;16;18;1.007,9;25,8;21;30,6;21,6;63;50;12;10;3;;
16726;1995;8;16;21;1.009,2;22,4;20,6;;;84;20;8;10;1;;
16726;1995;8;17;0;1.009;20,4;19,6;;;93;350;5;10;0;;
16726;1995;8;17;3;1.008,7;20;19,2;;;92;0;0;10;0;;
16726;1995;8;17;6;1.009,2;22;20,2;25,8;19,4;84;0;0;8;2;;
16726;1995;8;17;9;1.009,7;27,8;22;;;58;240;5;8;2;;
16726;1995;8;17;12;1.009,7;26,4;21,8;;;65;220;10;8;5;;
16726;1995;8;17;15;1.010;27;24;;;77;190;7;8;4;1,6;
16726;1995;8;17;18;1.009,7;25;23;29;22;84;0;0;8;4;1,6;
16726;1995;8;17;21;1.011;22,2;21,8;;;96;360;4;8;2;;
16726;1995;8;18;0;1.011;21;20,8;;;98;340;4;8;3;;
16726;1995;8;18;3;1.011;20,4;20;;;96;340;4;8;1;;
16726;1995;8;18;6;1.011,7;22;21,2;25,6;20;93;0;0;6;1;;
16726;1995;8;18;9;1.012,2;27,8;22,6;;;63;240;5;6;2;;
16726;1995;8;18;12;1.013;28,2;23;;;63;210;10;10;4;;
16726;1995;8;18;15;1.013;28,2;22,4;;;58;200;10;10;2;;
16726;1995;8;18;18;1.013,5;25,6;22,4;30;22;74;160;5;10;3;;
16726;1995;8;18;21;1.014,4;23;21,2;;;84;0;0;10;2;;
16726;1995;8;19;0;1.014,5;20,4;19,6;;;93;350;4;10;1;;
16726;1995;8;19;3;1.014;19,6;19,2;;;96;350;4;10;0;;
16726;1995;8;19;6;1.014,9;22,6;20,8;26,2;19,6;84;360;5;6;0;;
16726;1995;8;19;9;1.014,4;29,4;22;;;50;0;0;6;1;;
16726;1995;8;19;12;1.013,7;30,2;23,4;;;54;240;10;8;1;;
16726;1995;8;19;15;1.012,7;30;22;;;47;210;6;8;2;;
16726;1995;8;19;18;1.014,2;27;21,4;31,4;20;59;50;12;10;0;;
16726;1995;8;19;21;1.015,7;23,4;21,6;;;85;350;5;10;0;;
16726;1995;8;20;0;1.014,5;22,4;21,2;;;89;360;6;10;1;;
16726;1995;8;20;3;1.013,4;21,4;20,4;;;91;0;0;10;4;;
16726;1995;8;20;6;1.013;23,6;21,2;27;21,4;80;0;0;10;0;;
16726;1995;8;20;9;1.013;30,8;21,6;;;42;0;0;10;0;;
16726;1995;8;20;12;1.012,5;32,8;21,2;;;32;30;11;10;3;;
16726;1995;8;20;15;1.011,7;31;22,6;;;47;30;10;10;3;;
16726;1995;8;20;18;1.011,9;26,8;19,8;32,8;23,6;50;20;4;10;0;;
16726;1995;8;20;21;1.013;24,4;21;;;73;20;8;10;0;;
16726;1995;8;21;0;1.012,7;21,6;20;;;86;360;6;10;0;;
16726;1995;8;21;3;1.011,5;19,6;18,8;;;92;350;4;10;0;;
16726;1995;8;21;6;1.011,7;22,2;19,6;26,8;19,2;78;20;6;10;0;;
16726;1995;8;21;9;1.011,7;29,2;22,2;;;52;30;12;10;1;;
16726;1995;8;21;12;1.010,5;32,6;21,2;;;32;300;4;10;3;;
16726;1995;8;21;15;1.009,7;30,6;21,8;;;44;30;14;10;2;;
16726;1995;8;21;18;1.010,2;25,8;21,2;33,4;22,2;65;30;14;10;3;;
16726;1995;8;21;21;1.011;24,4;21,4;;;75;20;8;10;0;;
16726;1995;8;22;0;1.010,7;20,2;18,8;;;87;20;6;10;0;;
16726;1995;8;22;3;1.010;21,2;19;;;80;20;8;10;0;;
16726;1995;8;22;6;1.010,4;23,2;19,8;25,8;19,6;72;360;8;10;1;;
16726;1995;8;22;9;1.011,2;29,2;21,2;;;46;150;8;10;1;;
16726;1995;8;22;12;1.011,2;30,6;21,8;;;44;190;6;10;2;;
16726;1995;8;22;15;1.010,5;30,4;21,6;;;44;30;12;10;3;;
16726;1995;8;22;18;1.011,7;26,2;21,2;31,6;23,2;62;40;10;10;4;;
16726;1995;8;22;21;1.012,7;23,8;20;;;69;30;10;10;0;;
16726;1995;8;23;0;1.012,2;22,8;19,4;;;71;20;12;10;0;;
16726;1995;8;23;3;1.011,9;20,8;19,8;;;91;0;0;10;0;;
16726;1995;8;23;6;1.013,2;22,4;19,6;26,2;19,2;76;360;5;10;0;;
16726;1995;8;23;9;1.014;29;21,8;;;51;180;7;10;0;;
16726;1995;8;23;12;1.013,5;30,2;21,2;;;42;200;12;10;2;;
16726;1995;8;23;15;1.012,4;28,8;22;;;53;180;12;10;2;;
16726;1995;8;23;18;1.012,7;25,4;22;30,6;19,6;73;0;0;10;2;;
16726;1995;8;23;21;1.013,7;21,6;19,6;;;82;340;4;10;0;;
16726;1995;8;24;0;1.012,7;19,8;18,4;;;87;0;0;10;0;;
16726;1995;8;24;3;1.012,2;18,6;17,4;;;88;350;6;10;0;;
16726;1995;8;24;6;1.012,7;21,6;18,8;25,4;18,2;76;20;4;8;0;;
16726;1995;8;24;9;1.013,2;29,2;20,2;;;40;200;7;5;1;;
16726;1995;8;24;12;1.013;29,6;22,2;;;50;220;12;10;1;;
16726;1995;8;24;15;1.012,4;29,6;21,8;;;48;200;13;10;1;;
16726;1995;8;24;18;1.013;25,6;22,4;31;21,6;74;210;5;10;0;;
16726;1995;8;24;21;1.014,2;22;21;;;91;360;5;10;0;;
16726;1995;8;25;0;1.013,7;20,4;19,6;;;93;0;0;10;0;;
16726;1995;8;25;3;1.014;19;18,4;;;94;360;4;10;0;;
16726;1995;8;25;6;1.014,2;20,6;19,2;26;17,6;87;360;5;6;0;;
16726;1995;8;25;9;1.014,5;29,2;21,4;;;47;170;6;8;6;;
16726;1995;8;25;12;1.014,5;29;22,8;;;57;210;10;10;2;;
16726;1995;8;25;15;1.013,7;29;21,6;;;50;210;8;10;1;;
16726;1995;8;25;18;1.013,5;25;22,8;30,4;20,6;82;200;6;10;0;;
16726;1995;8;25;21;1.014,5;21,6;20,8;;;93;0;0;10;0;;
16726;1995;8;26;0;1.013,2;19,8;19,4;;;96;360;4;10;0;;
16726;1995;8;26;3;1.013;18,4;17,8;;;94;350;7;10;0;;
16726;1995;8;26;6;1.012,5;20,4;19;25;18,2;87;0;0;10;0;;
16726;1995;8;26;9;1.012,7;29;23,4;;;60;170;7;10;2;;
16726;1995;8;26;12;1.011,7;30,4;24,8;;;62;210;8;10;2;;
16726;1995;8;26;15;1.011,2;28,6;25,8;;;79;170;11;10;4;;
16726;1995;8;26;18;1.010,2;26,2;25,2;30,8;20,4;92;150;7;6;0;;
16726;1995;8;26;21;1.010,9;24,4;23,6;;;93;0;0;8;0;;
16726;1995;8;27;0;1.010,4;22,4;22;;;96;0;0;8;0;;
16726;1995;8;27;3;1.009,7;21,6;21,2;;;96;360;4;8;0;;
16726;1995;8;27;6;1.008,7;23,2;22;26,2;18,4;90;10;4;8;3;;
16726;1995;8;27;9;1.010,2;28;23,4;;;66;180;12;10;6;;
16726;1995;8;27;12;1.007,9;30;22,6;;;51;180;10;10;2;;
16726;1995;8;27;15;1.006,5;31;23;;;48;240;10;10;2;;
16726;1995;8;27;18;1.008;26,4;21,6;31,4;23,2;64;40;12;10;2;;
16726;1995;8;27;21;1.008,7;21,8;20;;;84;350;6;10;1;;
16726;1995;8;28;0;1.008,5;20;19,2;;;92;350;6;10;0;;
16726;1995;8;28;3;1.008,4;18,8;18,4;;;96;360;4;10;0;;
16726;1995;8;28;6;1.009;21;18,6;26,4;18,6;79;20;5;8;0;;
16726;1995;8;28;9;1.009;30;22;;;47;360;5;10;0;;
16726;1995;8;28;12;1.008,5;30;22,4;;;49;190;12;10;2;;
16726;1995;8;28;15;1.008,2;30,6;21,4;;;41;250;10;10;2;;
16726;1995;8;28;18;1.009;25,8;21;32;21;63;30;11;10;0;;
16726;1995;8;28;21;1.010;21,4;20;;;87;360;5;10;0;;
16726;1995;8;29;0;1.009;19;18;;;90;50;5;10;0;;
16726;1995;8;29;3;1.008,7;19,6;18,6;;;91;50;6;10;0;;
16726;1995;8;29;6;1.007,9;20,6;19,4;25,8;19;89;0;0;10;6;;
16726;1995;8;29;9;1.007,9;27,6;22,6;;;64;210;10;10;3;;
16726;1995;8;29;12;1.006,5;29,2;22,6;;;55;190;8;10;3;;
16726;1995;8;29;15;1.005,4;29;23;;;58;280;8;10;3;;
16726;1995;8;29;18;1.007;23,8;20,2;30,6;20,6;70;30;8;10;2;;
16726;1995;8;29;21;1.008,5;21,8;17,4;;;62;30;12;10;1;;
16726;1995;8;30;0;1.010;20;15,4;;;59;20;10;10;0;;
16726;1995;8;30;3;1.010,4;16,2;14,8;;;85;320;5;10;0;;
16726;1995;8;30;6;1.011;17,4;14,4;24,2;14,6;70;360;5;10;0;;
16726;1995;8;30;9;1.012,4;26,2;16,8;;;35;360;10;10;1;;
16726;1995;8;30;12;1.012,7;27,6;16,8;;;28;360;8;10;1;;
16726;1995;8;30;15;1.011,9;27,6;16,6;;;28;20;10;20;0;;
16726;1995;8;30;18;1.013;23;15,8;28,6;17,4;44;0;0;10;0;;
16726;1995;8;30;21;1.013;18;14,6;;;68;320;4;10;0;;
16726;1995;8;31;0;1.013;18;15;;;71;0;0;10;2;;
16726;1995;8;31;3;1.012,2;18;15;;;71;0;0;10;3;;
16726;1995;8;31;6;1.011,7;18,6;15,4;23;17;69;20;5;10;5;;
16726;1995;8;31;9;1.011,7;26;20,4;;;58;190;15;10;5;;
16726;1995;8;31;12;1.011,9;22,6;21,4;;;89;150;15;6;7;2,2;
16726;1995;8;31;15;1.011;22,8;21,8;;;91;90;6;8;5;12,4;
16726;1995;8;31;18;1.011,4;20,6;19,8;26;18,6;93;200;5;8;3;21,2;
16726;1995;8;31;21;1.011,7;19,6;19,2;;;96;0;0;10;2;;
16726;1995;9;1;0;1.011,7;20,6;19;;;85;0;0;10;3;;
16726;1995;9;1;3;1.011,5;18,8;18,2;;;94;20;4;10;5;;
16726;1995;9;1;6;1.012,2;19,4;18,8;21,2;18,6;94;360;6;8;2;;
16726;1995;9;1;9;1.012,7;25,8;19,2;;;51;60;6;10;2;;
16726;1995;9;1;12;1.012,7;26,6;19,2;;;47;0;0;10;2;;
16726;1995;9;1;15;1.012,5;27,4;17,4;;;32;340;8;20;1;;
16726;1995;9;1;18;1.013;21,6;16,6;28,6;19,4;58;30;6;10;2;;
16726;1995;9;1;21;1.014;17,2;16;;;88;350;6;10;0;;
16726;1995;9;2;0;1.014,2;17,4;16,2;;;88;350;4;10;2;;
16726;1995;9;2;3;1.013,7;15;14,4;;;93;360;4;10;0;;
16726;1995;9;2;6;1.014,5;17,2;15,8;21,6;14,4;86;350;4;10;0;;
16726;1995;9;2;9;1.014,5;25,4;16,2;;;34;30;10;20;0;;
16726;1995;9;2;12;1.013,7;27,4;16,4;;;26;360;10;20;0;;
16726;1995;9;2;15;1.013;27;16,8;;;32;20;9;10;1;;
16726;1995;9;2;18;1.013,7;22,4;16,8;28,2;17,2;54;20;8;10;1;;
16726;1995;9;2;21;1.014,4;18;15,8;;;79;10;5;10;0;;
16726;1995;9;3;0;1.014;15,4;14,2;;;87;350;5;10;0;;
16726;1995;9;3;3;1.013,7;14,6;12,8;;;80;350;4;10;0;;
16726;1995;9;3;6;1.013,7;16,6;13,6;22,4;13,2;70;20;6;10;0;;
16726;1995;9;3;9;1.013,7;25,8;17,2;;;38;30;8;15;0;;
16726;1995;9;3;12;1.013;27,4;18,8;;;41;330;10;15;3;;
16726;1995;9;3;15;1.011,7;28;19,2;;;40;350;8;15;1;;
16726;1995;9;3;18;1.012,4;23;18,8;29,4;16,6;66;40;6;10;1;;
16726;1995;9;3;21;1.013;19,8;17,8;;;81;350;4;10;0;;
16726;1995;9;4;0;1.012,5;18,2;17;;;88;360;4;10;0;;
16726;1995;9;4;3;1.012,2;17;16;;;90;340;4;10;0;;
16726;1995;9;4;6;1.012;18,6;17;23,6;16,6;84;330;6;10;0;;
16726;1995;9;4;9;1.012,2;27,6;19,2;;;42;30;5;10;0;;
16726;1995;9;4;12;1.010,9;29,4;20,2;;;40;220;13;10;3;;
16726;1995;9;4;15;1.009,5;29;22;;;52;290;6;10;3;;
16726;1995;9;4;18;1.010;24;21,4;30;18,6;78;0;0;10;5;;
16726;1995;9;4;21;1.010,5;22,6;21,2;;;88;0;0;10;2;;
16726;1995;9;5;0;1.010;20,4;19,8;;;94;0;0;10;1;;
16726;1995;9;5;3;1.009,4;18,8;18,4;;;96;360;5;10;0;;
16726;1995;9;5;6;1.009,7;20;19,4;24,4;18,6;94;340;5;8;0;;
16726;1995;9;5;9;1.009,7;28,6;21;;;48;20;5;10;2;;
16726;1995;9;5;12;1.008,7;29,6;23,2;;;56;210;13;10;0;;
16726;1995;9;5;15;1.008,4;27,2;22,6;;;66;190;10;10;3;;
16726;1995;9;5;18;1.008,4;24,2;22,8;31,4;20;88;0;0;10;0;;
16726;1995;9;5;21;1.007,7;21,2;20,4;;;93;360;4;10;0;;
16726;1995;9;6;0;1.007,7;20,2;19,6;;;94;200;4;10;0;;
16726;1995;9;6;3;1.006,5;19;18,4;;;94;0;0;10;0;;
16726;1995;9;6;6;1.007;20,6;19,2;24,6;18,6;87;360;5;10;4;;
16726;1995;9;6;9;1.007,7;28,8;25,2;;;74;240;6;10;2;;
16726;1995;9;6;12;1.007;30;25;;;65;200;10;10;2;;
16726;1995;9;6;15;1.006,7;32;22,6;;;42;290;8;10;4;;
16726;1995;9;6;18;1.007,9;25,2;21;32,2;20,6;67;30;12;10;2;;
16726;1995;9;6;21;1.008,7;21,8;21,4;;;96;0;0;10;2;;
16726;1995;9;7;0;1.009;19,2;18;;;88;360;5;10;2;;
16726;1995;9;7;3;1.009,5;18,8;18;;;92;350;6;10;1;;
16726;1995;9;7;6;1.010,5;20;18,8;25,2;18,6;89;320;5;10;6;;
16726;1995;9;7;9;1.011;27,2;21;;;55;30;10;10;3;;
16726;1995;9;7;12;1.010,7;29,6;19,8;;;36;20;8;15;3;;
16726;1995;9;7;15;1.010,5;28;19;;;39;20;12;15;1;;
16726;1995;9;7;18;1.010,5;24;18,8;30,6;20;59;20;6;10;0;;
16726;1995;9;7;21;1.012,7;19,8;18;;;83;20;4;10;0;;
16726;1995;9;8;0;1.013;17,2;16,4;;;92;330;8;10;0;;
16726;1995;9;8;3;1.012,7;15,6;14,8;;;91;330;5;10;0;;
16726;1995;9;8;6;1.013;18,4;16,4;24;15,6;80;350;6;8;0;;
16726;1995;9;8;9;1.013;28,4;18,6;;;37;360;7;10;0;;
16726;1995;9;8;12;1.012,7;29;19,6;;;39;190;9;10;0;;
16726;1995;9;8;15;1.012,4;29,2;19,4;;;35;30;17;10;0;;
16726;1995;9;8;18;1.013,2;25;19;31,6;18,4;54;40;15;10;0;;
16726;1995;9;8;21;1.014,5;22,2;18,6;;;70;20;10;10;0;;
16726;1995;9;9;0;1.013,7;20,6;18;;;77;340;7;10;0;;
16726;1995;9;9;3;1.013,2;17,8;16,8;;;90;330;5;10;0;;
16726;1995;9;9;6;1.013,2;20,6;18;25;17;77;0;0;10;0;;
16726;1995;9;9;9;1.013,7;28,6;21;;;48;50;8;10;1;;
16726;1995;9;9;12;1.012,4;29,8;23;;;54;200;10;10;3;;
16726;1995;9;9;15;1.011,9;29,6;22;;;49;360;8;10;3;;
16726;1995;9;9;18;1.012,7;24,2;18,4;31,6;20,6;54;20;8;10;1;;
16726;1995;9;9;21;1.013,2;20;18;;;81;360;4;10;1;;
16726;1995;9;10;0;1.012,5;17;16;;;90;0;0;10;0;;
16726;1995;9;10;3;1.012,2;18,2;17;;;88;0;0;10;0;;
16726;1995;9;10;6;1.012,2;19,6;17,4;24,2;16,6;79;30;6;10;0;;
16726;1995;9;10;9;1.013;27,2;18,8;;;42;10;13;10;0;;
16726;1995;9;10;12;1.011,5;30,2;20,2;;;36;30;12;10;0;;
16726;1995;9;10;15;1.010,9;30,2;19,6;;;34;360;7;10;0;;
16726;1995;9;10;18;1.011,7;24,8;19;31,4;19,6;55;30;13;10;0;;
16726;1995;9;10;21;1.012,7;22,6;17,4;;;57;40;12;10;0;;
16726;1995;9;11;0;1.012,7;17,8;15,2;;;74;360;7;10;0;;
16726;1995;9;11;3;1.013;16,4;15;;;85;360;6;10;0;;
16726;1995;9;11;6;1.014;17,8;15,6;25,6;16,4;79;360;6;10;0;;
16726;1995;9;11;9;1.015;27,8;19,8;;;45;210;8;10;0;;
16726;1995;9;11;12;1.014,7;28;20;;;45;180;10;10;0;;
16726;1995;9;11;15;1.014,4;27;19,6;;;48;160;14;10;0;;
16726;1995;9;11;18;1.014,5;22,6;17,8;29,4;17,8;61;140;6;10;0;;
16726;1995;9;11;21;1.015,9;18;16;;;80;350;4;10;0;;
16726;1995;9;12;0;1.015,9;16,8;15,6;;;88;350;4;10;0;;
16726;1995;9;12;3;1.015,5;15,6;14,6;;;89;360;4;10;0;;
16726;1995;9;12;6;1.015,7;18,6;16,2;22,8;15,6;77;40;6;10;0;;
16726;1995;9;12;9;1.016,7;27,8;19,6;;;44;150;8;10;0;;
16726;1995;9;12;12;1.015,9;29;20,4;;;42;170;12;10;0;;
16726;1995;9;12;15;1.015,4;27;20;;;50;190;11;10;0;;
16726;1995;9;12;18;1.015,9;23,2;19,8;29;18,6;72;0;0;10;0;;
16726;1995;9;12;21;1.016,5;19,2;18;;;88;350;5;10;0;;
16726;1995;9;13;0;1.016,2;17,6;16,8;;;92;350;5;10;0;;
16726;1995;9;13;3;1.015,2;15,6;15,2;;;96;350;5;10;0;;
16726;1995;9;13;6;1.017;17,4;16,4;23,4;14,8;90;0;0;8;0;;
16726;1995;9;13;9;1.017;27;20;;;50;180;6;10;0;;
16726;1995;9;13;12;1.016,7;28,2;21,6;;;54;190;10;10;0;;
16726;1995;9;13;15;1.015,9;27,2;22,2;;;63;180;12;10;0;;
16726;1995;9;13;18;1.015,9;24;21,4;29;17,4;78;140;4;10;2;;
16726;1995;9;13;21;1.016;20;19;;;91;20;4;10;0;;
16726;1995;9;14;0;1.015,5;17,8;17,2;;;94;350;4;10;0;;
16726;1995;9;14;3;1.014,7;16,2;15,6;;;94;340;6;10;0;;
16726;1995;9;14;6;1.015,7;18,6;16,8;24,2;15,6;83;360;5;10;0;;
16726;1995;9;14;9;1.015,5;28,2;20,2;;;45;280;6;10;0;;
16726;1995;9;14;12;1.014;28,4;21,2;;;50;200;11;10;0;;
16726;1995;9;14;15;1.012;26,4;21,4;;;62;190;13;10;1;;
16726;1995;9;14;18;1.013,2;23;21,4;28,6;18,4;86;210;5;10;0;;
16726;1995;9;14;21;1.013,5;20;19;;;91;0;0;10;2;;
16726;1995;9;15;0;1.012,4;18,6;17,8;;;92;0;0;10;2;;
16726;1995;9;15;3;1.011,7;17;16;;;90;20;5;10;2;;
16726;1995;9;15;6;1.011,9;19,2;17,8;23,8;17;87;360;5;8;1;;
16726;1995;9;15;9;1.012,7;27,6;17,6;;;33;40;10;10;1;;
16726;1995;9;15;12;1.012,2;28,4;17,6;;;30;360;8;15;0;;
16726;1995;9;15;15;1.011,7;27,4;18,4;;;38;360;10;15;1;;
16726;1995;9;15;18;1.013;21,4;17,4;29,4;19,2;65;350;6;10;0;;
16726;1995;9;15;21;1.014;19,4;17,6;;;83;360;6;10;0;;
16726;1995;9;16;0;1.013,4;16,2;15,2;;;89;350;6;10;0;;
16726;1995;9;16;3;1.013,4;15,4;14,4;;;89;340;6;10;0;;
16726;1995;9;16;6;1.014;18;16,4;21,4;15;84;0;0;10;2;;
16726;1995;9;16;9;1.014,4;26,8;18,4;;;41;30;10;10;2;;
16726;1995;9;16;12;1.013;30;19,8;;;36;20;7;10;0;;
16726;1995;9;16;15;1.012,2;28,4;19,4;;;39;40;17;10;2;;
16726;1995;9;16;18;1.014;23,6;19,4;30;18;66;40;15;10;3;;
16726;1995;9;16;21;1.015,5;21,8;19;;;76;40;8;10;0;;
16726;1995;9;17;0;1.015;19;17,6;;;87;360;6;10;2;;
16726;1995;9;17;3;1.014;18,6;16,4;;;79;360;5;10;2;;
16726;1995;9;17;6;1.015;18,4;16,2;23,6;17,2;79;0;0;10;2;;
16726;1995;9;17;9;1.016,4;27;20;;;50;230;5;10;3;;
16726;1995;9;17;12;1.016,2;28,4;21;;;49;190;8;10;4;;
16726;1995;9;17;15;1.015;26,4;20;;;53;220;5;10;7;;
16726;1995;9;17;18;1.015,9;24,6;19,8;29,2;18,4;62;60;8;10;7;;
16726;1995;9;17;21;1.016,2;19,8;18;;;83;30;5;10;2;;
16726;1995;9;18;0;1.015,5;21,2;19,4;;;84;30;10;10;0;;
16726;1995;9;18;3;1.015,7;19;17,2;;;83;30;10;10;0;;
16726;1995;9;18;6;1.015,2;20;16,6;25;18,2;70;340;10;10;0;;
16726;1995;9;18;9;1.016,2;29;20;;;40;180;8;10;0;;
16726;1995;9;18;12;1.016;28,8;20,2;;;42;210;10;10;0;;
16726;1995;9;18;15;1.015;28;21;;;51;210;5;10;0;;
16726;1995;9;18;18;1.015,7;23,6;18,6;30,6;20;60;0;0;10;2;;
16726;1995;9;18;21;1.016,2;21,8;19,4;;;79;360;8;10;0;;
16726;1995;9;19;0;1.015,9;21,6;18;;;69;20;4;10;0;;
16726;1995;9;19;3;1.016,2;17,2;15,8;;;86;0;0;10;0;;
16726;1995;9;19;6;1.017;18,8;16,4;23,8;15,6;77;350;4;10;2;;
16726;1995;9;19;9;1.017,2;28,6;20,2;;;43;210;5;10;2;;
16726;1995;9;19;12;1.017;28;21;;;51;220;8;10;8;;
16726;1995;9;19;15;1.016,7;26,6;21,2;;;60;40;10;10;8;;
16726;1995;9;19;18;1.017;23,8;23;29,8;18,8;93;30;8;8;8;0,3;
16726;1995;9;19;21;1.017,5;21,8;20,6;;;89;290;5;8;8;0;
16726;1995;9;20;0;1.016,2;21,6;20;;;86;30;6;8;7;;
16726;1995;9;20;3;1.016,5;20,2;19,8;;;96;30;6;8;8;;
16726;1995;9;20;6;1.017,2;20;19,6;23,8;20;96;360;4;4;8;0,3;
16726;1995;9;20;9;1.018;23,2;21,2;;;83;40;4;8;5;;
16726;1995;9;20;12;1.016,7;26,6;21,2;;;60;210;8;8;5;;
16726;1995;9;20;15;1.015,7;25,6;21,4;;;67;210;8;8;7;;
16726;1995;9;20;18;1.016,7;23,4;20,8;27,8;20;78;130;6;8;7;;
16726;1995;9;20;21;1.017;21,8;20,6;;;89;0;0;10;2;;
16726;1995;9;21;0;1.015,2;19,4;18,6;;;92;20;5;10;0;;
16726;1995;9;21;3;1.015,4;18,2;17,4;;;92;0;0;10;0;;
16726;1995;9;21;6;1.015,7;18;17,8;23,4;17;98;20;3;5;4;;
16726;1995;9;21;9;1.017;25,8;22;;;70;150;6;8;7;;
16726;1995;9;21;12;1.015,2;25,8;20,8;;;62;210;6;8;8;;
16726;1995;9;21;15;1.013,7;26;21,4;;;65;180;6;8;7;;
16726;1995;9;21;18;1.015;22,8;21;26,8;18;84;0;0;10;2;;
16726;1995;9;21;21;1.015,7;19;18,4;;;94;350;5;10;0;;
16726;1995;9;22;0;1.015,4;18,2;17,8;;;96;350;5;10;0;;
16726;1995;9;22;3;1.014,9;18,2;17,6;;;94;20;4;10;4;;
16726;1995;9;22;6;1.014,2;19,6;18,2;23,6;17,6;87;20;10;8;3;;
16726;1995;9;22;9;1.015;28;21,4;;;53;180;4;8;4;;
16726;1995;9;22;12;1.014;28;23,8;;;69;190;10;8;3;;
16726;1995;9;22;15;1.012,5;29,2;21,2;;;46;40;15;10;3;;
16726;1995;9;22;18;1.013,7;24,2;20,2;30,8;19,6;68;30;10;10;3;;
16726;1995;9;22;21;1.013,7;21,6;20;;;86;20;4;10;2;;
16726;1995;9;23;0;1.014;20,2;16,2;;;64;30;8;10;3;;
16726;1995;9;23;3;1.012,5;16,8;15,2;;;83;30;7;10;0;;
16726;1995;9;23;6;1.012,7;19,2;16;24,2;16,2;70;20;6;10;3;;
16726;1995;9;23;9;1.013;24,2;17,4;;;47;30;12;10;7;;
16726;1995;9;23;12;1.012,7;26,6;18,4;;;41;360;8;10;7;;
16726;1995;9;23;15;1.012,2;25,4;18;;;45;360;7;10;5;;
16726;1995;9;23;18;1.012,5;22,4;18,4;27;19,2;66;30;8;10;7;;
16726;1995;9;23;21;1.013;21,8;16,2;;;53;30;8;10;7;;
16726;1995;9;24;0;1.012,7;19,8;15;;;57;20;10;10;0;;
16726;1995;9;24;3;1.012,5;16,6;16;;;94;20;6;10;0;;
16726;1995;9;24;6;1.014,2;16;14;22,4;15,4;79;350;6;10;2;;
16726;1995;9;24;9;1.015,7;24,6;18,6;;;54;220;8;10;2;;
16726;1995;9;24;12;1.015,5;26,6;19,8;;;51;210;8;10;3;;
16726;1995;9;24;15;1.015;25;19,8;;;60;180;10;10;3;;
16726;1995;9;24;18;1.016,4;21,4;18;27,6;16;70;0;0;10;2;;
16726;1995;9;24;21;1.017;17;15,2;;;82;0;0;10;0;;
16726;1995;9;25;0;1.015,5;16,4;14,8;;;83;350;5;10;2;;
16726;1995;9;25;3;1.014,4;17;15;;;80;20;6;10;3;;
16726;1995;9;25;6;1.014,9;18;15,8;21,8;16,2;79;330;5;8;2;;
16726;1995;9;25;9;1.014,7;24,4;18,6;;;55;120;5;8;7;;
16726;1995;9;25;12;1.014;22,6;17,6;;;59;20;5;8;7;;
16726;1995;9;25;15;1.011,7;22,2;18;;;65;0;0;10;7;;
16726;1995;9;25;18;1.015,7;20;18;25;18;81;30;12;8;8;1;
16726;1995;9;25;21;1.016,4;18,6;16,6;;;81;20;8;10;7;;
16726;1995;9;26;0;1.016,7;19,2;16,4;;;74;20;8;10;7;;
16726;1995;9;26;3;1.016,7;18,8;16,4;;;77;360;5;10;6;;
16726;1995;9;26;6;1.016,5;20;17;25,6;16,6;73;30;6;8;7;;
16726;1995;9;26;9;1.017,7;26;20,6;;;60;210;6;8;7;;
16726;1995;9;26;12;1.018;23,2;20,6;;;78;210;12;8;8;0,3;
16726;1995;9;26;15;1.017,7;23;20,4;;;78;240;5;8;8;0;
16726;1995;9;26;18;1.015,5;20,8;20;26,4;19,8;93;240;5;10;7;1,4;
16726;1995;9;26;21;1.017,2;19,8;19,4;;;96;20;5;10;5;;
16726;1995;9;27;0;1.017,2;19;18,6;;;96;350;4;10;5;;
16726;1995;9;27;3;1.016,4;19;18,6;;;96;340;5;8;6;4,6;
16726;1995;9;27;6;1.015,7;19,2;18,8;26,6;19;96;20;10;8;6;4,6;
16726;1995;9;27;9;1.016;24,2;20,6;;;71;60;4;8;7;;
16726;1995;9;27;12;1.015,7;27;20;;;50;180;8;10;4;;
16726;1995;9;27;15;1.015;24,6;20,6;;;68;190;5;10;6;;
16726;1995;9;27;18;1.014,7;21,4;20;27,2;19,2;87;0;0;10;3;;
16726;1995;9;27;21;1.014,7;19,4;18,8;;;94;350;4;10;2;;
16726;1995;9;28;0;1.014;18;17,6;;;96;350;5;10;1;;
16726;1995;9;28;3;1.013,2;18,2;17,6;;;94;350;5;10;1;;
16726;1995;9;28;6;1.011,2;18,8;18;27,6;18;92;20;6;8;4;;
16726;1995;9;28;9;1.012,7;22;20,4;;;86;30;6;8;8;0,3;
16726;1995;9;28;12;1.010,9;26,4;21,2;;;61;210;6;10;6;0,3;
16726;1995;9;28;15;1.009,4;24;21;;;75;190;15;10;6;;
16726;1995;9;28;18;1.008,7;20;19,4;26,8;18,8;94;200;15;7;6;14,4;
16726;1995;9;28;21;1.008,4;20,4;19,6;;;93;190;6;7;6;1;
16726;1995;9;29;0;1.007,2;19,2;18,2;;;90;220;5;7;7;2;
16726;1995;9;29;3;1.006,4;20;18;;;81;230;8;8;5;;
16726;1995;9;29;6;1.006;19,2;18;20,4;19;88;240;6;6;7;6,5;
16726;1995;9;29;9;1.007,2;22,4;21;;;88;130;7;8;5;;
16726;1995;9;29;12;1.007,7;25,8;19,6;;;54;350;8;10;5;;
16726;1995;9;29;15;1.008;24,8;19;;;55;360;7;10;2;;
16726;1995;9;29;18;1.010,2;19,2;17,2;25,8;19,2;81;30;4;10;1;;
16726;1995;9;29;21;1.011,7;16,4;15,2;;;87;330;5;10;1;;
16726;1995;9;30;0;1.012;14,8;14;;;91;360;5;10;1;;
16726;1995;9;30;3;1.011,7;14,6;13,8;;;91;330;5;10;1;;
16726;1995;9;30;6;1.012,7;16,2;15,2;19,8;14,6;89;360;6;10;6;;
16726;1995;9;30;9;1.013,5;24;18,4;;;56;360;10;10;1;;
16726;1995;9;30;12;1.013;26,4;18,6;;;45;20;10;10;1;;
16726;1995;9;30;15;1.012,7;24,8;17,6;;;46;40;12;15;1;;
16726;1995;9;30;18;1.013,7;19,4;15,8;27,4;16,2;67;20;10;10;0;;
16726;1995;9;30;21;1.014,2;16,6;15;;;83;360;6;10;0;;
16726;1995;10;1;0;1.014,2;15,8;14,6;;;87;350;6;10;3;;
16726;1995;10;1;3;1.013;16,4;14,8;;;83;360;5;10;3;;
16726;1995;10;1;6;1.013,5;16;14,8;19,4;15,6;87;20;5;10;6;0,3;
16726;1995;10;1;9;1.014,5;17,2;15,6;;;84;30;5;10;7;;
16726;1995;10;1;12;1.013,7;21,6;14,8;;;45;40;10;10;4;;
16726;1995;10;1;15;1.012,7;22,6;15,8;;;46;330;8;10;2;;
16726;1995;10;1;18;1.014,2;17,6;14,6;23;16;71;360;4;10;5;;
16726;1995;10;1;21;1.016,2;14,6;12,8;;;80;20;7;10;2;;
16726;1995;10;2;0;1.016,7;13,8;11,6;;;76;30;8;10;0;;
16726;1995;10;2;3;1.018;11,8;10;;;78;20;8;10;0;;
16726;1995;10;2;6;1.019,9;15;11;17,6;11,4;58;30;8;10;0;;
16726;1995;10;2;9;1.021,4;21,6;13,4;;;34;360;6;10;0;;
16726;1995;10;2;12;1.021,2;24;14;;;27;270;5;10;0;;
16726;1995;10;2;15;1.022;21,8;13,8;;;36;210;10;10;0;;
16726;1995;10;2;18;1.023,7;15,4;13,8;24,4;15;83;0;0;10;0;;
16726;1995;10;2;21;1.024,6;11,8;10,6;;;86;360;5;10;0;;
16726;1995;10;3;0;1.024,6;10,6;9,4;;;85;360;6;10;0;;
16726;1995;10;3;3;1.024,6;10;9;;;87;350;8;10;0;;
16726;1995;10;3;6;1.026;12,4;10,8;16,2;10;81;360;4;8;0;;
16726;1995;10;3;9;1.026,8;22;15,4;;;46;180;5;10;0;;
16726;1995;10;3;12;1.024,5;23,4;16;;;43;210;10;10;2;;
16726;1995;10;3;15;1.024,4;23;18;;;59;180;10;10;1;;
16726;1995;10;3;18;1.024,6;20,4;16;24;12,4;61;50;10;10;2;;
16726;1995;10;3;21;1.025;15,6;14;;;83;20;7;10;0;;
16726;1995;10;4;0;1.025;13;12,2;;;91;360;6;10;0;;
16726;1995;10;4;3;1.023,7;13,4;12;;;84;340;4;10;0;;
16726;1995;10;4;6;1.024,1;15,6;13;20,8;12,6;73;20;6;10;0;;
16726;1995;10;4;9;1.024,5;22,2;16,8;;;56;120;5;10;4;;
16726;1995;10;4;12;1.023,4;24;17;;;46;150;10;10;2;;
16726;1995;10;4;15;1.022,5;23;19;;;67;190;8;10;1;;
16726;1995;10;4;18;1.022,7;19,2;16,6;25;15,6;76;0;0;10;0;;
16726;1995;10;4;21;1.022,7;15;14;;;89;20;4;10;0;;
16726;1995;10;5;0;1.022,2;12,8;12,2;;;93;360;4;10;0;;
16726;1995;10;5;3;1.021;12,4;11,6;;;91;340;6;10;0;;
16726;1995;10;5;6;1.021,4;13;12;19,2;11,8;88;360;5;10;3;;
16726;1995;10;5;9;1.022;23;18;;;59;190;5;10;0;;
16726;1995;10;5;12;1.021,4;24,8;19;;;55;200;6;10;2;;
16726;1995;10;5;15;1.020,5;23,8;19;;;62;240;4;10;2;;
16726;1995;10;5;18;1.021,7;20;17,2;25,6;12,4;74;50;6;10;2;;
16726;1995;10;5;21;1.021,7;16,4;15,6;;;92;350;6;10;0;;
16726;1995;10;6;0;1.021,5;14,6;14;;;93;350;5;10;0;;
16726;1995;10;6;3;1.020,5;14,2;13,8;;;95;350;6;10;2;;
16726;1995;10;6;6;1.021,7;15,4;14,6;20;14,2;91;20;4;5;5;;
16726;1995;10;6;9;1.022,2;24,2;19,2;;;60;180;6;5;5;;
16726;1995;10;6;12;1.021,2;24;19,2;;;62;180;6;6;5;;
16726;1995;10;6;15;1.020,7;23,4;19,6;;;69;210;6;6;5;;
16726;1995;10;6;18;1.021,4;20,4;18,8;25;15,4;85;40;4;8;6;;
16726;1995;10;6;21;1.022;17,4;16,8;;;94;330;5;10;3;;
16726;1995;10;7;0;1.021,7;16;15,2;;;91;310;5;10;4;;
16726;1995;10;7;3;1.021;15;14,2;;;91;320;6;10;0;;
16726;1995;10;7;6;1.021,2;16,2;15,2;21,2;14;89;20;7;10;0;;
16726;1995;10;7;9;1.021,5;24;17,6;;;51;0;0;6;0;;
16726;1995;10;7;12;1.020,2;24,4;18,8;;;57;200;8;8;2;;
16726;1995;10;7;15;1.019,7;23,4;20;;;72;180;8;8;2;;
16726;1995;10;7;18;1.019,9;18,4;17,6;25,4;16,2;92;0;0;8;2;;
16726;1995;10;7;21;1.020,7;16;14,8;;;87;350;4;10;1;;
16726;1995;10;8;0;1.020,4;14,2;11,6;;;72;360;8;10;1;;
16726;1995;10;8;3;1.019,5;13;9,6;;;62;360;10;10;0;;
16726;1995;10;8;6;1.019,7;17,8;11,8;18,4;13;45;20;12;10;0;;
16726;1995;10;8;9;1.020;24,4;14,8;;;31;0;0;15;3;;
16726;1995;10;8;12;1.019;24,8;17,4;;;44;200;8;15;1;;
16726;1995;10;8;15;1.018,5;24;17,2;;;47;210;6;15;1;;
16726;1995;10;8;18;1.019;20;13,2;26;17,8;41;0;0;10;0;;
16726;1995;10;8;21;1.019,7;16,6;12,4;;;58;360;8;10;0;;
16726;1995;10;9;0;1.019,7;17;11;;;43;360;14;10;0;;
16726;1995;10;9;3;1.018,4;17,2;11,2;;;43;360;8;10;0;;
16726;1995;10;9;6;1.018,5;17,8;12;20,6;12,8;46;30;10;10;0;;
16726;1995;10;9;9;1.018,7;24;15;;;33;60;4;10;0;;
16726;1995;10;9;12;1.018;24,8;15,6;;;34;210;10;10;1;;
16726;1995;10;9;15;1.018,2;23,4;16;;;43;180;6;10;2;;
16726;1995;10;9;18;1.018,5;18;12,8;25,4;17,8;52;0;0;10;0;;
16726;1995;10;9;21;1.019;17,2;11,8;;;49;20;10;10;0;;
16726;1995;10;10;0;1.019;14,4;10,4;;;57;350;6;10;0;;
16726;1995;10;10;3;1.018,5;14,4;9,8;;;52;360;8;10;0;;
16726;1995;10;10;6;1.019;14;10;18,6;13,2;57;350;8;10;0;;
16726;1995;10;10;9;1.019,2;23,4;14,4;;;31;310;5;10;0;;
16726;1995;10;10;12;1.018,4;25,4;16;;;33;150;10;10;0;;
16726;1995;10;10;15;1.018;24,2;16,6;;;43;210;10;10;1;;
16726;1995;10;10;18;1.019,2;19,2;14;26,6;14;53;30;10;10;0;;
16726;1995;10;10;21;1.019,4;15;12,4;;;72;0;0;10;0;;
16726;1995;10;11;0;1.019,2;16;12,2;;;61;360;9;10;0;;
16726;1995;10;11;3;1.019;12,8;10,4;;;72;20;7;10;2;;
16726;1995;10;11;6;1.019;15,8;12,2;19,6;12,8;63;320;5;10;3;;
16726;1995;10;11;9;1.019;24;16,4;;;42;160;5;10;0;;
16726;1995;10;11;12;1.019;24;16;;;40;170;10;10;5;;
16726;1995;10;11;15;1.018,4;22,8;17;;;53;150;6;10;6;;
16726;1995;10;11;18;1.019,2;20,8;15,6;25;15,8;56;20;8;10;6;;
16726;1995;10;11;21;1.019,7;19,6;14,6;;;56;20;6;10;6;;
16726;1995;10;12;0;1.019,2;19;14,4;;;57;360;6;10;6;;
16726;1995;10;12;3;1.019;18,8;13,8;;;55;20;7;10;6;;
16726;1995;10;12;6;1.019,7;18;14;20,8;16,2;62;20;5;10;7;;
16726;1995;10;12;9;1.020,7;22,6;16;;;47;340;5;10;5;;
16726;1995;10;12;12;1.020,2;23,2;16,2;;;45;0;0;10;6;;
16726;1995;10;12;15;1.019,9;22;17,8;;;65;0;0;10;7;;
16726;1995;10;12;18;1.020,5;20,4;17,6;24,6;18;75;120;5;10;7;;
16726;1995;10;12;21;1.021,5;16;14,8;;;87;30;7;10;7;0,3;
16726;1995;10;13;0;1.021,5;15,8;14,6;;;87;360;5;10;6;0,7;
16726;1995;10;13;3;1.019,9;16;13;;;69;20;9;10;1;;
16726;1995;10;13;6;1.020,2;13,8;12;20,4;13,6;80;360;10;10;0;1;
16726;1995;10;13;9;1.020,7;22,8;16;;;46;120;5;10;0;;
16726;1995;10;13;12;1.019,7;24,2;19,2;;;60;180;8;10;2;;
16726;1995;10;13;15;1.019,2;22,4;18,2;;;65;170;7;10;2;;
16726;1995;10;13;18;1.019,7;19,4;15,2;24,6;13,8;62;60;7;10;3;;
16726;1995;10;13;21;1.019,9;15,4;13,4;;;79;360;5;10;2;;
16726;1995;10;14;0;1.018,9;12,8;11,8;;;88;360;6;10;0;;
16726;1995;10;14;3;1.018;11,6;11;;;93;350;6;10;0;;
16726;1995;10;14;6;1.017,5;13,4;12;19,4;11,6;84;350;6;10;0;;
16726;1995;10;14;9;1.018;22,6;17,2;;;56;240;5;10;0;;
16726;1995;10;14;12;1.016,5;23,4;16,4;;;45;210;10;10;2;;
16726;1995;10;14;15;1.015,7;22,4;17,4;;;58;200;8;10;2;;
16726;1995;10;14;18;1.016,2;17;15,4;24,4;13,4;83;30;4;10;0;;
16726;1995;10;14;21;1.016,2;15,8;13,4;;;75;360;8;10;0;;
16726;1995;10;15;0;1.015,4;12,6;11,8;;;91;360;6;10;0;;
16726;1995;10;15;3;1.015;12,4;11,4;;;88;330;4;10;0;;
16726;1995;10;15;6;1.014,5;12,6;11;17;11;81;60;4;10;0;;
16726;1995;10;15;9;1.014,7;22,6;16,6;;;52;0;0;10;0;;
16726;1995;10;15;12;1.014;24;17;;;46;210;10;10;0;;
16726;1995;10;15;15;1.013,5;22,2;18;;;65;170;10;10;1;;
16726;1995;10;15;18;1.014;17,6;15,8;24,4;12,6;82;20;7;10;0;;
16726;1995;10;15;21;1.014,4;14;13,2;;;91;0;0;10;0;;
16726;1995;10;16;0;1.014,5;14;11,4;;;71;360;5;10;3;;
16726;1995;10;16;3;1.014,5;14,6;10,6;;;58;360;4;10;2;;
16726;1995;10;16;6;1.015,2;12,2;10,2;18;11,6;76;0;0;8;0;;
16726;1995;10;16;9;1.016;24;17,4;;;48;0;0;8;0;;
16726;1995;10;16;12;1.015;24,8;18,8;;;54;210;6;10;0;;
16726;1995;10;16;15;1.015,5;23,4;18,6;;;62;180;8;10;2;;
16726;1995;10;16;18;1.016,7;18,4;16;25,2;12,2;77;0;0;10;0;;
16726;1995;10;16;21;1.018,9;16;12,6;;;66;360;8;10;0;;
16726;1995;10;17;0;1.018,4;17,8;12,8;;;53;30;10;10;0;;
16726;1995;10;17;3;1.018;14,4;11,2;;;65;340;8;10;0;;
16726;1995;10;17;6;1.019,7;15,6;12,6;19,8;14;69;360;8;8;0;;
16726;1995;10;17;9;1.021;24,4;16,4;;;40;210;6;10;0;;
16726;1995;10;17;12;1.019,7;25,2;16,6;;;38;200;8;10;1;;
16726;1995;10;17;15;1.019,9;24;17;;;46;200;7;10;2;;
16726;1995;10;17;18;1.021,4;18,4;16,4;25,4;15,2;80;0;0;10;0;;
16726;1995;10;17;21;1.022,7;15;11,8;;;66;350;6;10;0;;
16726;1995;10;18;0;1.021,7;14,6;11;;;62;360;8;10;0;;
16726;1995;10;18;3;1.021,5;13,4;10,4;;;66;340;4;10;0;;
16726;1995;10;18;6;1.022,4;13,6;10,4;18,4;13,4;64;350;5;10;5;;
16726;1995;10;18;9;1.022,7;22;15;;;43;0;0;10;4;;
16726;1995;10;18;12;1.021;24;17;;;46;210;5;10;5;;
16726;1995;10;18;15;1.020,5;22,4;16,8;;;54;270;8;10;5;;
16726;1995;10;18;18;1.021,7;18,4;14,4;25;13,6;62;20;5;10;1;;
16726;1995;10;18;21;1.022,4;14,2;12,6;;;83;360;5;10;0;;
16726;1995;10;19;0;1.021,7;13,8;10,8;;;67;360;5;10;0;;
16726;1995;10;19;3;1.021;13,4;10,6;;;69;360;8;10;1;;
16726;1995;10;19;6;1.021,2;14,4;10,6;18,4;12,8;60;360;6;10;6;;
16726;1995;10;19;9;1.021,7;22,4;13,2;;;29;0;0;10;3;;
16726;1995;10;19;12;1.020,7;23,6;17,4;;;51;190;8;10;1;;
16726;1995;10;19;15;1.020;22,2;18;;;65;200;8;10;2;;
16726;1995;10;19;18;1.020,7;18,2;15,8;24,4;14,4;77;0;0;10;2;;
16726;1995;10;19;21;1.021,4;14,4;13,6;;;91;330;6;10;0;;
16726;1995;10;20;0;1.021;12,6;11,8;;;91;330;5;10;0;;
16726;1995;10;20;3;1.020,4;11,8;11;;;90;360;5;10;0;;
16726;1995;10;20;6;1.020;10,6;9;18,2;10;80;350;6;10;0;;
16726;1995;10;20;9;1.020,5;21,6;16,2;;;54;0;0;10;0;;
16726;1995;10;20;12;1.019;23,6;16,8;;;47;210;8;10;2;;
16726;1995;10;20;15;1.017,7;21,6;17,4;;;64;220;6;10;2;;
16726;1995;10;20;18;1.018,2;17,2;15;24;10,6;78;320;5;10;2;;
16726;1995;10;20;21;1.018,5;14;13,2;;;91;20;6;10;2;;
16726;1995;10;21;0;1.017,7;13,2;12,6;;;93;360;5;10;0;;
16726;1995;10;21;3;1.015,9;11,6;11,2;;;95;350;8;10;0;;
16726;1995;10;21;6;1.016,2;10,6;10,2;17,2;10;95;0;0;8;0;;
16726;1995;10;21;9;1.016,2;21,2;14,8;;;47;0;0;10;0;;
16726;1995;10;21;12;1.015,2;24,4;16,2;;;39;220;5;10;2;;
16726;1995;10;21;15;1.014,5;22,8;17;;;53;200;6;10;0;;
16726;1995;10;21;18;1.015;17,2;14,4;24,6;10,6;72;20;6;10;0;;
16726;1995;10;21;21;1.016;14,4;13;;;85;350;7;10;0;;
16726;1995;10;22;0;1.015,2;13,2;12;;;86;360;6;10;0;;
16726;1995;10;22;3;1.015,4;11,4;10,8;;;93;350;5;10;0;;
16726;1995;10;22;6;1.015,7;11,6;10,8;17,2;11,2;90;350;6;10;0;;
16726;1995;10;22;9;1.016,7;22,6;17,4;;;57;160;4;10;1;;
16726;1995;10;22;12;1.016,2;23,8;17,6;;;52;200;10;10;3;;
16726;1995;10;22;15;1.016,2;20,6;17,2;;;70;240;4;10;6;;
16726;1995;10;22;18;1.017,2;18;16,8;23,8;11,6;88;360;4;10;4;;
16726;1995;10;22;21;1.018,2;16,4;15,4;;;89;360;6;10;5;;
16726;1995;10;23;0;1.018;15,8;14,6;;;87;330;6;8;6;0,1;
16726;1995;10;23;3;1.018,5;16,4;14,6;;;82;10;4;10;6;;
16726;1995;10;23;6;1.020,2;15,6;14;18,6;15,6;83;360;5;6;7;0,1;
16726;1995;10;23;9;1.021;20,6;15;;;52;80;6;8;7;;
16726;1995;10;23;12;1.020,7;20,8;14;;;43;60;15;10;3;;
16726;1995;10;23;15;1.020,5;20;13,2;;;41;70;13;10;3;;
16726;1995;10;23;18;1.021,5;16,2;11,4;23,6;15,6;52;40;5;10;3;;
16726;1995;10;23;21;1.022,2;15;10,4;;;52;60;12;10;0;;
16726;1995;10;24;0;1.021;13,8;9,8;;;57;20;8;10;0;;
16726;1995;10;24;3;1.021;12,8;9,6;;;64;40;12;10;0;;
16726;1995;10;24;6;1.021;14,8;10,4;16,8;12,8;54;150;5;10;2;;
16726;1995;10;24;9;1.020,5;18,8;11,8;;;38;60;10;10;4;;
16726;1995;10;24;12;1.019,4;18,8;12;;;40;30;15;10;4;;
16726;1995;10;24;15;1.019,9;17,2;11,2;;;43;0;0;10;5;;
16726;1995;10;24;18;1.020,2;15,2;9,8;20;14,8;46;70;5;10;3;;
16726;1995;10;24;21;1.021;14,8;9,6;;;47;20;10;10;0;;
16726;1995;10;25;0;1.020,2;13,6;9,2;;;52;20;10;10;0;;
16726;1995;10;25;3;1.020;11;8,2;;;66;360;7;10;2;;
16726;1995;10;25;6;1.020,4;10,2;8,2;15,8;10;74;330;6;10;0;;
16726;1995;10;25;9;1.021,4;18,4;12;;;42;20;5;10;0;;
16726;1995;10;25;12;1.019,9;21;13;;;35;190;8;10;2;;
16726;1995;10;25;15;1.019,9;19,2;13,2;;;46;170;6;10;2;;
16726;1995;10;25;18;1.021;14,2;11;21,6;10,2;65;310;4;10;2;;
16726;1995;10;25;21;1.021,7;11;9;;;75;350;6;10;0;;
16726;1995;10;26;0;1.021,7;8,4;7,2;;;83;340;6;10;0;;
16726;1995;10;26;3;1.021,4;7;6,2;;;88;360;4;10;0;;
16726;1995;10;26;6;1.021,7;9;7,8;14,2;7;84;350;4;10;6;;
16726;1995;10;26;9;1.022;18,4;13;;;51;360;4;10;0;;
16726;1995;10;26;12;1.020,4;20,8;13,4;;;38;220;10;10;2;;
16726;1995;10;26;15;1.020;19,2;14,2;;;55;100;4;10;6;;
16726;1995;10;26;18;1.021;15;10,4;21;9;52;20;5;10;4;;
16726;1995;10;26;21;1.021,5;11,6;10;;;81;30;5;10;3;;
16726;1995;10;27;0;1.020,7;12,4;11;;;83;20;5;10;2;;
16726;1995;10;27;3;1.020,2;11,4;10,6;;;90;20;5;10;2;;
16726;1995;10;27;6;1.020,7;11,6;11,4;15;9,6;97;340;4;8;6;0;
16726;1995;10;27;9;1.021;17;14;;;70;0;0;10;2;;
16726;1995;10;27;12;1.019,7;19,6;13,6;;;48;0;0;10;3;;
16726;1995;10;27;15;1.019;19;12,4;;;41;20;10;10;3;;
16726;1995;10;27;18;1.019,7;14,6;11,6;20,4;11,6;68;20;5;10;3;;
16726;1995;10;27;21;1.019,9;10,4;9,4;;;87;0;0;10;2;;
16726;1995;10;28;0;1.019;10,8;9,4;;;82;360;5;10;2;;
16726;1995;10;28;3;1.018,2;7,6;7;;;91;360;5;10;2;;
16726;1995;10;28;6;1.018,4;7,8;7;14,6;7;89;20;6;10;0;;
16726;1995;10;28;9;1.018,5;17,8;12,8;;;53;340;4;10;3;;
16726;1995;10;28;12;1.016,4;20;14;;;48;270;5;10;2;;
16726;1995;10;28;15;1.016;19;13;;;46;20;5;10;4;;
16726;1995;10;28;18;1.017;14,2;11,6;21,4;7,8;72;350;5;10;3;;
16726;1995;10;28;21;1.017,7;10,6;9,4;;;85;330;4;10;0;;
16726;1995;10;29;0;1.017,2;8;7;;;86;350;6;10;0;;
16726;1995;10;29;3;1.017,5;7,6;6,8;;;89;350;6;10;0;;
16726;1995;10;29;6;1.019;7,2;6,4;14,2;6,6;88;340;5;10;0;;
16726;1995;10;29;9;1.019,5;19,2;13,6;;;51;0;0;10;0;;
16726;1995;10;29;12;1.018,7;20,4;14;;;45;200;10;10;2;;
16726;1995;10;29;15;1.018,5;19;14,8;;;62;190;8;10;2;;
16726;1995;10;29;18;1.019,5;14,6;12;21;7,2;72;30;4;10;1;;
16726;1995;10;29;21;1.020,4;11;10;;;88;350;6;10;1;;
16726;1995;10;30;0;1.020,5;9,4;8,6;;;90;360;5;10;1;;
16726;1995;10;30;3;1.020,4;8,6;8;;;92;350;6;10;1;;
16726;1995;10;30;6;1.022;7,8;7,4;15,6;7,8;94;360;5;8;2;;
16726;1995;10;30;9;1.022,5;19,6;14,8;;;57;0;0;10;3;;
16726;1995;10;30;12;1.020,7;20,4;15,8;;;60;210;6;10;3;;
16726;1995;10;30;15;1.020,7;20;16;;;64;120;5;10;5;;
16726;1995;10;30;18;1.021,5;16,4;13;22,6;7,8;66;40;8;10;2;;
16726;1995;10;30;21;1.021,7;12,4;11,4;;;88;360;8;10;2;;
16726;1995;10;31;0;1.022;10,4;9,8;;;92;360;8;10;2;;
16726;1995;10;31;3;1.020,7;9,4;8,8;;;92;360;6;10;2;;
16726;1995;10;31;6;1.021,4;10;9,2;16,4;8,6;90;350;5;10;0;;
16726;1995;10;31;9;1.021,2;20,6;15,6;;;57;0;0;10;0;;
16726;1995;10;31;12;1.019,7;23;16,4;;;47;230;5;10;2;;
16726;1995;10;31;15;1.018,9;20,6;13,6;;;42;30;15;10;4;;
16726;1995;10;31;18;1.018;15;13,4;23;10;83;310;4;10;3;;
16726;1995;10;31;21;1.018,2;13,6;12,6;;;89;350;7;10;3;;
16726;1995;11;1;0;1.017;13;12,2;;;91;360;5;10;4;;
16726;1995;11;1;3;1.015,4;13,4;12,6;;;91;360;5;10;7;;
16726;1995;11;1;6;1.014,9;14;13;15;11,8;89;330;5;10;6;;
16726;1995;11;1;9;1.014;18,2;15,4;;;73;0;0;10;8;;
16726;1995;11;1;12;1.012,2;20;15,4;;;59;160;5;10;8;;
16726;1995;11;1;15;1.011,7;18;15;;;71;210;10;8;8;;
16726;1995;11;1;18;1.012;14;13,6;20,6;12,8;95;360;5;8;8;4,5;
16726;1995;11;1;21;1.011,7;13;12,6;;;95;20;5;10;6;;
16726;1995;11;2;0;1.010,5;12,4;12;;;95;360;5;10;6;;
16726;1995;11;2;3;1.009,4;12,6;12;;;93;340;5;10;6;;
16726;1995;11;2;6;1.008,7;12;11,6;14;12;95;20;6;8;4;;
16726;1995;11;2;9;1.008;18,8;15,6;;;70;0;0;8;3;;
16726;1995;11;2;12;1.006;19,2;16;;;70;190;7;10;7;;
16726;1995;11;2;15;1.005,4;16,2;15;;;87;90;8;6;7;6,2;
16726;1995;11;2;18;1.005,7;13,4;13,2;20;12;98;350;4;10;4;6,2;
16726;1995;11;2;21;1.005,7;12,4;12,2;;;98;20;4;10;3;;
16726;1995;11;3;0;1.003,5;11,8;11,6;;;98;300;5;8;3;;
16726;1995;11;3;3;1.001,7;12,8;12,6;;;98;0;0;8;7;2,5;
16726;1995;11;3;6;1.000,4;19;17,2;19,6;11,8;83;260;14;5;8;8,3;
16726;1995;11;3;9;1.000,7;16;15;;;89;160;10;6;8;4,6;
16726;1995;11;3;12;1.000,7;16;15;;;89;180;10;8;8;25,2;
16726;1995;11;3;15;999;16,2;15,4;;;91;140;7;8;8;1,5;
16726;1995;11;3;18;998,5;15,6;14;19,2;15;83;160;8;8;8;31,3;
16726;1995;11;3;21;999,2;15,4;14,6;;;91;150;10;10;7;0,6;
16726;1995;11;4;0;999,4;15,4;15,2;;;98;0;0;8;7;7,3;
16726;1995;11;4;3;999,9;14,6;14,2;;;95;220;5;10;5;0,4;
16726;1995;11;4;6;1.002;14,2;14;17;14;98;0;0;8;5;8,3;
16726;1995;11;4;9;1.003,9;18,4;16;;;77;0;0;10;3;;
16726;1995;11;4;12;1.004,7;18,4;15,4;;;71;270;8;10;6;;
16726;1995;11;4;15;1.004,7;18,8;16;;;74;0;0;10;6;;
16726;1995;11;4;18;1.005;14,8;14,2;20,6;14,2;93;160;10;8;7;0,6;
16726;1995;11;4;21;1.005,4;15,8;14,8;;;89;150;10;8;6;5,3;
16726;1995;11;5;0;1.005,5;15;14,2;;;91;180;6;8;7;5,4;
16726;1995;11;5;3;1.004,7;15,2;14,4;;;91;30;4;8;7;2,2;
16726;1995;11;5;6;1.003,2;16,6;15,8;18;14,8;92;240;6;8;8;12,9;
16726;1995;11;5;9;1.004,2;18;16,4;;;84;210;12;8;6;6,5;
16726;1995;11;5;12;1.005,7;16;13,4;;;73;40;8;10;5;6,5;
16726;1995;11;5;15;1.008;13,4;11,4;;;77;20;8;10;7;0,3;
16726;1995;11;5;18;1.011;10,8;9;18;10,8;78;20;8;10;5;20,1;
16726;1995;11;5;21;1.012,5;9,8;8,8;;;87;350;4;10;6;;
16726;1995;11;6;0;1.013,7;8,6;7,4;;;83;20;5;10;7;;
16726;1995;11;6;3;1.013,4;6,8;6;;;88;360;4;10;4;;
16726;1995;11;6;6;1.013,7;6,6;5,8;11,6;6,6;88;360;5;10;7;;
16726;1995;11;6;9;1.013,5;12;8;;;54;20;10;10;7;;
16726;1995;11;6;12;1.012,5;8,4;6,2;;;70;360;10;10;8;0,2;
16726;1995;11;6;15;1.013;7;6,2;;;88;360;8;8;8;0,9;
16726;1995;11;6;18;1.012,4;6,6;6,2;12,6;6,6;94;310;6;10;5;2;
16726;1995;11;6;21;1.012,5;5,6;5,4;;;97;20;4;10;5;;
16726;1995;11;7;0;1.011,7;3,8;3,6;;;97;350;5;10;3;;
16726;1995;11;7;3;1.010,9;2,8;2,8;;;100;0;0;10;3;;
16726;1995;11;7;6;1.011;4,2;3,4;6,6;2,2;87;320;5;10;4;;
16726;1995;11;7;9;1.011,2;10,8;6;;;43;20;10;10;1;;
16726;1995;11;7;12;1.011;12,4;6,6;;;37;340;14;10;1;;
16726;1995;11;7;15;1.011,2;11,2;6,8;;;48;330;10;10;2;;
16726;1995;11;7;18;1.011,5;10,8;7,8;13,6;4,2;64;360;6;10;5;;
16726;1995;11;7;21;1.011,7;9,4;8;;;82;30;6;10;3;;
16726;1995;11;8;0;1.011,7;7;6,2;;;88;360;5;10;6;;
16726;1995;11;8;3;1.011,2;6,6;6,2;;;94;340;7;10;6;;
16726;1995;11;8;6;1.010,9;6;5,6;10,8;5;94;0;0;10;5;;
16726;1995;11;8;9;1.011,4;15,4;11;;;55;360;6;10;2;;
16726;1995;11;8;12;1.010,9;16;10,4;;;44;20;12;10;3;;
16726;1995;11;8;15;1.011,2;13,8;8,4;;;42;360;15;10;3;;
16726;1995;11;8;18;1.012,7;7,6;6,2;17;6;80;0;0;10;1;;
16726;1995;11;8;21;1.014;4,4;3,8;;;90;350;6;10;1;;
16726;1995;11;9;0;1.014,5;4;3,6;;;93;360;5;10;4;;
16726;1995;11;9;3;1.014;4,8;4;;;87;360;5;10;4;;
16726;1995;11;9;6;1.015,4;5;4,2;8,6;3,8;87;360;6;10;3;;
16726;1995;11;9;9;1.017;13,2;8,4;;;47;0;0;10;2;;
16726;1995;11;9;12;1.016,2;15,8;9;;;34;150;5;10;2;;
16726;1995;11;9;15;1.016,4;12,8;8,2;;;48;30;10;10;1;;
16726;1995;11;9;18;1.018,5;7;5,4;16,2;5;77;20;6;10;0;;
16726;1995;11;9;21;1.020,7;4,2;3,4;;;87;360;10;10;0;;
16726;1995;11;10;0;1.022;3,6;2,4;;;79;360;8;10;0;;
16726;1995;11;10;3;1.021,7;3,2;2,2;;;83;330;10;10;0;;
16726;1995;11;10;6;1.022,5;3,6;2,6;7;3;84;350;8;10;6;;
16726;1995;11;10;9;1.023,9;12,4;8,6;;;57;30;7;10;4;;
16726;1995;11;10;12;1.024;14,8;10,2;;;52;0;0;10;5;;
16726;1995;11;10;15;1.024,3;14;10,4;;;61;150;5;10;4;;
16726;1995;11;10;18;1.025,4;10,2;9;15,4;3,6;85;20;4;10;5;;
16726;1995;11;10;21;1.026;8,4;7,4;;;86;360;5;10;2;;
16726;1995;11;11;0;1.026;7,4;6,6;;;89;360;7;10;2;;
16726;1995;11;11;3;1.026,1;8;7;;;86;360;4;10;5;;
16726;1995;11;11;6;1.026,5;7,6;6,8;10,2;6,8;89;360;6;10;2;;
16726;1995;11;11;9;1.027,6;15;11,4;;;62;10;5;10;4;;
16726;1995;11;11;12;1.026,6;17;12,4;;;55;190;5;10;3;;
16726;1995;11;11;15;1.025,8;16,4;12,6;;;63;0;0;10;2;;
16726;1995;11;11;18;1.026,5;10,4;9,4;18,6;7,4;87;0;0;10;1;;
16726;1995;11;11;21;1.027,3;8,6;8,2;;;94;20;6;10;1;;
16726;1995;11;12;0;1.027;7,8;7,4;;;94;360;6;10;1;;
16726;1995;11;12;3;1.026;6,4;6,2;;;97;360;6;10;1;;
16726;1995;11;12;6;1.026;6,4;6,2;13;6;97;20;5;8;2;;
16726;1995;11;12;9;1.025;15,2;12,4;;;70;330;5;10;5;;
16726;1995;11;12;12;1.023;19;13;;;46;0;0;10;5;;
16726;1995;11;12;15;1.021,5;17,6;13,4;;;59;0;0;10;5;;
16726;1995;11;12;18;1.021,7;14;12;19,4;6,4;78;360;5;10;5;;
16726;1995;11;12;21;1.021,7;11,8;10,8;;;88;0;0;10;4;;
16726;1995;11;13;0;1.020,7;9,6;9,2;;;95;360;4;10;4;;
16726;1995;11;13;3;1.020,4;9;8,8;;;97;0;0;10;3;;
16726;1995;11;13;6;1.020,7;9,4;8,8;14;8,2;92;0;0;10;4;;
16726;1995;11;13;9;1.020,7;16;13;;;69;0;0;10;3;;
16726;1995;11;13;12;1.019,5;19;15;;;63;200;8;10;3;;
16726;1995;11;13;15;1.019;17,2;14,8;;;76;210;5;12;3;;
16726;1995;11;13;18;1.019,5;15,2;14,2;19,8;9,4;89;0;0;10;6;;
16726;1995;11;13;21;1.018,9;14;13;;;89;20;5;10;6;;
16726;1995;11;14;0;1.018,7;14,8;14;;;91;150;5;10;6;;
16726;1995;11;14;3;1.017;15;14,2;;;91;180;7;10;8;;
16726;1995;11;14;6;1.016,7;17,6;15,6;18;13;80;210;20;10;7;;
16726;1995;11;14;9;1.016,2;17,8;16,4;;;86;180;15;6;7;2,4;
16726;1995;11;14;12;1.015;17,6;16;;;84;210;15;6;7;9,3;
16726;1995;11;14;15;1.015;16,6;15,8;;;92;230;15;4;7;35;
16726;1995;11;14;18;1.015,7;14;14;18;14;100;0;0;5;2;46,7;
16726;1995;11;14;21;1.016,5;11;10,8;;;97;360;5;8;2;;
16726;1995;11;15;0;1.017;10,2;10,2;;;100;330;5;8;3;;
16726;1995;11;15;3;1.016,2;9,8;9,8;;;100;0;0;10;2;;
16726;1995;11;15;6;1.016,7;10;10;14;9,2;100;0;0;8;5;;
16726;1995;11;15;9;1.017,2;18;15,4;;;74;210;10;8;8;;
16726;1995;11;15;12;1.016,7;19,2;15,8;;;69;220;5;10;7;;
16726;1995;11;15;15;1.016,7;18,6;15,4;;;69;230;5;10;4;;
16726;1995;11;15;18;1.017,5;17;15,4;21,2;10;83;210;6;10;5;;
16726;1995;11;15;21;1.018,2;15;14,6;;;96;0;0;10;6;7;
16726;1995;11;16;0;1.018,9;13,8;13,6;;;98;30;5;10;5;7,6;
16726;1995;11;16;3;1.019;13;13;;;100;20;5;10;4;0,4;
16726;1995;11;16;6;1.020;11;10;18;11;88;360;5;3;3;15;
16726;1995;11;16;9;1.021;17,8;16;;;82;0;0;10;2;;
16726;1995;11;16;12;1.019,7;19,2;16,2;;;72;240;4;10;4;;
16726;1995;11;16;15;1.018,9;17,4;16,6;;;92;0;0;10;2;;
16726;1995;11;16;18;1.020,2;14,2;13,6;20,6;11;93;360;5;10;0;;
16726;1995;11;16;21;1.020;12;11,6;;;95;340;5;10;0;;
16726;1995;11;17;0;1.019,9;11;10,4;;;92;350;5;10;0;;
16726;1995;11;17;3;1.020,2;10,8;10;;;90;10;5;10;0;;
16726;1995;11;17;6;1.018,9;9,6;9,4;14,2;9,6;97;0;0;10;3;;
16726;1995;11;17;9;1.019,4;17,4;15,4;;;80;0;0;10;5;;
16726;1995;11;17;12;1.017,5;19,2;15,4;;;65;190;5;10;7;;
16726;1995;11;17;15;1.016,7;18;16,2;;;82;0;0;10;7;;
16726;1995;11;17;18;1.016,2;16,8;15,4;19,4;9,6;85;170;6;10;6;;
16726;1995;11;17;21;1.015,7;16,8;15,8;;;90;150;6;10;7;;
16726;1995;11;18;0;1.014,5;16;15,4;;;93;0;0;10;3;;
16726;1995;11;18;3;1.011,5;15,2;15;;;98;130;8;10;7;;
16726;1995;11;18;6;1.011,2;17;16;17;15,2;90;150;7;8;7;;
16726;1995;11;18;9;1.011;19,8;18;;;83;190;10;8;6;;
16726;1995;11;18;12;1.008,7;21;18;;;73;160;8;10;5;;
16726;1995;11;18;15;1.007,5;20;17;;;73;250;5;10;3;;
16726;1995;11;18;18;1.007,7;17;15,6;22,2;13,6;86;220;5;10;3;;
16726;1995;11;18;21;1.007,7;16,4;15;;;85;210;6;10;2;;
16726;1995;11;19;0;1.006,4;15,6;14,4;;;87;0;0;10;2;;
16726;1995;11;19;3;1.007,5;15;11,6;;;65;20;10;10;2;;
16726;1995;11;19;6;1.008,4;13,6;9,6;18;12,8;57;20;10;10;4;;
16726;1995;11;19;9;1.011;14,8;10;;;50;330;10;10;6;;
16726;1995;11;19;12;1.010,4;16;10;;;41;330;10;10;6;;
16726;1995;11;19;15;1.011;14,2;9,6;;;52;40;10;10;4;;
16726;1995;11;19;18;1.013;9,2;7;16;9,2;71;30;8;10;2;;
16726;1995;11;19;21;1.013,7;8;6,4;;;77;20;5;10;2;;
16726;1995;11;20;0;1.014;9;7,4;;;78;0;0;10;6;;
16726;1995;11;20;3;1.012,7;8,4;6,4;;;72;30;10;10;5;;
16726;1995;11;20;6;1.013;8;7;12,6;6,8;86;0;0;10;6;;
16726;1995;11;20;9;1.013,5;10;8;;;74;350;5;10;6;;
16726;1995;11;20;12;1.011,9;10;7,6;;;70;20;12;10;3;0,3;
16726;1995;11;20;15;1.010,9;11,4;8;;;60;330;5;10;2;;
16726;1995;11;20;18;1.012,7;5,4;3,8;12,2;5,4;76;360;5;10;2;0,3;
16726;1995;11;20;21;1.013,4;3,2;2,4;;;86;350;7;10;2;;
16726;1995;11;21;0;1.014;2,4;1,8;;;89;360;5;10;2;;
16726;1995;11;21;3;1.013;2;1,4;;;89;360;5;10;6;;
16726;1995;11;21;6;1.014;4,4;3;6,6;2;77;330;8;10;7;;
16726;1995;11;21;9;1.015,9;5,6;4,8;;;88;330;5;8;7;;
16726;1995;11;21;12;1.015,4;6,4;5,2;;;82;30;6;8;7;4,8;
16726;1995;11;21;15;1.015;8;6,6;;;81;360;5;10;6;;
16726;1995;11;21;18;1.016,4;8;4,2;8,6;4,4;48;330;10;10;2;4,8;
16726;1995;11;21;21;1.019,4;7;4;;;57;20;5;10;2;;
16726;1995;11;22;0;1.020,2;6,6;3,2;;;51;360;10;10;2;;
16726;1995;11;22;3;1.020,7;6,8;3,4;;;51;180;5;10;2;;
16726;1995;11;22;6;1.022;5;3;8;4,6;69;20;12;10;2;;
16726;1995;11;22;9;1.023;11;5,6;;;38;30;10;10;0;;
16726;1995;11;22;12;1.022,5;12,4;7;;;40;60;11;10;0;;
16726;1995;11;22;15;1.022,7;10,8;5,8;;;41;30;6;10;2;;
16726;1995;11;22;18;1.024,5;5,4;3;13;5;63;20;7;10;2;;
16726;1995;11;22;21;1.025;3,8;2;;;70;360;8;10;2;;
16726;1995;11;23;0;1.025,8;2;0,6;;;75;360;8;10;2;;
16726;1995;11;23;3;1.025,6;0,8;0;;;85;20;7;10;2;;
16726;1995;11;23;6;1.026,5;0;-0,8;5,4;0;85;350;8;10;0;;
16726;1995;11;23;9;1.026,9;9;5;;;48;20;6;10;0;;
16726;1995;11;23;12;1.024,6;13,4;7,4;;;35;30;8;10;0;;
16726;1995;11;23;15;1.024,5;11;7;;;52;330;5;10;1;;
16726;1995;11;23;18;1.024;5,2;4;14,6;0;81;360;5;10;2;;
16726;1995;11;23;21;1.025;6;5;;;85;360;5;10;3;;
16726;1995;11;24;0;1.024,3;3;2,4;;;89;20;5;10;0;;
16726;1995;11;24;3;1.023,9;2;1,6;;;93;360;6;10;0;;
16726;1995;11;24;6;1.025;5,4;4;7;1,6;78;360;5;10;0;;
16726;1995;11;24;9;1.026;10;6,6;;;58;20;5;10;0;;
16726;1995;11;24;12;1.025;14,6;9;;;42;190;5;10;5;;
16726;1995;11;24;15;1.024,6;11,8;9;;;67;0;0;10;7;;
16726;1995;11;24;18;1.025,4;8,8;7;14,8;4;76;360;4;10;7;;
16726;1995;11;24;21;1.025,8;7,2;6;;;83;360;5;10;7;;
16726;1995;11;25;0;1.024,8;7,4;5,8;;;77;20;6;10;6;;
16726;1995;11;25;3;1.023,9;8,4;6,6;;;76;360;4;10;7;;
16726;1995;11;25;6;1.024,3;8,8;7;8,8;7;76;20;6;10;7;;
16726;1995;11;25;9;1.025,8;11;8;;;64;30;7;10;7;;
16726;1995;11;25;12;1.024,4;13,4;9,6;;;59;40;5;10;7;;
16726;1995;11;25;15;1.023,7;13;10,6;;;73;0;0;10;7;;
16726;1995;11;25;18;1.023,7;10;8,6;14;8,8;82;20;8;10;3;;
16726;1995;11;25;21;1.024,3;7,6;6,6;;;86;360;5;10;0;;
16726;1995;11;26;0;1.024,1;9,8;8,8;;;87;20;5;10;7;;
16726;1995;11;26;3;1.023,7;8,8;7,6;;;84;20;5;10;5;;
16726;1995;11;26;6;1.023,5;7,6;7;10,8;6,6;91;360;5;10;3;;
16726;1995;11;26;9;1.024,1;13,8;11;;;69;360;4;10;4;;
16726;1995;11;26;12;1.023,2;16;12,2;;;61;210;4;10;7;;
16726;1995;11;26;15;1.023;14,6;12,2;;;74;0;0;10;5;;
16726;1995;11;26;18;1.023,5;10,8;10;17;7,6;90;360;4;10;3;;
16726;1995;11;26;21;1.024,1;9,8;9;;;90;360;6;10;3;;
16726;1995;11;27;0;1.023,7;9;8,6;;;95;330;6;10;2;;
16726;1995;11;27;3;1.023,4;8;7,6;;;94;20;5;10;2;;
16726;1995;11;27;6;1.023;6,6;6,2;10,8;6;94;340;6;18;2;;
16726;1995;11;27;9;1.024;12;10,8;;;86;0;0;10;5;;
16726;1995;11;27;12;1.022,5;16,8;12,8;;;61;180;6;10;5;;
16726;1995;11;27;15;1.022,7;14,4;12,4;;;78;190;4;8;7;;
16726;1995;11;27;18;1.022,5;13,2;12;17,4;6,6;86;20;4;8;6;;
16726;1995;11;27;21;1.022,7;12,2;11,4;;;90;0;0;10;6;;
16726;1995;11;28;0;1.022,7;11,2;10,4;;;90;120;5;10;4;;
16726;1995;11;28;3;1.021,7;10,6;10;;;92;150;6;10;3;;
16726;1995;11;28;6;1.021,7;10,6;10;13,2;10;92;0;0;10;4;;
16726;1995;11;28;9;1.022;18,8;14,8;;;63;160;16;10;5;;
16726;1995;11;28;12;1.020,5;18,6;14,8;;;65;180;18;10;3;;
16726;1995;11;28;15;1.019,7;17,4;15;;;76;210;15;10;6;;
16726;1995;11;28;18;1.020,2;17;15,2;20,4;10,6;82;180;10;10;7;;
16726;1995;11;28;21;1.019;16,4;15,6;;;92;190;8;8;7;0,1;
16726;1995;11;29;0;1.018,9;16,2;15,8;;;96;210;5;8;6;;
16726;1995;11;29;3;1.019;13,8;13,2;;;93;0;0;8;6;;
16726;1995;11;29;6;1.019,7;11,6;11,4;17,6;11,6;97;20;5;8;6;0,1;
16726;1995;11;29;9;1.020,2;16,2;15;;;87;50;4;8;6;;
16726;1995;11;29;12;1.018,9;19,4;15;;;60;210;6;10;6;;
16726;1995;11;29;15;1.019;16,4;15;;;85;180;6;10;3;;
16726;1995;11;29;18;1.019,4;12,8;12,2;20,4;11,6;93;20;5;10;3;;
16726;1995;11;29;21;1.019,5;10,8;10,6;;;97;20;5;10;3;;
16726;1995;11;30;0;1.019,2;10,4;10;;;95;20;5;10;2;;
16726;1995;11;30;3;1.018,5;11,2;10,6;;;93;20;6;10;2;;
16726;1995;11;30;6;1.019,2;11,6;11,2;12,8;10;95;10;5;8;7;;
16726;1995;11;30;9;1.020;15,4;14,2;;;87;0;0;6;8;;
16726;1995;11;30;12;1.018,4;19;16,6;;;78;190;10;8;6;;
16726;1995;11;30;15;1.018,7;17;16;;;90;200;10;6;8;0,2;
16726;1995;11;30;18;1.019;16;15;19,2;11,6;89;200;8;8;7;1,9;
16726;1995;11;30;21;1.019,7;14,4;14;;;95;180;6;10;7;;
16726;1995;12;1;0;1.019,7;13,2;12,6;;;93;0;0;10;6;;
16726;1995;12;1;3;1.019,7;12,6;12,2;;;95;350;5;10;6;;
16726;1995;12;1;6;1.019,7;12,2;11,8;16;12;95;20;6;10;6;;
16726;1995;12;1;9;1.021,4;16,2;14,2;;;79;350;4;10;6;;
16726;1995;12;1;12;1.022;17;15;;;80;0;0;10;8;0,2;
16726;1995;12;1;15;1.022,5;14,6;13;;;83;330;5;10;7;;
16726;1995;12;1;18;1.022;13,2;11,4;18,2;12,2;79;20;6;10;6;0,2;
16726;1995;12;1;21;1.023;13;11;;;77;20;10;10;6;;
16726;1995;12;2;0;1.022,5;12;10,6;;;83;360;4;10;4;;
16726;1995;12;2;3;1.023,7;10,4;9,2;;;85;20;5;10;2;;
16726;1995;12;2;6;1.024;10,2;9,4;14,2;10,2;90;330;5;10;2;;
16726;1995;12;2;9;1.024,5;18;13,8;;;61;0;0;10;4;;
16726;1995;12;2;12;1.023,9;18,4;14,4;;;62;200;4;10;7;;
16726;1995;12;2;15;1.024,1;14,6;12,8;;;80;20;11;6;8;0,2;
16726;1995;12;2;18;1.024,4;12,8;12,4;19;10,2;95;30;6;8;7;1,6;
16726;1995;12;2;21;1.024;11,6;11,6;;;100;0;0;10;7;0,2;
16726;1995;12;3;0;1.022,5;10,8;10,4;;;95;20;7;10;3;;
16726;1995;12;3;3;1.021,4;8,8;8,6;;;97;350;5;10;3;;
16726;1995;12;3;6;1.020,7;9,4;9,2;12,8;8,8;97;360;6;10;5;0,2;
16726;1995;12;3;9;1.020,2;14,4;13;;;85;40;5;8;6;;
16726;1995;12;3;12;1.017,7;17,4;13,6;;;64;240;4;10;6;;
16726;1995;12;3;15;1.016,5;15,2;13,4;;;80;0;0;10;7;;
16726;1995;12;3;18;1.015;13,8;12,8;18;9,2;89;60;5;8;8;0,2;
16726;1995;12;3;21;1.013;15,8;13;;;71;180;15;10;8;;
16726;1995;12;4;0;1.012,2;12,2;11,4;;;90;150;10;8;8;8,7;
16726;1995;12;4;3;1.009,7;11,6;11;;;93;20;15;8;8;11,3;
16726;1995;12;4;6;1.006,2;11;10,6;17,6;11;95;30;10;8;8;21;
16726;1995;12;4;9;1.004,4;14;13;;;89;150;16;7;8;18,5;
16726;1995;12;4;12;998;15,4;14,4;;;89;190;30;5;8;;
16726;1995;12;4;15;1.001;13,6;12,2;;;84;310;8;10;7;0,8;
16726;1995;12;4;18;1.005;12;11,4;16;11;93;200;6;8;8;38,9;
16726;1995;12;4;21;1.008,7;11,6;11,4;;;97;20;4;10;6;;
16726;1995;12;5;0;1.007,7;9,8;9,6;;;97;300;5;10;3;;
16726;1995;12;5;3;1.010;8;7,8;;;97;360;5;10;2;;
16726;1995;12;5;6;1.011,2;7;6,8;12;6,6;97;20;4;8;2;;
16726;1995;12;5;9;1.013,5;12,4;11;;;83;0;0;10;4;;
16726;1995;12;5;12;1.013,2;17,2;12,2;;;52;210;5;10;2;;
16726;1995;12;5;15;1.013,7;15;12,6;;;75;240;5;10;6;;
16726;1995;12;5;18;1.015;11,2;10,2;17,6;7;88;0;0;10;2;;
16726;1995;12;5;21;1.016,7;9,6;9;;;92;360;6;10;2;;
16726;1995;12;6;0;1.017,2;7,2;7;;;97;350;7;10;2;;
16726;1995;12;6;3;1.016,7;8;7,6;;;94;360;6;10;5;;
16726;1995;12;6;6;1.017,7;8,6;8,2;11,4;6,8;94;350;5;8;7;;
16726;1995;12;6;9;1.018,9;12;11,6;;;95;0;0;5;7;1,1;
16726;1995;12;6;12;1.017,4;14;13,4;;;93;20;6;8;8;1,6;
16726;1995;12;6;15;1.017,2;13,6;13,4;;;98;30;8;7;8;0,3;
16726;1995;12;6;18;1.017;12,6;12;15;8,6;93;20;6;8;6;3;
16726;1995;12;6;21;1.017,4;11,4;11;;;95;360;5;10;6;;
16726;1995;12;7;0;1.017,7;10,4;10;;;95;360;7;10;8;;
16726;1995;12;7;3;1.017;11;10,8;;;97;20;5;10;5;;
16726;1995;12;7;6;1.017,7;10;9,6;15;9;95;330;5;10;6;;
16726;1995;12;7;9;1.019,5;15,4;12,6;;;71;60;5;10;6;;
16726;1995;12;7;12;1.019;15,4;13,2;;;77;20;4;10;7;0,2;
16726;1995;12;7;15;1.019,4;15;14;;;89;0;0;10;7;0,2;
16726;1995;12;7;18;1.020,7;12,4;11,8;15,8;10;93;360;6;10;5;0,4;
16726;1995;12;7;21;1.022,5;12,6;10,2;;;72;20;10;10;3;;
16726;1995;12;8;0;1.023;10;8,6;;;82;360;12;10;1;;
16726;1995;12;8;3;1.023,4;9;7,6;;;82;350;8;10;1;;
16726;1995;12;8;6;1.025;8,6;7,2;14;7,8;81;340;10;10;1;;
16726;1995;12;8;9;1.026;14,6;10,8;;;60;340;8;10;0;;
16726;1995;12;8;12;1.025,3;16,6;11,6;;;52;340;6;10;2;;
16726;1995;12;8;15;1.025;12,6;9,2;;;61;330;5;10;3;;
16726;1995;12;8;18;1.026;9,6;7,2;17,6;8,6;69;360;10;10;3;;
16726;1995;12;9;6;1.027;7,4;5,4;9,6;6,2;71;20;15;10;0;;
16726;1995;12;9;9;1.027;13;8;;;45;330;6;10;0;;
16726;1995;12;9;12;1.026,1;14,8;8,2;;;33;30;10;10;0;;
16726;1995;12;9;15;1.026,4;12;7;;;43;50;12;10;2;;
16726;1995;12;9;18;1.027,8;8,8;5;15,6;7,4;51;20;10;10;0;;
16726;1995;12;10;6;1.027,8;5,8;3,4;9,6;5,6;63;330;5;10;0;;
16726;1995;12;10;9;1.028;12;7;;;43;60;14;10;0;;
16726;1995;12;10;12;1.026,5;13,6;7,6;;;37;40;10;10;0;;
16726;1995;12;10;15;1.026,1;11,6;7;;;47;360;6;10;0;;
16726;1995;12;10;18;1.027;5,4;3,6;13,8;5,4;73;350;8;10;0;;
16726;1995;12;11;6;1.026;2,4;1,2;5,4;2,4;79;360;6;10;1;;
16726;1995;12;11;9;1.025,3;9,8;6;;;52;20;6;10;1;;
16726;1995;12;11;12;1.023,2;13;8,6;;;52;190;6;10;1;;
16726;1995;12;11;15;1.022,2;11;7;;;52;240;5;10;2;;
16726;1995;12;11;18;1.022,9;5;4;14,2;2,4;84;360;8;10;2;;
16726;1995;12;12;6;1.020,7;4,2;3,4;6;1,6;87;360;6;10;6;;
16726;1995;12;12;9;1.021,4;10,6;7,4;;;60;0;0;10;2;;
16726;1995;12;12;12;1.020,4;14,4;10,2;;;55;210;10;10;2;;
16726;1995;12;12;15;1.020,5;13;9,6;;;62;210;5;10;3;;
16726;1995;12;12;18;1.021;9;8;14,6;4,2;87;10;4;10;5;;
16726;1995;12;13;6;1.018,7;6,2;5;10;4,8;82;20;6;10;7;;
16726;1995;12;13;9;1.017,9;10;7,6;;;70;20;5;10;8;;
16726;1995;12;13;12;1.015,7;11,2;9,2;;;75;0;0;10;7;0,1;
16726;1995;12;13;15;1.014,9;10,2;9;;;85;340;5;8;8;0,2;
16726;1995;12;13;18;1.015,7;8,8;8;11,4;6,2;89;350;5;10;7;0,4;
16726;1995;12;14;6;1.018,4;9,2;8,6;9,2;8,8;92;20;5;10;8;2;
16726;1995;12;14;9;1.019;13,4;11,2;;;75;10;5;10;4;;
16726;1995;12;14;12;1.018,7;16,6;12,4;;;58;0;0;10;8;;
16726;1995;12;14;15;1.019,7;15,6;12,6;;;69;20;5;10;6;;
16726;1995;12;14;18;1.020,5;13;10,8;17,2;9,2;75;300;4;10;6;;
16726;1995;12;15;6;1.023,7;10,6;9,4;13,8;10,6;85;350;4;10;6;;
16726;1995;12;15;9;1.025;14,8;11,8;;;68;40;5;10;2;;
16726;1995;12;15;12;1.023,7;18,2;13,4;;;55;190;6;10;4;;
16726;1995;12;15;15;1.024,1;16,2;12,8;;;66;170;4;10;6;;
16726;1995;12;15;18;1.025;12;10,8;19;10,6;86;360;4;10;2;;
16726;1995;12;16;6;1.026,4;6;5,6;12;6;94;360;6;10;0;;
16726;1995;12;16;9;1.027;13,2;11;;;75;0;0;10;1;;
16726;1995;12;16;12;1.025;17;13;;;61;210;5;10;5;;
16726;1995;12;16;15;1.025,4;15,4;13;;;75;0;0;10;8;;
16726;1995;12;16;18;1.025,8;12;11,2;17,4;6;90;0;0;10;5;;
16726;1995;12;17;6;1.025;10;9;12;10;87;0;0;10;7;;
16726;1995;12;17;9;1.024,5;14,8;11,2;;;62;60;5;10;6;;
16726;1995;12;17;12;1.023;16,8;12,2;;;55;330;5;10;2;;
16726;1995;12;17;15;1.022;13,6;10,6;;;67;0;0;10;4;;
16726;1995;12;17;18;1.021,7;9,4;7,8;17,2;9,4;79;360;4;10;2;;
16726;1995;12;18;6;1.019,5;9,8;8,4;9,8;7,8;82;0;0;8;8;0,1;
16726;1995;12;18;9;1.019,2;11,2;9,6;;;81;10;5;8;8;0,5;
16726;1995;12;18;12;1.016,7;12;10,2;;;78;0;0;5;8;0,5;
16726;1995;12;18;15;1.015,2;10,8;10,4;;;95;10;5;5;8;2,4;
16726;1995;12;18;18;1.015;10,4;10;12;9,4;95;10;6;7;8;3,7;
16726;1995;12;19;6;1.012,4;14;13,4;14,6;10,4;93;0;0;5;8;6,8;
16726;1995;12;19;9;1.013,2;14,4;13,6;;;91;160;8;7;8;1,6;
16726;1995;12;19;12;1.012,7;16,4;14;;;75;260;7;8;6;;
16726;1995;12;19;15;1.013;14,6;12,8;;;80;240;5;10;7;;
16726;1995;12;19;18;1.014,4;12,6;11,6;17,2;12,4;88;260;5;10;6;1,6;
16726;1995;12;20;6;1.013;12,2;11,8;13,6;9,4;95;150;4;8;8;4,7;
16726;1995;12;20;9;1.014;11,8;10,8;;;88;0;0;10;6;2;
16726;1995;12;20;12;1.013,4;15;13;;;79;20;8;10;6;;
16726;1995;12;20;15;1.013,5;14,6;11,6;;;68;30;4;10;2;;
16726;1995;12;20;18;1.015,2;9;8;16;9;87;0;0;10;1;2;
16726;1995;12;21;6;1.017;7,2;6,8;9;7,2;94;350;4;10;2;;
16726;1995;12;21;9;1.018,5;13,4;11,2;;;75;0;0;10;0;;
16726;1995;12;21;12;1.018;16,6;11,6;;;52;340;8;10;1;;
16726;1995;12;21;15;1.018,5;15;11,4;;;62;10;6;10;1;;
16726;1995;12;21;18;1.019,7;10;8,6;17,2;7;82;340;5;10;0;;
16726;1995;12;22;6;1.023,5;6;5,4;11,4;4,6;91;360;5;10;3;;
16726;1995;12;22;9;1.024,3;10;9;;;87;0;0;10;4;;
16726;1995;12;22;12;1.022,5;17;12,4;;;55;210;5;10;5;;
16726;1995;12;22;15;1.022,5;15;12,6;;;75;140;4;10;5;;
16726;1995;12;22;18;1.023,4;12;11;17;6;88;0;0;10;6;;
16726;1995;12;23;6;1.022,4;6;5,8;12;6;97;350;5;8;3;;
16726;1995;12;23;9;1.022,7;10,4;10,2;;;97;0;0;6;7;;
16726;1995;12;23;12;1.021;15,2;13,2;;;79;130;5;7;7;;
16726;1995;12;23;15;1.020,7;15,4;13,2;;;77;180;5;10;4;;
16726;1995;12;23;18;1.021;13,6;12,2;16,4;6;84;0;0;10;6;;
16726;1995;12;24;6;1.018;13,2;12,8;14,2;12,6;95;130;7;10;6;1,2;
16726;1995;12;24;9;1.018;15,8;14,6;;;87;160;5;10;6;;
16726;1995;12;24;12;1.016,7;16,6;14,4;;;77;180;8;10;7;;
16726;1995;12;24;15;1.016;16,6;14,4;;;77;0;0;10;7;;
16726;1995;12;24;18;1.015,7;15,2;14,6;18,2;13;93;150;4;8;7;;
16726;1995;12;25;6;1.013,5;15,2;14,6;15,6;14,6;93;190;7;10;7;;
16726;1995;12;25;9;1.014,5;15,8;15,4;;;96;190;7;8;8;0,9;
16726;1995;12;25;12;1.013,5;16,2;15,8;;;96;150;7;8;8;1,4;
16726;1995;12;25;15;1.013;16,6;15,8;;;92;150;5;8;8;0;
16726;1995;12;25;18;1.014;15,8;15,2;16,8;15,2;93;0;0;8;8;2,7;
16726;1995;12;26;6;1.014,7;15,6;14,8;15,8;15;91;130;6;8;8;;
16726;1995;12;26;9;1.015,2;17,8;16,4;;;86;0;0;10;6;;
16726;1995;12;26;12;1.014;19,4;16,8;;;76;200;5;10;4;;
16726;1995;12;26;15;1.014;17,6;16;;;84;170;7;10;2;;
16726;1995;12;26;18;1.014;14,2;13,8;20;14,2;95;170;7;10;2;;
16726;1995;12;27;6;1.012,7;14,2;13;16;11;87;160;7;10;5;;
16726;1995;12;27;9;1.013,4;17,8;15,4;;;76;180;10;10;6;;
16726;1995;12;27;12;1.011,2;18,2;15,8;;;77;180;14;10;7;;
16726;1995;12;27;15;1.011;17,2;16;;;88;160;8;10;8;;
16726;1995;12;27;18;1.010,5;16,4;16;18,2;14,2;96;200;8;8;8;0,3;
16726;1995;12;28;6;1.013,2;12,2;11,8;18,4;12,2;95;160;5;10;4;2,3;
16726;1995;12;28;9;1.015;17,4;15;;;76;220;6;8;2;;
16726;1995;12;28;12;1.014;18,4;14,8;;;66;270;8;10;7;;
16726;1995;12;28;15;1.014,9;16;13,2;;;71;250;4;10;6;;
16726;1995;12;28;18;1.015,7;12,8;11,6;18,8;12,2;86;0;0;10;5;;
16726;1995;12;29;6;1.012,4;15,6;14;16;12,2;83;180;15;10;8;;
16726;1995;12;29;9;1.011,7;16;15;;;89;180;20;8;8;0,5;
16726;1995;12;29;12;1.008,4;15,6;14,4;;;87;180;14;8;8;2,4;
16726;1995;12;29;15;1.005,7;15,4;14;;;85;170;16;6;8;1,7;
16726;1995;12;29;18;1.004,2;14,2;13,8;16,2;14;95;0;0;8;8;15,5;
16726;1995;12;30;6;1.011,5;12,4;11;14,2;12,4;83;20;5;8;8;7,2;
16726;1995;12;30;9;1.013,7;14,8;12;;;70;30;5;10;8;;
16726;1995;12;30;12;1.013,4;15,6;12,4;;;66;300;5;10;5;;
16726;1995;12;30;15;1.013;14,4;11,4;;;67;20;6;10;2;;
16726;1995;12;30;18;1.015,4;9,6;8,4;17;9,6;84;0;0;10;2;;
16726;1995;12;31;6;1.015,7;5,6;5,2;9,6;5,6;94;10;6;10;4;;
16726;1995;12;31;9;1.015,4;11;9,6;;;83;0;0;10;6;;
16726;1995;12;31;12;1.013;16;12,2;;;61;190;7;10;6;;
16726;1995;12;31;15;1.010,9;15,4;12,4;;;68;180;10;10;8;;
16726;1995;12;31;18;1.010,4;13,8;12,4;16,4;5,4;84;170;13;8;8;1;
16726;1996;1;1;6;1.001;13;12,4;13,8;12,4;93;140;6;8;8;32,2;
16726;1996;1;1;9;1.001,7;13,8;13;;;91;180;5;8;8;0,8;
16726;1996;1;1;12;1.001,5;13,6;12,4;;;86;20;10;6;8;3,3;
16726;1996;1;1;15;1.001,2;15;14;;;89;0;0;10;4;1;
16726;1996;1;1;18;1.003,4;11,4;11,2;16,2;11,4;97;350;4;10;4;5,1;
16726;1996;1;2;6;1.006,4;7,8;7,6;14;7,8;97;20;6;10;4;;
16726;1996;1;2;9;1.006,2;11,8;11,2;;;93;0;0;10;4;;
16726;1996;1;2;12;1.003,2;15,4;13,8;;;83;210;8;6;7;;
16726;1996;1;2;15;1.001,5;13;12,4;;;93;240;5;8;8;8,8;
16726;1996;1;2;18;1.002,9;11,8;11;16;7,8;90;300;5;8;8;8,8;
16726;1996;1;3;6;1.000,7;11;10;13,6;10,8;88;20;7;8;7;6,5;
16726;1996;1;3;9;1.002,5;11,2;10,4;;;90;20;10;10;7;0,5;
16726;1996;1;3;12;1.002,7;14,4;12;;;74;20;15;10;6;0,1;
16726;1996;1;3;15;1.003,9;13,6;11,8;;;80;30;8;10;4;;
16726;1996;1;3;18;1.005,2;10,4;9,4;16;10;87;10;4;10;3;0,7;
16726;1996;1;4;6;1.006,7;7,4;7;12;5,4;94;20;6;8;7;0,2;
16726;1996;1;4;9;1.007;11,2;9,8;;;83;20;7;10;6;;
16726;1996;1;4;12;1.005,4;14,4;11,4;;;67;0;0;10;6;;
16726;1996;1;4;15;1.005,2;15;11;;;58;190;5;10;5;;
16726;1996;1;4;18;1.007;9,2;8,8;15,6;7,4;95;50;7;8;7;1,6;
16726;1996;1;5;6;1.009;6,6;6;9,2;5,6;91;10;6;10;7;1;
16726;1996;1;5;9;1.010,4;10;9;;;87;20;5;8;4;0;
16726;1996;1;5;12;1.009,5;13,2;10;;;64;320;5;8;3;0,5;
16726;1996;1;5;15;1.009,2;11,6;8,4;;;61;340;7;10;2;;
16726;1996;1;5;18;1.011;7,4;6;14;6,6;80;0;0;10;3;0,5;
16726;1996;1;6;6;1.013,2;3;2,6;7,4;3;93;340;6;10;4;;
16726;1996;1;6;9;1.014,2;8;6,4;;;77;0;0;8;6;;
16726;1996;1;6;12;1.012,7;11,8;8,4;;;60;0;0;8;7;;
16726;1996;1;6;15;1.013;10,8;9,8;;;88;0;0;7;8;0,2;
16726;1996;1;6;18;1.012,7;8,8;8,2;13;3;92;340;5;8;8;0,4;
16726;1996;1;7;6;1.013;8,6;7,8;10,8;8,6;89;0;0;8;4;3,6;
16726;1996;1;7;9;1.014,5;12,4;10;;;72;20;7;8;3;;
16726;1996;1;7;12;1.014;14,4;11;;;64;340;8;10;4;;
16726;1996;1;7;15;1.014,2;12,8;9,8;;;66;340;8;10;2;;
16726;1996;1;7;18;1.016,4;9;7,4;16;8,6;78;350;7;8;3;;
16726;1996;1;8;6;1.018,5;5,8;5,4;11,2;5,8;94;0;0;8;6;;
16726;1996;1;8;9;1.019,9;10,4;9;;;82;30;5;8;7;;
16726;1996;1;8;12;1.018,5;12,6;10,6;;;77;0;0;10;7;;
16726;1996;1;8;15;1.017,7;11;10,4;;;92;0;0;4;8;2,2;
16726;1996;1;8;18;1.018,7;10;9,6;13,4;5,8;95;350;5;5;8;6;
16726;1996;1;9;6;1.016,5;12,2;9,4;13,4;9,6;67;10;7;10;8;2,2;
16726;1996;1;9;9;1.018;15;11;;;58;20;8;10;5;;
16726;1996;1;9;12;1.017,7;17,4;12;;;49;40;14;10;4;;
16726;1996;1;9;15;1.018,5;15;11;;;58;330;6;10;3;;
16726;1996;1;9;18;1.020;11,2;8,6;18;11,2;69;350;8;10;2;;
16726;1996;1;10;6;1.023;6,6;5,6;11,2;6,6;85;360;10;10;0;;
16726;1996;1;10;9;1.023,9;13,4;10,2;;;64;20;6;10;2;;
16726;1996;1;10;12;1.021,5;17,6;12,8;;;55;0;0;10;4;;
16726;1996;1;10;15;1.021,7;14,4;12,4;;;78;150;5;10;6;;
16726;1996;1;10;18;1.021,7;13;11,8;17,6;6,6;86;130;4;10;6;;
16726;1996;1;11;6;1.021,2;6,6;5,6;13;5,8;85;350;5;10;3;;
16726;1996;1;11;9;1.021,7;13;10;;;66;0;0;10;6;;
16726;1996;1;11;12;1.019,7;15;11;;;58;0;0;10;6;;
16726;1996;1;11;15;1.018,7;13,6;10,4;;;64;300;5;10;6;;
16726;1996;1;11;18;1.019;8,8;7,2;16,4;6,6;78;350;5;10;6;;
16726;1996;1;11;21;1.019,2;8,2;6,8;;;81;20;6;10;6;;
16726;1996;1;12;0;1.018;7,4;6,4;;;85;0;0;10;7;;
16726;1996;1;12;3;1.016,7;7,2;6;;;83;10;7;10;8;;
16726;1996;1;12;6;1.015,5;8,8;6,2;10,6;7;65;360;6;10;8;;
16726;1996;1;12;9;1.015,2;10,8;8,2;;;68;60;5;10;7;;
16726;1996;1;12;12;1.012,7;13;9,2;;;57;360;4;10;7;;
16726;1996;1;12;15;1.012,5;11,6;8,4;;;61;350;5;10;8;;
16726;1996;1;12;18;1.012,7;8,8;6,6;13;8,8;71;360;5;10;7;;
16726;1996;1;12;21;1.013,4;8;6,2;;;75;360;5;10;6;;
16726;1996;1;13;0;1.013,7;8,4;6,6;;;76;360;4;10;5;;
16726;1996;1;13;3;1.013,7;8,4;6,2;;;70;360;7;10;6;;
16726;1996;1;13;6;1.013;7,8;5,8;10,8;7,8;72;360;8;10;4;;
16726;1996;1;13;9;1.014,5;13,6;9,2;;;52;350;12;10;4;;
16726;1996;1;13;12;1.014,5;14,6;10,2;;;54;340;5;10;6;;
16726;1996;1;13;15;1.015;13,6;10;;;61;360;7;10;5;;
16726;1996;1;13;18;1.016,2;11,2;8;15;7,8;61;360;10;10;3;;
16726;1996;1;13;21;1.017,2;11,4;8,2;;;61;20;10;10;3;;
16726;1996;1;14;0;1.018;9,4;7,4;;;73;10;6;10;4;;
16726;1996;1;14;3;1.018,2;8,4;6,8;;;78;340;6;10;3;;
16726;1996;1;14;6;1.018;8,2;6,6;12,4;7,4;78;340;7;10;2;;
16726;1996;1;14;9;1.018,5;13;10;;;66;360;8;10;7;;
16726;1996;1;14;12;1.017,7;13,8;10;;;59;360;8;10;7;;
16726;1996;1;14;15;1.017;12,6;9,8;;;68;350;8;10;7;;
16726;1996;1;14;18;1.017,5;11,4;8,8;14,6;7,6;69;350;7;10;7;;
16726;1996;1;14;21;1.017,7;11;8,4;;;68;360;6;10;7;;
16726;1996;1;15;0;1.017,2;9,6;7,6;;;74;350;7;10;6;;
16726;1996;1;15;3;1.017;10;7,8;;;72;10;8;10;7;;
16726;1996;1;15;6;1.017,7;8,6;7;12,6;8,6;78;330;6;10;7;;
16726;1996;1;15;9;1.018,5;12,2;8,8;;;61;360;5;10;7;;
16726;1996;1;15;12;1.018,5;9,8;8,4;;;82;330;5;8;8;0,4;
16726;1996;1;15;15;1.018,5;10;8,8;;;85;0;0;8;7;0,8;
16726;1996;1;15;18;1.018,5;7,6;6,6;12,6;7,6;86;20;5;8;8;1,5;
16726;1996;1;15;21;1.019,5;6,2;5,6;;;91;360;7;8;8;4,5;
16726;1996;1;16;0;1.018,5;4,8;4,6;;;97;10;8;8;8;3;
16726;1996;1;16;3;1.018,5;4,2;3,6;;;90;340;7;8;8;7,8;
16726;1996;1;16;6;1.018,5;4,2;3,8;7,6;4;93;0;0;8;8;15,3;
16726;1996;1;16;9;1.019;6,6;5,2;;;79;360;5;8;6;0;
16726;1996;1;16;12;1.017,7;9,6;5,8;;;52;330;4;8;6;0;
16726;1996;1;16;15;1.017,5;7,8;5;;;62;20;6;10;6;0;
16726;1996;1;16;18;1.017,7;3,8;2;10,6;3,8;70;360;5;10;3;0;
16726;1996;1;16;21;1.018,2;3;0,8;;;63;360;8;10;2;;
16726;1996;1;17;0;1.017,7;4,2;1,2;;;52;10;11;10;4;;
16726;1996;1;17;3;1.017,7;4;0,6;;;46;20;15;10;1;;
16726;1996;1;17;6;1.019,5;3;0;5,2;2;49;10;12;10;1;;
16726;1996;1;17;9;1.020,4;6,8;3,6;;;55;10;7;10;1;;
16726;1996;1;17;12;1.020,4;9,8;4,2;;;39;320;4;10;1;;
16726;1996;1;17;15;1.019,2;9;4,6;;;44;360;10;10;2;;
16726;1996;1;17;18;1.021;4,2;1,2;10,6;2,8;52;360;10;10;2;;
16726;1996;1;17;21;1.021;4;0,8;;;49;360;7;10;2;;
16726;1996;1;18;0;1.021;3,6;0,4;;;47;10;14;10;2;;
16726;1996;1;18;3;1.021;1,2;-0,8;;;65;350;7;10;2;;
16726;1996;1;18;6;1.021,2;0,6;-1,2;5,2;0,6;69;350;7;10;2;;
16726;1996;1;18;9;1.022,4;8;4;;;46;360;6;10;2;;
16726;1996;1;18;12;1.020,2;11;5;;;30;120;5;10;2;;
16726;1996;1;18;15;1.019,5;10;5;;;39;180;5;20;0;;
16726;1996;1;18;18;1.020,4;3,6;1,6;11,6;0,6;67;330;5;20;0;;
16726;1996;1;18;21;1.021;0,4;-0,6;;;82;360;7;10;0;;
16726;1996;1;19;0;1.020,5;-0,2;-1,4;;;78;360;6;10;0;;
16726;1996;1;19;3;1.020;-0,8;-2;;;77;360;7;10;0;;
16726;1996;1;19;6;1.020;-1,2;-2,2;5,4;-1,4;81;350;5;10;0;;
16726;1996;1;19;9;1.019,9;7,6;4,6;;;59;360;4;10;4;;
16726;1996;1;19;12;1.017,7;12;7,6;;;50;180;5;10;3;;
16726;1996;1;19;15;1.017,2;10,2;7,2;;;62;220;5;10;6;;
16726;1996;1;19;18;1.017,2;7,2;6;13;-1,4;83;0;0;10;5;;
16726;1996;1;19;21;1.018;3,4;3;;;93;350;5;10;3;;
16726;1996;1;20;0;1.017,4;4,6;4;;;90;10;4;10;3;;
16726;1996;1;20;3;1.016,7;5;4,4;;;90;350;4;8;4;0,1;
16726;1996;1;20;6;1.016,7;5,2;5;7,2;3,2;97;40;4;8;6;1;
16726;1996;1;20;9;1.017,7;7,8;6,6;;;83;20;7;10;7;0,2;
16726;1996;1;20;12;1.016,2;11,4;8,6;;;67;20;7;10;8;0,2;
16726;1996;1;20;15;1.016,2;10,2;8,6;;;80;10;4;8;8;0;
16726;1996;1;20;18;1.017;8,4;7,4;11,4;5,2;86;360;6;8;7;0,4;
16726;1996;1;20;21;1.018;6,8;6;;;88;30;8;10;7;;
16726;1996;1;21;0;1.018,7;7;6,4;;;91;40;7;8;8;0,5;
16726;1996;1;21;3;1.018,4;6,4;6,2;;;97;360;5;10;6;0,7;
16726;1996;1;21;6;1.018,5;4,6;4,4;8,4;4,6;97;350;7;10;4;2,1;
16726;1996;1;21;9;1.018,9;9,2;8,4;;;89;0;0;10;6;;
16726;1996;1;21;12;1.017,7;11,8;10;;;78;0;0;8;8;0,1;
16726;1996;1;21;15;1.017,5;10,6;10;;;92;10;5;8;8;0,3;
16726;1996;1;21;18;1.017,7;9,2;8,8;12,2;4,6;95;0;0;7;8;1,3;
16726;1996;1;21;21;1.018;8,6;8,4;;;97;20;5;7;8;1,4;
16726;1996;1;22;0;1.017,7;8,4;8,2;;;97;350;4;10;8;2,2;
16726;1996;1;22;3;1.017;8;7,8;;;97;10;10;8;8;2,8;
16726;1996;1;22;6;1.018,2;8;7,6;11,6;8;94;360;4;8;8;17,2;
16726;1996;1;22;9;1.019,4;8,2;8;;;97;360;5;8;8;8,6;
16726;1996;1;22;12;1.017,7;8;7,6;;;94;360;6;8;8;11,8;
16726;1996;1;22;15;1.017,5;7;6,6;;;94;350;7;7;8;3;
16726;1996;1;22;18;1.018;6,8;6,4;9,6;6,4;94;10;5;8;8;23,4;
16726;1996;1;22;21;1.019;5;4,6;;;94;350;4;10;2;0;
16726;1996;1;23;0;1.020,2;3,4;3;;;93;360;6;10;2;;
16726;1996;1;23;3;1.020,2;2,6;2,4;;;96;360;7;10;1;;
16726;1996;1;23;6;1.021,4;2;1,6;6,8;1,8;93;350;5;10;0;0;
16726;1996;1;23;9;1.022,9;8,4;6,6;;;76;360;7;10;5;;
16726;1996;1;23;12;1.022,5;12,6;9;;;59;210;6;10;5;;
16726;1996;1;23;15;1.022,9;11,4;9,4;;;75;120;4;10;6;;
16726;1996;1;23;18;1.023,5;8,4;7,4;13,6;1,6;86;210;5;10;5;;
16726;1996;1;23;21;1.023,5;8,2;7,6;;;92;0;0;10;6;;
16726;1996;1;24;0;1.023,2;8;7,8;;;97;20;5;8;7;0,4;
16726;1996;1;24;3;1.022,7;7,8;7,4;;;94;20;6;8;7;0;
16726;1996;1;24;6;1.023,5;7,4;7,2;9;7,4;97;20;4;5;8;0,8;
16726;1996;1;24;9;1.024,4;8;7,6;;;94;0;0;8;8;0;
16726;1996;1;24;12;1.022,9;13;10;;;66;180;6;8;7;;
16726;1996;1;24;15;1.022,5;12,4;9,2;;;63;220;7;8;8;;
16726;1996;1;24;18;1.022;10;8,2;13,2;7,4;77;130;5;8;8;0;
16726;1996;1;24;21;1.022,2;8,4;7,6;;;89;330;4;8;6;;
16726;1996;1;25;0;1.021,7;9;7,6;;;82;20;8;10;6;;
16726;1996;1;25;3;1.020;10;9,8;;;97;20;8;10;6;;
16726;1996;1;25;6;1.020,2;13,2;10,8;13,2;8,2;73;180;15;10;8;;
16726;1996;1;25;9;1.019,9;14,4;11,6;;;70;200;18;10;8;;
16726;1996;1;25;12;1.018,5;15;12;;;68;190;20;10;8;;
16726;1996;1;25;15;1.017,2;14,6;11,4;;;65;190;23;10;8;;
16726;1996;1;25;18;1.018;14,2;11,4;15,2;8,2;69;190;17;8;8;;
16726;1996;1;25;21;1.018,5;14;11,4;;;71;210;12;10;8;;
16726;1996;1;26;0;1.017,7;13;11;;;77;200;10;10;8;;
16726;1996;1;26;3;1.016,4;12,4;10;;;72;120;4;10;8;;
16726;1996;1;26;6;1.013,7;8,4;7,4;14,2;8,4;86;360;6;10;4;;
16726;1996;1;26;9;1.012,4;13,8;11;;;69;360;6;10;7;;
16726;1996;1;26;12;1.010,9;15,2;11,8;;;65;20;5;10;8;;
16726;1996;1;26;15;1.009;14,6;12,2;;;74;200;8;8;8;0;
16726;1996;1;26;18;1.008,7;14,2;11,8;16,2;8,4;74;190;16;8;8;0,3;
16726;1996;1;26;21;1.008,7;15;13,4;;;83;190;27;8;7;0;
16726;1996;1;27;0;1.008,2;15;13,8;;;87;190;14;8;7;0,3;
16726;1996;1;27;3;1.007;14,6;13,6;;;89;190;18;8;7;;
16726;1996;1;27;6;1.007,7;11;10,6;16;11;95;0;0;8;8;6,3;
16726;1996;1;27;9;1.009,7;11,4;10,8;;;93;20;5;8;5;4,7;
16726;1996;1;27;12;1.009,7;16;13;;;69;210;5;10;5;;
16726;1996;1;27;15;1.010;15;12,6;;;75;30;7;10;2;;
16726;1996;1;27;18;1.013;12;10,8;16;10,6;86;20;5;10;2;4,7;
16726;1996;1;27;21;1.014,9;10;9;;;87;350;4;10;3;;
16726;1996;1;28;0;1.015,4;9;8,6;;;95;360;6;10;1;;
16726;1996;1;28;3;1.015,7;7;6,8;;;97;350;5;10;3;;
16726;1996;1;28;6;1.016,7;7,6;7;12;7;91;350;4;10;2;;
16726;1996;1;28;9;1.017,7;13,4;11,4;;;77;30;4;10;1;;
16726;1996;1;28;12;1.016,7;17,6;13;;;56;0;0;10;2;;
16726;1996;1;28;15;1.016,2;16,8;12;;;53;20;8;10;2;;
16726;1996;1;28;18;1.017,2;11,6;10,4;18,6;7;85;20;6;10;2;;
16726;1996;1;28;21;1.018,5;8,2;7,6;;;92;10;4;10;3;;
16726;1996;1;29;0;1.018;6,8;6,6;;;97;350;6;10;3;;
16726;1996;1;29;3;1.018;5,4;5,2;;;97;350;4;10;4;;
16726;1996;1;29;6;1.019;6,6;6;14;5,4;91;10;5;10;5;;
16726;1996;1;29;9;1.019,2;11,4;10;;;83;0;0;10;7;;
16726;1996;1;29;12;1.017;16;12,6;;;66;0;0;10;7;;
16726;1996;1;29;15;1.016,5;14;12;;;78;210;5;10;7;;
16726;1996;1;29;18;1.016,7;12;11,2;16,2;6;90;0;0;10;7;;
16726;1996;1;29;21;1.016,7;10;9,8;;;97;20;6;10;7;;
16726;1996;1;30;0;1.015,7;10,4;9,6;;;90;350;5;10;6;;
16726;1996;1;30;3;1.013,5;10;9;;;87;360;6;10;8;;
16726;1996;1;30;6;1.013,5;9,8;9;12;9,4;90;0;0;10;8;;
16726;1996;1;30;9;1.012,2;12;10,6;;;83;0;0;10;8;;
16726;1996;1;30;12;1.009;16;13;;;69;180;15;10;8;;
16726;1996;1;30;15;1.008,4;12,4;11,6;;;91;130;5;6;8;2;
16726;1996;1;30;18;1.007,9;11,4;10,6;16,6;9,8;90;90;4;8;8;6,6;
16726;1996;1;30;21;1.007;10,4;10;;;95;0;0;8;8;0,2;
16726;1996;1;31;0;1.006;10,6;10;;;92;10;6;8;8;0,6;
16726;1996;1;31;3;1.005,4;10,2;9,8;;;95;20;6;8;8;0,7;
16726;1996;1;31;6;1.005,4;12,4;9;13,4;10,2;61;360;8;10;6;1,9;
16726;1996;1;31;9;1.007,7;13,8;9,2;;;50;30;20;10;6;;
16726;1996;1;31;12;1.007,5;14,6;9,2;;;44;80;30;10;7;;
16726;1996;1;31;15;1.008,5;12,6;8;;;48;30;12;10;6;;
16726;1996;1;31;18;1.011,2;10;6,4;15,8;9,6;54;360;12;10;4;;
16726;1996;1;31;21;1.013,4;7,6;5;;;64;360;12;10;3;;
16726;1996;2;1;0;1.014,9;6,8;4,6;;;69;350;10;10;1;;
16726;1996;2;1;3;1.015,7;6,2;4;;;67;350;10;10;1;;
16726;1996;2;1;6;1.018;6,8;4,2;10,6;5,4;62;350;12;10;6;;
16726;1996;2;1;9;1.020,2;8,6;5,4;;;57;10;12;10;7;;
16726;1996;2;1;12;1.020,2;10;6;;;50;350;12;10;7;;
16726;1996;2;1;15;1.020,7;10,6;5;;;34;20;11;10;2;;
16726;1996;2;1;18;1.023;7,8;2,6;11,6;6,2;32;20;10;10;2;;
16726;1996;2;1;21;1.023,2;7;2;;;31;360;10;10;2;;
16726;1996;2;2;0;1.023,2;4,6;1,2;;;46;360;10;10;2;;
16726;1996;2;2;3;1.022,5;3,6;0,6;;;52;360;15;10;1;;
16726;1996;2;2;6;1.023;1;0;8,6;1;81;30;6;10;1;;
16726;1996;2;2;9;1.022,7;8,4;4,4;;;46;30;5;10;2;;
16726;1996;2;2;12;1.021;13,2;8;;;44;210;6;10;2;;
16726;1996;2;2;15;1.020,2;12,8;9,4;;;61;160;7;10;4;;
16726;1996;2;2;18;1.021,2;7,6;6;14,6;1;77;350;5;10;6;;
16726;1996;2;2;21;1.021;4,8;4,2;;;90;350;6;10;6;;
16726;1996;2;3;0;1.020,7;4,8;4,2;;;90;30;6;10;6;;
16726;1996;2;3;3;1.019,2;6,6;5,6;;;85;10;6;10;8;;
16726;1996;2;3;6;1.018,9;7,4;6,6;10,6;4,2;89;0;0;7;8;;
16726;1996;2;3;9;1.019,4;8,2;7,8;;;94;0;0;6;8;0,4;
16726;1996;2;3;12;1.017,4;10,2;10;;;97;20;13;4;8;5;
16726;1996;2;3;15;1.016,2;11;10,6;;;95;0;0;6;4;2,8;
16726;1996;2;3;18;1.016,5;8,2;8;11;7,4;97;0;0;1,5;5;8,4;
16726;1996;2;3;21;1.016,7;7,8;7,8;;;100;360;5;10;7;0,8;
16726;1996;2;4;0;1.016,2;6,6;6,4;;;97;20;7;6;4;0,6;
16726;1996;2;4;3;1.015,5;7,4;7,4;;;100;20;5;6;4;0,8;
16726;1996;2;4;6;1.015,2;6,2;6,2;8,2;6,2;100;360;4;8;2;2,2;
16726;1996;2;4;9;1.015;13;12;;;88;0;0;6;2;;
16726;1996;2;4;12;1.014;15;13,4;;;83;200;7;7;8;;
16726;1996;2;4;15;1.010,4;14,6;13,2;;;85;190;12;8;8;;
16726;1996;2;4;18;1.008;13,2;12,4;15,6;6,2;91;170;7;5;8;0,8;
16726;1996;2;4;21;1.006,4;14,4;13,2;;;87;170;14;7;8;0,4;
16726;1996;2;5;0;1.005,4;14,4;14;;;95;180;5;5;8;9,2;
16726;1996;2;5;3;1.001,5;12,8;12,4;;;95;0;0;8;8;4,2;
16726;1996;2;5;6;998,5;12;11,8;15;12;98;240;5;8;8;14,2;
16726;1996;2;5;9;997,5;15;13,8;;;87;30;5;10;4;0;
16726;1996;2;5;12;995,5;19;15,2;;;65;210;6;8;3;0;
16726;1996;2;5;15;995,9;16;14,4;;;83;20;6;7;8;0,2;
16726;1996;2;5;18;997,4;13,6;12,8;19;12;91;0;0;8;7;0,2;
16726;1996;2;5;21;998,5;12,2;11,6;;;93;0;0;8;7;;
16726;1996;2;6;0;999;9,8;9,6;;;97;0;0;8;4;;
16726;1996;2;6;3;998,4;8;7,8;;;97;0;0;10;4;;
16726;1996;2;6;6;998,5;6,2;6,2;15,2;6,2;100;0;0;8;3;;
16726;1996;2;6;9;998,5;12;11,2;;;90;270;20;1;8;2;
16726;1996;2;6;12;997,7;12,6;10,2;;;72;140;9;10;7;4;
16726;1996;2;6;15;997,7;12,4;10,4;;;76;360;5;8;7;1,1;
16726;1996;2;6;18;998,5;9,8;8,6;14;6,2;85;0;0;10;6;7,1;
16726;1996;2;6;21;999,7;8,6;7,6;;;87;150;6;8;4;0,3;
16726;1996;2;7;0;999,7;7;6,6;;;94;0;0;7;8;0,4;
16726;1996;2;7;3;998,5;6,6;6,4;;;97;10;5;8;7;0,6;
16726;1996;2;7;6;997,7;7,6;7,4;10,2;6,6;97;360;5;8;8;1,6;
16726;1996;2;7;9;997,7;12,6;10;;;70;170;15;8;8;3,4;
16726;1996;2;7;12;995;13,8;10;;;59;160;13;6;8;0,2;
16726;1996;2;7;15;994,4;11,2;10;;;85;170;14;5;8;5,7;
16726;1996;2;7;18;992,7;11,6;9,4;14,2;7,6;73;140;12;6;8;11,1;
16726;1996;2;7;21;991;11,8;10;;;78;200;12;7;8;0,9;
16726;1996;2;8;0;987,9;9,4;9;;;95;10;5;8;8;4,2;
16726;1996;2;8;3;985,7;8,6;8,4;;;97;360;7;8;7;0,4;
16726;1996;2;8;6;985;7,8;7,4;12,2;7,8;94;80;4;8;6;5,5;
16726;1996;2;8;9;985,2;12;10,4;;;81;10;4;8;4;;
16726;1996;2;8;12;986,2;14,2;11,2;;;67;170;7;8;6;0,2;
16726;1996;2;8;15;987,5;12,8;11;;;79;180;6;8;7;3,8;
16726;1996;2;8;18;990;10,8;10,2;15,2;7,6;92;0;0;8;8;4,5;
16726;1996;2;8;21;991,4;10;8,6;;;82;130;6;8;8;3;
16726;1996;2;9;0;991,7;8,4;8;;;94;0;0;10;5;;
16726;1996;2;9;3;992,7;7,2;6,8;;;94;0;0;4;5;;
16726;1996;2;9;6;994,4;7;6,8;10,8;7;97;20;8;8;7;3;
16726;1996;2;9;9;996,7;12;10,6;;;83;30;8;8;7;;
16726;1996;2;9;12;998;12;10,4;;;81;20;4;8;8;0,1;
16726;1996;2;9;15;1.000;12,2;10,2;;;76;40;11;8;7;0,1;
16726;1996;2;9;18;1.003,5;10,6;9,4;13,2;7;85;10;7;10;7;0,2;
16726;1996;2;9;21;1.006,2;9,4;8,6;;;90;20;8;10;7;;
16726;1996;2;10;0;1.008;10;8,4;;;79;10;8;10;7;;
16726;1996;2;10;3;1.010;9,2;8;;;84;10;7;8;8;1,5;
16726;1996;2;10;6;1.012,2;9,2;8,2;11;8,4;87;20;8;8;8;1,6;
16726;1996;2;10;9;1.014,4;10,4;8,6;;;78;20;12;8;8;0;
16726;1996;2;10;12;1.015,4;10,4;8,6;;;78;40;8;8;8;;
16726;1996;2;10;15;1.015,5;11,4;9;;;71;20;4;8;7;;
16726;1996;2;10;18;1.017,4;10;8,8;11,4;9;85;0;0;8;8;0;
16726;1996;2;10;21;1.018,5;8,4;7,8;;;92;0;0;8;6;;
16726;1996;2;11;0;1.019,2;6,2;5,8;;;94;350;4;10;3;;
16726;1996;2;11;3;1.019,7;6,4;6;;;94;20;7;10;5;;
16726;1996;2;11;6;1.020,7;6,2;5,6;10;5,4;91;10;5;8;7;;
16726;1996;2;11;9;1.021;10,2;8,6;;;80;0;0;7;7;;
16726;1996;2;11;12;1.020,2;12,2;10,2;;;76;190;7;7;7;;
16726;1996;2;11;15;1.020,2;11,4;9,4;;;75;220;6;7;8;;
16726;1996;2;11;18;1.020,7;10,6;9,4;12,6;6,2;85;0;0;7;8;;
16726;1996;2;11;21;1.020,7;9,8;9;;;90;0;0;6;8;0,1;
16726;1996;2;12;0;1.020;9;8,8;;;97;20;6;5;8;;
16726;1996;2;12;3;1.018,7;8;7,4;;;91;0;0;7;7;;
16726;1996;2;12;6;1.019,2;7,4;6,8;12,6;7,2;91;20;5;8;7;0,1;
16726;1996;2;12;9;1.020,2;11;9;;;75;30;5;8;7;;
16726;1996;2;12;12;1.018,2;13,2;9,8;;;62;180;15;8;7;;
16726;1996;2;12;15;1.016,2;13,2;10;;;64;190;10;8;7;;
16726;1996;2;12;18;1.015,9;13;10;14;7,4;66;200;8;8;8;;
16726;1996;2;12;21;1.015;11;9,4;;;80;20;6;10;8;;
16726;1996;2;13;0;1.014;10,8;9,4;;;82;0;0;10;8;;
16726;1996;2;13;3;1.012;10,4;9,2;;;85;10;4;8;8;;
16726;1996;2;13;6;1.011,2;9,6;9,4;13,2;9,6;97;20;4;6;8;2,7;
16726;1996;2;13;9;1.010,4;12,4;12,2;;;98;20;6;8;8;;
16726;1996;2;13;12;1.009;14,6;12,8;;;80;40;6;8;8;;
16726;1996;2;13;15;1.009,7;11,4;10,8;;;93;0;0;7;8;1,3;
16726;1996;2;13;18;1.010,2;9,2;9;16;9;97;350;5;8;3;1,3;
16726;1996;2;13;21;1.010,5;8,4;8,2;;;97;20;5;8;6;;
16726;1996;2;14;0;1.010,7;8,2;8;;;97;0;0;8;7;;
16726;1996;2;14;3;1.010,4;8,8;8,6;;;97;0;0;5;8;1,3;
16726;1996;2;14;6;1.011,2;7;6,8;9,2;7;97;0;0;5;3;2,3;
16726;1996;2;14;9;1.011,7;10;9,6;;;95;250;6;5;8;3;
16726;1996;2;14;12;1.012,2;12,4;12;;;95;140;5;5;8;14,6;
16726;1996;2;14;15;1.012,4;14;12,8;;;87;0;0;8;7;0,4;
16726;1996;2;14;18;1.014,2;10;9,8;15,2;5,2;97;350;5;8;4;18;
16726;1996;2;14;21;1.016;7,2;6,8;;;94;0;0;10;2;;
16726;1996;2;15;0;1.016,7;7,8;7,4;;;94;360;5;10;4;;
16726;1996;2;15;3;1.016,7;6,6;6,4;;;97;0;0;10;5;;
16726;1996;2;15;6;1.018;8;7,8;10,2;6,4;97;0;0;8;7;0,5;
16726;1996;2;15;9;1.018,5;12,8;11,2;;;81;0;0;10;6;;
16726;1996;2;15;12;1.018;14,2;12,4;;;80;210;6;10;7;0,1;
16726;1996;2;15;15;1.017;13,8;12;;;80;0;0;10;7;0,1;
16726;1996;2;15;18;1.017,2;11,4;11;15;8;95;40;5;6;7;10,1;
16726;1996;2;15;21;1.018,2;8,8;8,6;;;97;350;5;7;4;;
16726;1996;2;16;0;1.017,4;7,8;7,6;;;97;20;8;7;5;;
16726;1996;2;16;3;1.016,2;9,4;8,8;;;92;330;5;8;7;0,9;
16726;1996;2;16;6;1.016,2;9,4;9;11,4;7,6;95;0;0;10;7;1;
16726;1996;2;16;9;1.016;12,8;11;;;79;0;0;10;6;;
16726;1996;2;16;12;1.015;13,8;11,8;;;78;0;0;10;6;;
16726;1996;2;16;15;1.013,4;13,4;11,4;;;77;190;4;10;7;;
16726;1996;2;16;18;1.013,7;10,2;9,6;13,8;9,4;92;0;0;10;3;;
16726;1996;2;16;21;1.013,7;7,4;7,2;;;97;0;0;10;2;;
16726;1996;2;17;0;1.013;6;5,8;;;97;350;6;10;1;;
16726;1996;2;17;3;1.012,2;5,2;5;;;97;340;5;10;1;;
16726;1996;2;17;6;1.012;4,2;4,2;10,2;4,2;100;360;4;8;3;;
16726;1996;2;17;9;1.012,2;10,6;10;;;92;360;5;10;5;;
16726;1996;2;17;12;1.010,9;16,6;12,6;;;61;0;0;10;3;;
16726;1996;2;17;15;1.009,4;15,4;12;;;65;160;6;10;3;;
16726;1996;2;17;18;1.010,4;10,4;8,8;17,2;4,2;80;20;5;10;0;;
16726;1996;2;17;21;1.010,9;7,2;7;;;97;330;5;10;0;;
16726;1996;2;18;0;1.011;6,2;6;;;97;330;5;10;0;;
16726;1996;2;18;3;1.012,7;4;3,8;;;97;330;6;10;0;;
16726;1996;2;18;6;1.009,7;5,2;3;11;4;66;0;0;10;6;;
16726;1996;2;18;9;1.010,2;8,4;8;;;94;0;0;8;8;0;
16726;1996;2;18;12;1.008,7;14,2;10,8;;;64;200;7;8;3;0;
16726;1996;2;18;15;1.007,7;12,6;10,4;;;74;210;6;8;8;;
16726;1996;2;18;18;1.008,5;10,4;9,6;14,8;5,2;90;0;0;8;7;0;
16726;1996;2;18;21;1.009,5;8,8;7,4;;;81;360;5;8;4;;
16726;1996;2;19;0;1.010,2;7,8;6,6;;;83;360;4;8;3;;
16726;1996;2;19;3;1.011;5,8;5;;;88;350;6;8;4;;
16726;1996;2;19;6;1.012,5;5,2;4,4;10,4;5;87;20;6;10;2;;
16726;1996;2;19;9;1.013,7;13,6;9,8;;;59;0;0;10;1;;
16726;1996;2;19;12;1.013,2;15,4;10,8;;;53;210;8;10;2;;
16726;1996;2;19;15;1.014;14,8;10,8;;;58;180;10;10;5;;
16726;1996;2;19;18;1.015,7;11,2;9,2;15,8;5,2;75;0;0;10;5;;
16726;1996;2;19;21;1.016,4;6,6;6,2;;;94;0;0;10;2;;
16726;1996;2;20;0;1.016,5;4,4;4;;;93;0;0;10;2;;
16726;1996;2;20;3;1.016,4;3,8;3,6;;;97;360;5;10;4;;
16726;1996;2;20;6;1.016;5;4,8;11,8;3,8;97;0;0;8;6;;
16726;1996;2;20;9;1.016,7;10,4;9,4;;;87;0;0;5;5;;
16726;1996;2;20;12;1.015,9;15,2;12,4;;;70;200;17;8;5;;
16726;1996;2;20;15;1.015;15;13;;;79;200;17;10;4;;
16726;1996;2;20;18;1.015,2;14,4;12,6;17;5;80;180;16;8;4;;
16726;1996;2;20;21;1.014,5;14,8;12,2;;;72;170;20;8;6;;
16726;1996;2;21;0;1.014,4;15,2;11,8;;;65;170;19;8;7;;
16726;1996;2;21;3;1.013,2;15;11,8;;;66;150;12;8;7;;
16726;1996;2;21;6;1.013,7;15;12,2;16,2;14,4;70;150;15;8;7;0,1;
16726;1996;2;21;9;1.013,7;16,4;12,8;;;64;180;19;10;6;;
16726;1996;2;21;12;1.012,4;17,2;13;;;59;180;15;10;6;;
16726;1996;2;21;15;1.012,4;16,8;12,6;;;59;170;20;10;8;;
16726;1996;2;21;18;1.011,9;16,4;12,4;17,2;15;60;190;21;10;8;;
16726;1996;2;21;21;1.012,2;15,2;13;;;77;190;18;8;8;0;
16726;1996;2;22;0;1.011,7;14;12,6;;;85;170;15;8;8;4,9;
16726;1996;2;22;3;1.010,5;13,4;12,6;;;91;280;4;7;8;1,5;
16726;1996;2;22;6;1.008,7;13;12,6;16,6;12,6;95;0;0;5;8;7,5;
16726;1996;2;22;9;1.010;14,2;13,8;;;95;290;6;4;8;2,8;
16726;1996;2;22;12;1.007,7;14,8;12,6;;;77;30;8;8;5;;
16726;1996;2;22;15;1.007,2;15;11,2;;;60;20;9;10;5;;
16726;1996;2;22;18;1.007;12,8;10,2;17,7;12,2;70;0;0;10;8;2,8;
16726;1996;2;22;21;1.005,2;10,8;10,2;;;92;20;8;8;8;1,5;
16726;1996;2;23;0;1.003,4;8,8;8,2;;;92;40;15;6;8;4,4;
16726;1996;2;23;3;1.002;8;7,6;;;94;350;5;7;8;2,1;
16726;1996;2;23;6;1.003,5;8;7,8;14;8;97;20;4;6;8;8,9;
16726;1996;2;23;9;1.005;9,4;8,6;;;90;0;0;7;6;0,4;
16726;1996;2;23;12;1.005;11,8;9,2;;;69;0;0;8;6;1,2;
16726;1996;2;23;15;1.006,5;10,4;7,8;;;68;0;0;10;4;3,1;
16726;1996;2;23;18;1.008,7;6,6;6;12;6,6;91;30;5;8;4;5;
16726;1996;2;23;21;1.011,4;5,6;5,2;;;94;0;0;8;7;0,6;
16726;1996;2;24;0;1.013,5;5;4,6;;;94;20;6;8;4;1;
16726;1996;2;24;3;1.014,5;5;4,8;;;97;30;6;8;7;1,1;
16726;1996;2;24;6;1.014,9;3,2;3;6,6;3,2;97;0;0;8;2;3,3;
16726;1996;2;24;9;1.016,4;7,6;6,6;;;86;50;7;7;7;;
16726;1996;2;24;12;1.016,5;8,6;7,8;;;89;50;6;4;7;1,4;
16726;1996;2;24;15;1.015,7;11,4;8,4;;;64;0;0;8;6;0,4;
16726;1996;2;24;18;1.015;10;8,8;11,8;3,2;85;190;7;6;4;1,8;
16726;1996;2;24;21;1.015,5;8,2;7,4;;;89;0;0;7;4;0,2;
16726;1996;2;25;0;1.017,5;8,8;7;;;76;10;7;7;5;;
16726;1996;2;25;3;1.018,5;5;3,8;;;81;0;0;8;4;;
16726;1996;2;25;6;1.019;6;4,4;11;4,8;76;20;8;8;4;0,2;
16726;1996;2;25;9;1.021,2;10,8;6,8;;;52;20;10;10;2;;
16726;1996;2;25;12;1.020,5;12,4;8;;;50;360;12;10;2;;
16726;1996;2;25;15;1.020,2;12,4;8;;;50;350;10;10;2;;
16726;1996;2;25;18;1.021,7;6,8;5;13,2;6;74;10;6;10;1;;
16726;1996;2;25;21;1.022,5;4,8;3,4;;;77;360;5;10;1;;
16726;1996;2;26;0;1.023;3,8;2,6;;;80;0;0;10;1;;
16726;1996;2;26;3;1.023;1,6;1;;;89;350;4;10;1;;
16726;1996;2;26;6;1.023;0,6;0,2;6,8;0,6;92;360;6;10;1;;
16726;1996;2;26;9;1.023;11,2;7,4;;;54;0;0;8;1;;
16726;1996;2;26;12;1.022;13,2;9;;;54;200;8;8;3;;
16726;1996;2;26;15;1.021;13,8;9,4;;;52;360;4;8;6;;
16726;1996;2;26;18;1.022;10,4;9;14,2;0,6;82;70;5;8;7;;
16726;1996;2;26;21;1.021,7;8,8;7,4;;;81;10;4;8;7;0,1;
16726;1996;2;27;0;1.021,5;6,4;4,4;;;70;10;10;8;4;;
16726;1996;2;27;3;1.020,7;4,4;3,2;;;80;360;7;10;2;;
16726;1996;2;27;6;1.021,4;4,6;3;10,4;4,4;74;20;8;10;3;0,1;
16726;1996;2;27;9;1.020,7;11,6;6,6;;;43;320;4;10;0;;
16726;1996;2;27;12;1.019,4;12,8;7,8;;;45;210;10;10;2;;
16726;1996;2;27;15;1.017,5;12,8;8,2;;;48;200;7;10;4;;
16726;1996;2;27;18;1.017,7;8,6;5,2;13,4;4,4;55;360;7;10;4;;
16726;1996;2;27;21;1.018,4;6,8;4,2;;;62;350;7;10;6;;
16726;1996;2;28;0;1.016,7;6,4;4;;;65;350;4;10;3;;
16726;1996;2;28;3;1.016,2;3,8;2,2;;;73;350;5;10;1;;
16726;1996;2;28;6;1.015,2;6;3,6;10;3,8;65;350;6;10;6;;
16726;1996;2;28;9;1.016,4;9,4;5,4;;;48;360;15;10;8;;
16726;1996;2;28;12;1.014,7;6;5;;;85;300;10;6;8;2,4;
16726;1996;2;28;15;1.013,2;6,8;5,4;;;79;360;12;6;8;0,6;
16726;1996;2;28;18;1.013,7;6,4;5;9,6;6;79;350;7;10;8;3,8;
16726;1996;2;28;21;1.014,2;6;5,2;;;88;20;8;10;8;;
16726;1996;2;29;0;1.013,2;6,4;5;;;79;330;8;10;8;;
16726;1996;2;29;3;1.011,7;6;5,2;;;88;330;10;10;6;;
16726;1996;2;29;6;1.010,5;7;4,8;7,4;6;69;350;10;10;7;;
16726;1996;2;29;9;1.011,9;7,2;5,4;;;74;20;11;5;8;3,2;
16726;1996;2;29;12;1.011,7;5,6;5;;;91;360;11;5;8;8,1;
16726;1996;2;29;15;1.011,4;5;4,6;;;94;10;8;5;8;6,2;
16726;1996;2;29;18;1.011;5;4,6;8;5;94;10;6;7;8;18,8;
16726;1996;2;29;21;1.011,7;5,4;4,8;;;91;20;5;8;8;;
16726;1996;3;1;0;1.011,2;5,6;4,4;;;81;350;7;8;8;;
16726;1996;3;1;3;1.010,5;5,4;4;;;78;20;6;8;7;;
16726;1996;3;1;6;1.010,9;2,8;2;6;2,8;86;10;6;8;3;;
16726;1996;3;1;9;1.011,2;10;6,6;;;58;20;5;8;2;;
16726;1996;3;1;12;1.010;12,2;7;;;42;0;0;10;2;;
16726;1996;3;1;15;1.009,4;12,2;6,6;;;38;360;8;10;1;;
16726;1996;3;1;18;1.010,5;6,6;4;13,4;2,8;62;0;0;10;0;;
16726;1996;3;1;21;1.010,5;3,6;3;;;90;0;0;10;5;;
16726;1996;3;2;0;1.010;3,2;2,6;;;90;350;6;10;3;;
16726;1996;3;2;3;1.009,7;3,2;2,6;;;90;350;5;10;3;;
16726;1996;3;2;6;1.009,4;2,8;2,4;6,6;2,8;93;350;4;7;3;;
16726;1996;3;2;9;1.009;11,8;8,6;;;63;180;5;7;4;;
16726;1996;3;2;12;1.006,5;12,8;10;;;68;180;13;8;6;;
16726;1996;3;2;15;1.004,7;12,8;10,8;;;77;180;11;10;5;;
16726;1996;3;2;18;1.005;9,6;8,4;14,2;2,8;84;0;0;8;6;;
16726;1996;3;2;21;1.006;7,6;7;;;91;10;6;10;7;;
16726;1996;3;3;0;1.006,5;8,4;6,6;;;76;10;7;10;7;;
16726;1996;3;3;3;1.006,9;6,6;5,4;;;82;340;4;8;8;0,9;
16726;1996;3;3;6;1.007,5;6;4,8;10,4;6;82;0;0;10;8;1;
16726;1996;3;3;9;1.008,7;8,8;4,4;;;42;360;10;10;7;;
16726;1996;3;3;12;1.009,2;9,6;4,4;;;35;20;10;10;7;;
16726;1996;3;3;15;1.009,2;9,2;4,8;;;44;20;10;10;5;;
16726;1996;3;3;18;1.012,4;6,2;3;10,4;6;53;20;6;10;3;;
16726;1996;3;3;21;1.012;2;0,8;;;79;360;6;10;1;;
16726;1996;3;4;0;1.012,5;0,2;-0,4;;;89;350;5;10;0;;
16726;1996;3;4;3;1.012,4;-0,6;-1;;;92;360;7;10;0;;
16726;1996;3;4;6;1.013,2;-0,8;-1,4;6,6;-0,8;89;10;6;10;4;;
16726;1996;3;4;9;1.014,2;7,2;3,8;;;53;0;0;10;8;;
16726;1996;3;4;12;1.011,5;9,6;5,8;;;52;0;0;10;8;;
16726;1996;3;4;15;1.009;7,8;6,6;;;83;0;0;8;8;0;
16726;1996;3;4;18;1.007;6;5,8;10;-0,8;97;350;6;6;8;2,3;
16726;1996;3;4;21;1.007;5,2;4,8;;;94;10;10;8;8;2,3;
16726;1996;3;5;0;1.005,5;5;4,4;;;90;360;7;6;8;3,4;
16726;1996;3;5;3;1.005;5,2;4;;;81;10;7;10;8;;
16726;1996;3;5;6;1.004,7;5,4;4,6;6;4,8;88;0;0;8;8;5,7;
16726;1996;3;5;9;1.006;4,4;4;;;93;330;12;6;8;5,4;
16726;1996;3;5;12;1.007,9;4,6;4;;;90;20;15;6;8;8;
16726;1996;3;5;15;1.006,2;5;4;;;84;330;7;8;8;5,6;
16726;1996;3;5;18;1.007,7;5,4;3;6;4,4;63;10;10;10;8;19;
16726;1996;3;5;21;1.009,4;5;2,2;;;56;10;7;10;3;;
16726;1996;3;6;0;1.011;5,2;2,2;;;54;0;0;10;5;;
16726;1996;3;6;3;1.011,5;2,4;0,4;;;64;360;5;10;3;;
16726;1996;3;6;6;1.014;1;0,2;5,6;0,4;85;20;5;10;2;;
16726;1996;3;6;9;1.014,7;8,2;3,2;;;34;330;5;10;0;;
16726;1996;3;6;12;1.015;10,4;5,2;;;37;20;7;10;0;;
16726;1996;3;6;15;1.013,4;11,6;5,6;;;33;20;7;10;0;;
16726;1996;3;6;18;1.014,7;5;2,8;12;1;66;40;7;10;0;;
16726;1996;3;6;21;1.016;2,2;1;;;79;350;6;10;0;;
16726;1996;3;7;0;1.016,2;0,6;-0,4;;;82;350;7;10;0;;
16726;1996;3;7;3;1.015,7;0;-1;;;82;350;6;10;0;;
16726;1996;3;7;6;1.017,7;1;0;6,6;0;81;20;6;10;0;;
16726;1996;3;7;9;1.018;10,4;6;;;46;20;5;10;0;;
16726;1996;3;7;12;1.017,2;13,6;6,8;;;29;210;4;10;1;;
16726;1996;3;7;15;1.016,5;11,4;8;;;60;210;7;10;7;;
16726;1996;3;7;18;1.017,4;9,6;6,8;14;0;64;220;4;10;7;;
16726;1996;3;7;21;1.018;7,8;4,2;;;51;360;10;10;7;;
16726;1996;3;8;0;1.019;7,4;3,4;;;44;60;15;10;7;;
16726;1996;3;8;3;1.019;6,2;3,4;;;58;40;7;10;8;;
16726;1996;3;8;6;1.018,7;8;4,4;11,4;6,2;51;20;12;10;8;;
16726;1996;3;8;9;1.018,9;11;6,2;;;43;330;5;10;8;;
16726;1996;3;8;12;1.017,4;13,8;8,4;;;42;180;5;10;2;;
16726;1996;3;8;15;1.017,5;12;7;;;43;30;7;10;3;;
16726;1996;3;8;18;1.019;7,6;4;13,8;7,6;51;360;7;10;3;;
16726;1996;3;8;21;1.019,7;7,2;3,6;;;51;10;10;10;3;;
16726;1996;3;9;0;1.019,7;6,6;3,6;;;57;20;6;10;3;;
16726;1996;3;9;3;1.019,4;4,2;2,6;;;74;350;8;10;2;;
16726;1996;3;9;6;1.019,9;6,2;3,4;13,4;4;58;20;8;10;1;;
16726;1996;3;9;9;1.020,5;10,2;5,2;;;39;60;10;10;2;;
16726;1996;3;9;12;1.019,5;13;7,6;;;42;320;6;10;3;;
16726;1996;3;9;15;1.019,2;11,6;6,8;;;45;360;6;10;7;;
16726;1996;3;9;18;1.019,7;8;4,8;14,2;6,2;57;20;7;10;6;;
16726;1996;3;9;21;1.020,7;7,6;4;;;51;360;10;10;5;;
16726;1996;3;10;0;1.020;4,6;2,4;;;65;360;8;10;3;;
16726;1996;3;10;3;1.018;2,2;0,8;;;75;350;7;10;2;;
16726;1996;3;10;6;1.018;2;0,8;8;1,4;79;350;7;10;2;;
16726;1996;3;10;9;1.017;11,6;6,4;;;39;20;5;10;2;;
16726;1996;3;10;12;1.014,9;13,8;8,4;;;42;200;7;10;3;;
16726;1996;3;10;15;1.013,5;11,6;7,2;;;48;190;8;10;4;;
16726;1996;3;10;18;1.014;10,2;8;14,4;2;72;110;5;10;8;;
16726;1996;3;10;21;1.014,4;8,6;6;;;65;360;4;10;8;;
16726;1996;3;11;0;1.013,7;7,8;5,2;;;64;360;6;10;8;;
16726;1996;3;11;3;1.013;7,4;5;;;66;20;6;10;8;;
16726;1996;3;11;6;1.013;6;4,2;11;5,6;73;20;5;8;7;;
16726;1996;3;11;9;1.013,4;11,2;7;;;50;300;5;8;7;;
16726;1996;3;11;12;1.012,4;13,8;9;;;49;0;0;10;5;;
16726;1996;3;11;15;1.012,2;11,6;7,8;;;56;340;5;10;7;;
16726;1996;3;11;18;1.012,4;8,6;5,8;14,2;6;63;360;5;10;7;;
16726;1996;3;11;21;1.012,2;8,4;5,6;;;63;10;5;10;7;;
16726;1996;3;12;0;1.011,9;8,4;5,4;;;59;10;8;10;8;;
16726;1996;3;12;3;1.010,9;7,4;5,6;;;75;10;7;8;8;0;
16726;1996;3;12;6;1.011;6,4;6;9,6;6,4;94;20;10;6;8;2,7;
16726;1996;3;12;9;1.011,2;7;6,4;;;91;20;8;7;8;1,2;
16726;1996;3;12;12;1.010,7;9,2;8,4;;;89;20;5;7;8;0,5;
16726;1996;3;12;15;1.010;9,6;9,2;;;95;20;6;4;8;1,8;
16726;1996;3;12;18;1.010;11,8;11,4;12,8;6,4;95;0;0;6;8;5,3;
16726;1996;3;12;21;1.011;9,8;9,4;;;95;30;5;7;2;;
16726;1996;3;13;0;1.011,4;6;5,8;;;97;360;4;6;1;;
16726;1996;3;13;3;1.011,7;4,6;4,6;;;100;350;4;8;1;;
16726;1996;3;13;6;1.013;5;5;11,8;4;100;0;0;8;5;;
16726;1996;3;13;9;1.013,2;14,4;12;;;74;0;0;10;3;;
16726;1996;3;13;12;1.011,7;15,8;12;;;61;220;5;10;7;;
16726;1996;3;13;15;1.010,4;14,8;12,4;;;74;200;4;10;8;;
16726;1996;3;13;18;1.009,2;12,6;11,6;17,4;5;88;0;0;10;8;;
16726;1996;3;13;21;1.009,2;11,8;10,4;;;83;10;4;10;8;;
16726;1996;3;14;0;1.008,7;10,4;9,8;;;92;350;7;8;8;3,6;
16726;1996;3;14;3;1.006;11,8;9,4;;;71;10;8;10;8;0,8;
16726;1996;3;14;6;1.004,7;13,4;9,8;14;10,4;61;30;9;10;8;4,4;
16726;1996;3;14;9;1.006;18;12,4;;;48;110;12;10;6;;
16726;1996;3;14;12;1.006,4;19,4;13;;;44;100;13;10;4;;
16726;1996;3;14;15;1.006,9;18,6;12,8;;;48;90;12;10;2;;
16726;1996;3;14;18;1.008,4;12,6;10;21;12,6;70;340;6;10;1;;
16726;1996;3;14;21;1.009,5;10;9,2;;;90;20;8;10;2;;
16726;1996;3;15;0;1.010;11;9;;;75;20;5;10;3;;
16726;1996;3;15;3;1.010,4;10;8,8;;;85;20;5;10;6;;
16726;1996;3;15;6;1.009,7;12;9,8;13,4;10;74;20;6;10;7;;
16726;1996;3;15;9;1.011;15,4;12;;;65;0;0;10;7;;
16726;1996;3;15;12;1.010,5;18,8;14;;;56;250;5;10;6;;
16726;1996;3;15;15;1.010,5;17,2;13,6;;;65;240;4;10;6;;
16726;1996;3;15;18;1.011,2;15;12,8;19,6;12;77;20;4;10;6;;
16726;1996;3;15;21;1.011,7;11,8;10,6;;;86;40;6;10;2;;
16726;1996;3;16;0;1.010,5;11;10;;;88;360;6;10;4;;
16726;1996;3;16;3;1.010;11,2;10,6;;;93;20;11;8;7;0,7;
16726;1996;3;16;6;1.012,2;10,8;10,6;16;10,8;97;10;8;3;8;13,4;
16726;1996;3;16;9;1.013,5;10,8;10,4;;;95;350;5;5;8;12,5;
16726;1996;3;16;12;1.011,2;12,8;11;;;79;20;8;10;6;2,6;
16726;1996;3;16;15;1.010,7;14,2;12;;;76;20;6;10;5;;
16726;1996;3;16;18;1.011,4;10,8;10;15,6;10,8;90;0;0;10;4;15,1;
16726;1996;3;16;21;1.011,7;9,8;9,4;;;95;0;0;10;5;0,2;
16726;1996;3;17;0;1.011,7;7,6;7;;;91;320;5;10;4;5,2;
16726;1996;3;17;3;1.011,4;5,6;5,4;;;97;10;4;10;2;;
16726;1996;3;17;6;1.011,5;6,4;6,4;15,2;5,4;100;10;4;10;4;6,3;
16726;1996;3;17;9;1.011,9;13,8;11,4;;;73;0;0;10;6;0,2;
16726;1996;3;17;12;1.011,9;15,6;12,6;;;69;0;0;10;4;0;
16726;1996;3;17;15;1.011;16;12;;;60;20;8;10;3;;
16726;1996;3;17;18;1.012,2;11;9;16,6;5,6;75;330;4;10;2;0,2;
16726;1996;3;17;21;1.013;8,4;7,8;;;92;310;5;10;2;;
16726;1996;3;18;0;1.013;6,8;6,4;;;94;10;7;10;2;;
16726;1996;3;18;3;1.012,7;5,2;5;;;97;360;5;10;2;;
16726;1996;3;18;6;1.012,5;6;5,8;11;4,4;97;0;0;8;3;;
16726;1996;3;18;9;1.013,7;13;10;;;66;0;0;10;8;;
16726;1996;3;18;12;1.013;14,2;12;;;76;300;4;10;8;;
16726;1996;3;18;15;1.012,7;12;10,8;;;86;150;6;10;7;6,4;
16726;1996;3;18;18;1.012,7;9,4;8;15;6;82;0;0;10;4;6,4;
16726;1996;3;18;21;1.013,4;9,8;9,6;;;97;290;5;8;7;0,7;
16726;1996;3;19;0;1.013,4;9,2;9;;;97;20;4;8;7;;
16726;1996;3;19;3;1.013;9,2;9;;;97;40;6;6;8;5,9;
16726;1996;3;19;6;1.012,7;8,6;8,6;10;8,4;100;330;4;10;8;8,6;
16726;1996;3;19;9;1.013,4;10,6;10;;;92;0;0;10;8;1,5;
16726;1996;3;19;12;1.012,4;13;11,4;;;81;210;6;8;8;;
16726;1996;3;19;15;1.012,2;10;9,2;;;90;0;0;6;7;11,5;
16726;1996;3;19;18;1.011,5;9,2;9;13,4;8,6;97;0;0;8;8;13,7;
16726;1996;3;19;21;1.011,5;8,8;8,6;;;97;20;6;10;6;3,6;
16726;1996;3;20;0;1.010,7;8,8;8,4;;;94;360;5;10;7;;
16726;1996;3;20;3;1.010,5;8,6;8,2;;;94;360;5;8;8;1,4;
16726;1996;3;20;6;1.010,9;9,2;8,8;10;8,6;95;0;0;10;7;5,6;
16726;1996;3;20;9;1.011,7;10,2;9,6;;;92;20;6;8;7;1,4;
16726;1996;3;20;12;1.011,7;13;10,4;;;70;0;0;10;8;;
16726;1996;3;20;15;1.011,9;11,8;10,6;;;86;0;0;8;7;3,7;
16726;1996;3;20;18;1.012,4;10,2;10;13,6;9;97;0;0;7;8;5,9;
16726;1996;3;20;21;1.014;9,6;9,4;;;97;0;0;6;8;1,6;
16726;1996;3;21;0;1.013,5;7,6;7,6;;;100;0;0;3;4;2,4;
16726;1996;3;21;3;1.013,7;5;5;;;100;0;0;16;2;;
16726;1996;3;21;6;1.013,7;6,4;6,4;11,8;5;100;0;0;7;2;4;
16726;1996;3;21;9;1.014,9;13,4;10,8;;;71;0;0;10;6;;
16726;1996;3;21;12;1.014,7;13;11,6;;;84;200;7;7;7;1,2;
16726;1996;3;21;15;1.014,4;13,4;11;;;73;0;0;10;5;0;
16726;1996;3;21;18;1.015;10,6;9;13,8;6,4;80;0;0;10;3;1,2;
16726;1996;3;21;21;1.015,7;7,4;6,8;;;91;0;0;10;2;;
16726;1996;3;22;0;1.016;5,8;5,4;;;94;350;8;10;2;;
16726;1996;3;22;3;1.016;4,8;4,4;;;93;10;6;10;2;;
16726;1996;3;22;6;1.017,2;5,6;5,2;12;4;94;0;0;8;4;;
16726;1996;3;22;9;1.018;14,2;10,8;;;64;330;4;10;3;;
16726;1996;3;22;12;1.016,7;17;10,6;;;41;360;10;10;3;;
16726;1996;3;22;15;1.015,9;16;10,4;;;44;10;10;10;7;;
16726;1996;3;22;18;1.017;11,6;9,6;17,2;5,6;76;40;7;10;7;;
16726;1996;3;22;21;1.017,7;9,6;9;;;92;0;0;10;6;2;
16726;1996;3;23;0;1.017,7;7,2;7;;;97;360;7;8;3;;
16726;1996;3;23;3;1.017,4;7;6,8;;;97;10;4;8;6;;
16726;1996;3;23;6;1.017,5;7;6,6;11,6;6,6;94;350;4;6;8;2;
16726;1996;3;23;9;1.018,5;12,2;10,6;;;81;200;4;6;8;;
16726;1996;3;23;12;1.018,2;11,6;10;;;81;150;4;6;8;1;
16726;1996;3;23;15;1.018;10,2;9,6;;;92;160;5;5;8;2,2;
16726;1996;3;23;18;1.019;9,8;9,4;13,8;7;95;0;0;5;8;4;
16726;1996;3;23;21;1.020,2;9,2;9;;;97;0;0;5;8;0,2;
16726;1996;3;24;0;1.020,7;6;5,4;;;91;0;0;7;2;;
16726;1996;3;24;3;1.020,7;6;5,2;;;88;360;5;8;4;;
16726;1996;3;24;6;1.022;7,4;5,6;10,2;5,4;75;10;7;10;4;0,2;
16726;1996;3;24;9;1.022,5;13,4;8,4;;;45;20;5;8;1;;
16726;1996;3;24;12;1.022,2;13,4;9,4;;;55;200;11;10;4;;
16726;1996;3;24;15;1.021,5;13,4;9,8;;;61;150;10;8;5;;
16726;1996;3;24;18;1.021,7;9,6;8,6;15,6;7,4;87;20;4;10;3;;
16726;1996;3;24;21;1.022;6,6;6,2;;;94;360;4;10;2;;
16726;1996;3;25;0;1.021,7;4,8;4,4;;;93;350;5;10;2;;
16726;1996;3;25;3;1.020,7;3,4;3,2;;;97;340;4;10;2;;
16726;1996;3;25;6;1.021;4,2;4;10,4;3;97;0;0;10;1;;
16726;1996;3;25;9;1.020,7;14,2;10,2;;;57;360;5;10;4;;
16726;1996;3;25;12;1.019,5;15,6;12;;;63;180;8;10;1;;
16726;1996;3;25;15;1.018,2;17;11,6;;;49;20;10;10;1;;
16726;1996;3;25;18;1.019;12,2;10,2;17,4;4,2;76;30;8;10;6;;
16726;1996;3;25;21;1.019;11,4;10,6;;;90;0;0;10;4;;
16726;1996;3;26;0;1.018;9;8,6;;;95;320;4;10;2;;
16726;1996;3;26;3;1.016,7;9,6;8,2;;;82;340;5;8;6;;
16726;1996;3;26;6;1.017,2;10,4;9,8;13;9;92;20;4;4;8;;
16726;1996;3;26;9;1.017,4;12,4;11,8;;;93;0;0;4;8;0,4;
16726;1996;3;26;12;1.016;16,6;13,6;;;70;0;0;6;7;;
16726;1996;3;26;15;1.014,7;15,4;13,6;;;81;180;6;6;5;;
16726;1996;3;26;18;1.014,7;12,8;12,2;17,2;10,4;93;0;0;6;3;0,4;
16726;1996;3;26;21;1.015,7;10,4;10,2;;;97;10;5;6;1;;
16726;1996;3;27;0;1.015;11;10,8;;;97;0;0;6;6;;
16726;1996;3;27;3;1.014;11,8;11,4;;;95;0;0;6;7;0;
16726;1996;3;27;6;1.012,7;11,6;11,2;14,6;10;95;330;5;5;7;0;
16726;1996;3;27;9;1.012,7;17;14;;;70;0;0;6;7;;
16726;1996;3;27;12;1.011,4;17,6;14,2;;;67;200;9;7;8;;
16726;1996;3;27;15;1.008,2;17;14;;;70;0;0;8;8;;
16726;1996;3;27;18;1.007;15,6;14;18,6;11,6;83;30;5;7;8;;
16726;1996;3;27;21;1.006;12,2;11,2;;;88;0;0;7;4;;
16726;1996;3;28;0;1.005,5;15,8;13,8;;;79;200;14;8;7;;
16726;1996;3;28;3;1.005;14,6;14,2;;;95;210;7;6;8;;
16726;1996;3;28;6;1.006;14,6;13,6;16;12,2;89;160;5;4;5;;
16726;1996;3;28;9;1.007,7;15,8;14,4;;;85;200;5;5;7;0,1;
16726;1996;3;28;12;1.007,5;19;15;;;63;270;7;8;6;;
16726;1996;3;28;15;1.008;17,4;14;;;67;270;8;10;7;;
16726;1996;3;28;18;1.009,2;13,4;12,4;20;13,4;88;0;0;10;2;0,1;
16726;1996;3;28;21;1.010,4;9,8;9,4;;;95;0;0;10;0;;
16726;1996;3;29;0;1.010,7;10;9,6;;;95;0;0;10;4;;
16726;1996;3;29;3;1.008,7;12;11,6;;;95;160;7;10;8;;
16726;1996;3;29;6;1.008,7;13,4;12,8;13,8;8,8;93;150;5;7;6;6,3;
16726;1996;3;29;9;1.010,2;14,6;13;;;83;190;7;8;6;0,7;
16726;1996;3;29;12;1.010,5;12,4;11,6;;;91;0;0;7;6;6,4;
16726;1996;3;29;15;1.009,5;17,4;13,6;;;64;270;9;10;3;;
16726;1996;3;29;18;1.010,4;12,6;11;17,4;12,4;81;0;0;10;7;7,1;
16726;1996;3;29;21;1.011,5;10,8;10;;;90;0;0;10;3;;
16726;1996;3;30;0;1.011,9;9,6;9,2;;;95;20;5;10;6;;
16726;1996;3;30;3;1.011,4;8;7,8;;;97;0;0;10;2;;
16726;1996;3;30;6;1.012,7;8,2;8;13,6;6,8;97;0;0;7;2;;
16726;1996;3;30;9;1.012,5;16,8;13,6;;;68;180;8;8;2;;
16726;1996;3;30;12;1.012;19,2;13,2;;;46;240;10;8;3;;
16726;1996;3;30;15;1.011,7;18,6;14,2;;;59;280;9;8;2;;
16726;1996;3;30;18;1.011,9;14,4;11,6;19,6;8,2;70;0;0;8;3;;
16726;1996;3;30;21;1.012,4;10,4;9,6;;;90;0;0;8;4;;
16726;1996;3;31;0;1.011,7;9;8,6;;;95;0;0;8;5;;
16726;1996;3;31;3;1.010;7,8;7,6;;;97;360;4;8;4;;
16726;1996;3;31;6;1.009,7;12;11,6;15,2;7,8;95;170;9;7;8;0,1;
16726;1996;3;31;9;1.009;12,6;12;;;93;170;13;5;8;7,6;
16726;1996;3;31;12;1.008,2;14,2;14;;;98;200;8;5;8;2,5;
16726;1996;3;31;15;1.007,7;14,8;14,4;;;95;150;7;6;8;4,6;
16726;1996;3;31;18;1.007,7;14;13,4;15,4;12;93;130;6;8;8;14,7;
16726;1996;3;31;21;1.009,7;11,2;10,8;;;95;20;8;10;3;;
16726;1996;4;1;0;1.011;10;9,4;;;92;10;9;10;0;;
16726;1996;4;1;3;1.011,7;8,2;7,8;;;94;10;8;10;0;;
16726;1996;4;1;6;1.012,7;9,2;8,2;14;6;87;330;5;10;6;;
16726;1996;4;1;9;1.014,9;15,8;11;;;52;330;8;10;6;;
16726;1996;4;1;12;1.014,9;18,4;11,4;;;37;360;4;10;1;;
16726;1996;4;1;15;1.014,9;16,6;12;;;55;210;6;10;1;;
16726;1996;4;1;18;1.016,2;11,4;8,4;18,8;9,2;64;40;7;10;0;;
16726;1996;4;1;21;1.018,4;8;7;;;86;350;6;10;0;;
16726;1996;4;2;0;1.018,7;6,2;5,4;;;88;0;0;10;0;;
16726;1996;4;2;3;1.018;5,4;4,8;;;91;350;6;10;3;;
16726;1996;4;2;6;1.018;7,6;7;13;5,4;91;0;0;10;5;;
16726;1996;4;2;9;1.018,5;16,6;12;;;55;180;5;10;3;;
16726;1996;4;2;12;1.017,7;17,4;12,6;;;55;200;8;10;3;;
16726;1996;4;2;15;1.016,5;16,6;12,8;;;63;200;10;10;3;;
16726;1996;4;2;18;1.016,4;13,4;12;18,2;7,6;84;0;0;10;5;;
16726;1996;4;2;21;1.017;10,2;9,6;;;92;0;0;10;5;;
16726;1996;4;3;0;1.015,4;9,8;9,2;;;92;0;0;10;3;;
16726;1996;4;3;3;1.014,2;8;7,8;;;97;360;6;10;1;;
16726;1996;4;3;6;1.013,7;9;8,6;14,6;7,4;95;350;4;10;4;;
16726;1996;4;3;9;1.013,4;18,4;13,8;;;57;30;6;10;4;;
16726;1996;4;3;12;1.012,7;21;15,6;;;54;240;5;10;4;;
16726;1996;4;3;15;1.012;20,2;14,2;;;48;240;10;10;5;;
16726;1996;4;3;18;1.011,5;16,4;13;22;9;66;30;6;10;8;;
16726;1996;4;3;21;1.011,7;14,4;11,2;;;65;360;5;10;5;;
16726;1996;4;4;0;1.011,4;12;10;;;76;0;0;10;0;;
16726;1996;4;4;3;1.010,5;13;12;;;88;150;7;10;3;;
16726;1996;4;4;6;1.011;15,4;14,2;17;10;87;0;0;8;7;;
16726;1996;4;4;9;1.011,2;17,8;15,8;;;80;170;15;8;4;;
16726;1996;4;4;12;1.010,9;18,6;15,2;;;68;170;11;8;5;;
16726;1996;4;4;15;1.010,2;18,2;13,6;;;57;280;13;10;4;;
16726;1996;4;4;18;1.011,2;12,8;11,2;20;12,8;81;280;5;10;2;;
16726;1996;4;4;21;1.012,4;10;8,6;;;82;0;0;10;2;;
16726;1996;4;5;0;1.011,7;9;8;;;87;150;6;10;6;;
16726;1996;4;5;3;1.010,5;8,4;7,8;;;92;80;5;8;7;5,2;
16726;1996;4;5;6;1.010,5;8,2;7,8;13,4;7;94;20;5;8;6;5,4;
16726;1996;4;5;9;1.011;13,4;10;;;62;20;10;10;4;;
16726;1996;4;5;12;1.010,7;15,4;9,8;;;44;350;10;10;3;;
16726;1996;4;5;15;1.010,9;13,6;10;;;61;20;8;10;3;0,3;
16726;1996;4;5;18;1.011,2;12;9,4;16,6;8,2;69;360;8;10;3;0,3;
16726;1996;4;5;21;1.012,2;10,8;9,2;;;80;10;4;10;5;;
16726;1996;4;6;0;1.012;10,4;9,8;;;92;0;0;8;6;0,2;
16726;1996;4;6;3;1.011;10,6;9,8;;;90;20;6;8;7;;
16726;1996;4;6;6;1.011,2;11,6;9,8;12;9,2;78;50;5;8;3;0,2;
16726;1996;4;6;9;1.011;15,8;11,6;;;58;30;10;10;3;;
16726;1996;4;6;12;1.010,2;17,2;12;;;50;350;8;10;3;;
16726;1996;4;6;15;1.009;16;11,2;;;52;20;12;10;4;;
16726;1996;4;6;18;1.010,9;12;10;18,6;11,6;76;20;5;10;7;;
16726;1996;4;6;21;1.011,4;11;10;;;88;360;7;10;7;;
16726;1996;4;7;0;1.011,5;10,8;9,4;;;82;0;0;10;7;;
16726;1996;4;7;3;1.011,2;10,4;8,4;;;74;350;5;10;7;;
16726;1996;4;7;6;1.011,7;11,2;8,4;12,4;9,4;66;40;7;8;3;;
16726;1996;4;7;9;1.012,4;17,6;11,4;;;42;0;0;10;2;;
16726;1996;4;7;12;1.013;17;12,4;;;55;190;13;10;2;;
16726;1996;4;7;15;1.013,5;15,4;12;;;65;170;12;10;7;;
16726;1996;4;7;18;1.014,4;14,2;11,8;18,2;11;74;40;8;10;7;;
16726;1996;4;7;21;1.015,9;12,8;11,8;;;88;0;0;10;7;;
16726;1996;4;8;0;1.016,5;12,2;11,4;;;90;0;0;10;6;;
16726;1996;4;8;3;1.016,2;9,6;9,2;;;95;360;4;10;4;;
16726;1996;4;8;6;1.016,7;11;10,2;15,2;9,2;90;0;0;8;0;;
16726;1996;4;8;9;1.018,7;16;13,4;;;73;180;8;10;3;;
16726;1996;4;8;12;1.018,5;15;12,6;;;75;210;8;8;8;0,1;
16726;1996;4;8;15;1.018,2;13;11;;;77;170;9;8;8;11,1;
16726;1996;4;8;18;1.018,5;11,4;10,8;17,4;11;93;0;0;10;5;11,2;
16726;1996;4;8;21;1.019,5;8,6;8,4;;;97;350;5;10;2;;
16726;1996;4;9;0;1.019,4;7,2;7;;;97;0;0;10;2;;
16726;1996;4;9;3;1.018,9;6,6;6,6;;;100;350;6;10;4;;
16726;1996;4;9;6;1.019,4;8,2;8;12,2;6,6;97;0;0;6;2;;
16726;1996;4;9;9;1.020,2;15,8;12,6;;;68;150;5;8;3;;
16726;1996;4;9;12;1.019,7;15,6;12,8;;;71;220;8;8;8;;
16726;1996;4;9;15;1.018,7;15,4;12,6;;;71;200;5;8;7;;
16726;1996;4;9;18;1.019;12,4;11,4;16,8;8,2;88;0;0;6;8;0,1;
16726;1996;4;9;21;1.019,2;11,4;11,2;;;97;0;0;7;7;1,2;
16726;1996;4;10;0;1.018;9,4;9,4;;;100;360;5;8;4;;
16726;1996;4;10;3;1.016,7;8;7,8;;;97;350;5;6;4;;
16726;1996;4;10;6;1.016,5;10;9,8;13,6;8;97;20;5;5;2;1,2;
16726;1996;4;10;9;1.016,4;16;12,6;;;66;210;6;8;2;;
16726;1996;4;10;12;1.015,7;15;12,6;;;75;0;0;8;7;;
16726;1996;4;10;15;1.014;15;11,8;;;66;0;0;8;7;;
16726;1996;4;10;18;1.014,2;12,6;11,8;16;10;91;0;0;8;6;;
16726;1996;4;10;21;1.014,5;9,8;9;;;90;360;4;8;4;;
16726;1996;4;11;0;1.012,7;7,8;7,6;;;97;0;0;8;2;;
16726;1996;4;11;3;1.011,2;8,4;7;;;81;360;6;10;4;;
16726;1996;4;11;6;1.011;9,8;9,2;12,6;7;92;350;4;6;8;;
16726;1996;4;11;9;1.010,4;17;12,4;;;55;360;7;8;7;;
16726;1996;4;11;12;1.008,7;15,2;13;;;77;180;11;7;7;0,5;
16726;1996;4;11;15;1.007,7;16,2;12,8;;;66;0;0;6;5;0,1;
16726;1996;4;11;18;1.008,7;10,2;9,6;18,4;9,8;92;0;0;5;7;1,8;
16726;1996;4;11;21;1.009;8,4;8;;;94;350;5;8;4;;
16726;1996;4;12;0;1.008,5;7,4;6,8;;;91;340;5;8;3;;
16726;1996;4;12;3;1.007,9;6,2;5,8;;;94;350;7;8;2;;
16726;1996;4;12;6;1.008,4;7,8;7,2;11,8;5,2;91;10;7;8;1;;
16726;1996;4;12;9;1.010,5;16;12;;;60;350;7;10;2;;
16726;1996;4;12;12;1.008,2;18,8;11,4;;;34;320;9;10;2;;
16726;1996;4;12;15;1.008;18,2;11,6;;;41;330;7;10;3;;
16726;1996;4;12;18;1.009,7;13;10,6;20;7,8;73;0;0;10;3;;
16726;1996;4;12;21;1.011,2;9;8,4;;;92;330;4;8;3;;
16726;1996;4;13;0;1.012;7,4;7;;;94;330;4;8;2;;
16726;1996;4;13;3;1.012,2;6,4;6,2;;;97;350;6;8;0;;
16726;1996;4;13;6;1.013,7;8,2;7,8;13,6;6;94;0;0;5;0;;
16726;1996;4;13;9;1.014,5;16,8;12;;;53;170;4;6;1;;
16726;1996;4;13;12;1.015;17,4;13,2;;;59;190;12;7;1;;
16726;1996;4;13;15;1.014,5;16,6;13;;;64;190;13;7;2;;
16726;1996;4;13;18;1.014,7;13;11,8;18;8,2;86;140;7;7;3;;
16726;1996;4;13;21;1.016,2;10,6;10;;;92;310;4;8;3;;
16726;1996;4;14;0;1.015,7;8,6;8,2;;;94;20;4;5;2;;
16726;1996;4;14;3;1.014,5;7,8;7,6;;;97;10;5;5;1;;
16726;1996;4;14;6;1.015,4;9,4;8;13,6;6,6;82;0;0;3;6;;
16726;1996;4;14;9;1.015,7;16,4;13;;;66;180;7;6;6;;
16726;1996;4;14;12;1.014,7;18;14;;;62;190;9;10;2;;
16726;1996;4;14;15;1.013,2;16;13,8;;;77;220;9;10;7;;
16726;1996;4;14;18;1.012,4;14,2;13;18,4;9,4;87;200;8;6;5;;
16726;1996;4;14;21;1.012,4;14;13,2;;;91;210;6;7;8;;
16726;1996;4;15;0;1.011;13,8;13;;;91;200;10;6;8;2,4;
16726;1996;4;15;3;1.008,2;13;12,6;;;95;0;0;8;8;2,3;
16726;1996;4;15;6;1.007,9;13,6;13,2;15,2;12,4;95;170;8;5;8;4,7;
16726;1996;4;15;9;1.007,9;15,2;13,2;;;79;350;7;8;8;;
16726;1996;4;15;12;1.008,2;15;12;;;68;20;15;8;6;0,9;
16726;1996;4;15;15;1.007,7;16;11;;;50;360;9;10;5;;
16726;1996;4;15;18;1.009,7;10,8;8,6;16,4;10,8;73;10;8;10;3;0,9;
16726;1996;4;15;21;1.011,2;9,6;7,4;;;71;350;8;10;3;;
16726;1996;4;16;0;1.012,2;9,8;6,8;;;62;10;8;10;4;;
16726;1996;4;16;3;1.012,2;7,6;5;;;64;20;10;10;4;;
16726;1996;4;16;6;1.013,7;8;5;10,8;6,8;59;20;5;10;4;;
16726;1996;4;16;9;1.013,7;14;7;;;28;350;10;10;0;;
16726;1996;4;16;12;1.012,7;16;8,8;;;31;330;10;10;2;;
16726;1996;4;16;15;1.012,4;15;9;;;39;350;10;10;2;;
16726;1996;4;16;18;1.013;10,2;7;17;8;60;360;6;10;2;;
16726;1996;4;16;21;1.014,4;9,2;7,2;;;73;30;4;10;4;;
16726;1996;4;17;0;1.013;7,6;6,8;;;89;30;7;10;4;0,3;
16726;1996;4;17;3;1.011,4;6;5,6;;;94;360;5;10;2;0,2;
16726;1996;4;17;6;1.011,4;7,6;7,2;12,2;5,6;94;0;0;8;7;0,6;
16726;1996;4;17;9;1.011,7;12;9,8;;;74;20;10;8;3;1,7;
16726;1996;4;17;12;1.010,7;15,2;11;;;57;30;7;8;4;;
16726;1996;4;17;15;1.010;13,2;9,3;;;57;30;11;8;7;;
16726;1996;4;17;18;1.010,4;12;9;16;7,6;65;360;7;8;7;1,8;
16726;1996;4;17;21;1.011,5;8,8;7,6;;;84;0;0;10;2;;
16726;1996;4;18;0;1.011,7;6,6;6,2;;;94;320;4;10;4;;
16726;1996;4;18;3;1.011,7;7,6;7,2;;;94;360;4;10;4;;
16726;1996;4;18;6;1.012,2;9,2;8,8;12,6;6,4;95;0;0;10;7;;
16726;1996;4;18;9;1.012,7;16,6;11,6;;;52;0;0;8;6;;
16726;1996;4;18;12;1.013,4;14;11;;;67;210;9;8;8;;
16726;1996;4;18;15;1.013,4;13,6;10,6;;;67;150;8;8;8;;
16726;1996;4;18;18;1.014,5;11;10,4;18;9,2;92;0;0;5;8;4,5;
16726;1996;4;18;21;1.015;10,4;10,2;;;97;0;0;8;8;0,3;
16726;1996;4;19;0;1.015,5;9;9;;;100;10;5;8;6;;
16726;1996;4;19;3;1.014,2;8;8;;;100;350;5;8;2;;
16726;1996;4;19;6;1.014,9;10,6;9;11,6;6,6;80;20;5;8;1;0,3;
16726;1996;4;19;9;1.015;16;12;;;60;180;6;10;3;;
16726;1996;4;19;12;1.015;16,6;12;;;55;190;12;10;3;;
16726;1996;4;19;15;1.015,5;14,2;11;;;65;260;4;10;8;;
16726;1996;4;19;18;1.016,4;10,2;9;17,2;10,2;85;0;0;10;3;;
16726;1996;4;19;21;1.017;7;6,6;;;94;0;0;10;1;;
16726;1996;4;20;0;1.017,4;6,2;5,4;;;88;30;5;10;1;;
16726;1996;4;20;3;1.017,5;5,4;4,8;;;91;20;8;10;1;;
16726;1996;4;20;6;1.018;9,4;6,4;11;5,4;61;20;8;8;1;;
16726;1996;4;20;9;1.017,5;16,4;10,4;;;41;180;8;10;0;;
16726;1996;4;20;12;1.017,5;17,6;12,6;;;53;170;15;10;3;;
16726;1996;4;20;15;1.016,7;16,6;11;;;46;30;13;10;8;;
16726;1996;4;20;18;1.017,7;12,2;10,4;19,2;9,4;78;0;0;8;5;0,1;
16726;1996;4;20;21;1.018;9;8;;;87;350;5;8;2;;
16726;1996;4;21;0;1.018,2;9;8;;;87;350;6;8;2;;
16726;1996;4;21;3;1.017,7;8;1,6;;;18;350;5;8;4;;
16726;1996;4;21;6;1.018;10,6;9,6;12,2;8;88;360;4;10;6;;
16726;1996;4;21;9;1.018,2;18,6;13,8;;;56;90;5;10;4;;
16726;1996;4;21;12;1.019;16;12,6;;;66;190;13;8;7;;
16726;1996;4;21;15;1.019;14,6;12,4;;;76;0;0;8;6;1,8;
16726;1996;4;21;18;1.020;12;11,4;18,8;10,6;93;0;0;8;6;2,6;
16726;1996;4;21;21;1.021,2;9,4;9;;;95;0;0;10;2;;
16726;1996;4;22;0;1.021,7;7;6,8;;;97;350;5;10;1;;
16726;1996;4;22;3;1.021,7;6;5,6;;;94;360;7;10;1;;
16726;1996;4;22;6;1.023;8,6;7,6;12,6;6;87;0;0;10;4;;
16726;1996;4;22;9;1.024,4;17,4;11,4;;;43;240;5;10;2;;
16726;1996;4;22;12;1.022,5;17,4;12;;;49;170;11;10;3;;
16726;1996;4;22;15;1.022;16;13,6;;;75;170;7;10;7;;
16726;1996;4;22;18;1.023;14;13;18,6;8,4;89;150;5;6;8;0,2;
16726;1996;4;22;21;1.023,9;11;11;;;100;20;5;8;4;1;
16726;1996;4;23;0;1.023,5;9;9;;;100;350;5;6;2;;
16726;1996;4;23;3;1.022,5;7;7;;;100;350;5;5;2;;
16726;1996;4;23;6;1.022,7;10,2;9,6;14,6;7;92;20;5;5;0;1;
16726;1996;4;23;9;1.023;17;14;;;70;180;5;10;0;;
16726;1996;4;23;12;1.022,2;18,6;15;;;66;200;10;10;1;;
16726;1996;4;23;15;1.020,4;19;14,2;;;56;200;7;10;2;;
16726;1996;4;23;18;1.020,5;15;13,6;19,4;10,2;85;0;0;10;2;;
16726;1996;4;23;21;1.021,4;12,2;11,6;;;93;0;0;10;5;;
16726;1996;4;24;0;1.020,7;10;9,6;;;95;0;0;10;1;;
16726;1996;4;24;3;1.020,5;9;8,8;;;97;20;5;8;4;;
16726;1996;4;24;6;1.020,7;11,4;10,8;16;8,6;93;0;0;5;4;;
16726;1996;4;24;9;1.021;19,8;15,2;;;59;200;5;8;7;;
16726;1996;4;24;12;1.020;20;16;;;64;240;7;8;4;;
16726;1996;4;24;15;1.019,5;17,6;13,6;;;62;210;5;8;8;;
16726;1996;4;24;18;1.020;14,8;11;20,2;11,4;60;20;6;10;8;;
16726;1996;4;24;21;1.019,5;15;11,4;;;62;360;5;10;7;;
16726;1996;4;25;0;1.018,7;13,2;10,8;;;73;120;5;10;6;;
16726;1996;4;25;3;1.019,2;12,2;10,8;;;83;300;5;10;6;;
16726;1996;4;25;6;1.019,7;13,6;13,4;15,6;12,2;98;0;0;10;7;;
16726;1996;4;25;9;1.020,2;19,8;14,6;;;55;0;0;8;6;;
16726;1996;4;25;12;1.019,7;21;15;;;49;200;6;10;6;;
16726;1996;4;25;15;1.018,7;20;15;;;56;200;7;10;2;;
16726;1996;4;25;18;1.020,2;16;14;23;13,6;79;130;5;8;3;;
16726;1996;4;25;21;1.020,5;12,4;11,8;;;93;360;5;8;0;;
16726;1996;4;26;0;1.019,7;11,4;10,8;;;93;0;0;8;0;;
16726;1996;4;26;3;1.018,4;9,6;9;;;92;360;5;8;0;;
16726;1996;4;26;6;1.019,5;14,2;11,6;16;9,2;72;0;0;8;5;;
16726;1996;4;26;9;1.018,5;21;15,2;;;51;170;7;8;3;;
16726;1996;4;26;12;1.019,4;19,6;15,2;;;60;220;15;10;6;;
16726;1996;4;26;15;1.018;18,4;13,4;;;53;200;4;10;7;;
16726;1996;4;26;18;1.018,2;16,2;12,8;22;14,2;66;360;4;10;8;;
16726;1996;4;26;21;1.017,2;14;12,4;;;82;30;4;10;8;;
16726;1996;4;27;0;1.015,4;13,8;11;;;69;360;4;10;8;;
16726;1996;4;27;3;1.014;14,4;11;;;64;30;8;10;4;;
16726;1996;4;27;6;1.014,2;15,8;12,2;16,6;13,4;63;20;4;10;6;;
16726;1996;4;27;9;1.014,9;21,4;14,8;;;46;10;5;10;6;;
16726;1996;4;27;12;1.013,5;22;13,8;;;35;0;0;10;8;;
16726;1996;4;27;15;1.011,9;18,8;14,6;;;62;0;0;10;8;;
16726;1996;4;27;18;1.009,7;16,4;12;24,4;15,8;56;20;4;10;6;;
16726;1996;4;27;21;1.008,7;13,6;10,2;;;62;350;5;10;5;;
16726;1996;4;28;0;1.007,4;16,2;11,4;;;52;10;7;10;8;;
16726;1996;4;28;3;1.006;18;10,6;;;34;20;13;10;3;;
16726;1996;4;28;6;1.006,7;17,8;12;18,2;13,6;46;350;5;10;3;;
16726;1996;4;28;9;1.006,7;22,6;15;;;40;130;5;10;0;;
16726;1996;4;28;12;1.006,5;21,4;15,2;;;48;220;15;10;4;;
16726;1996;4;28;15;1.006,7;19,4;15;;;60;200;10;10;2;;
16726;1996;4;28;18;1.007,9;16;15;23,4;16;89;0;0;5;3;;
16726;1996;4;28;21;1.008,4;13,4;13;;;95;0;0;7;4;;
16726;1996;4;29;0;1.008,4;11,2;11,2;;;100;360;5;7;3;;
16726;1996;4;29;3;1.008,5;13;13;;;100;350;5;7;2;;
16726;1996;4;29;6;1.009,2;12,6;11,8;17,2;9,6;91;0;0;5;0;;
16726;1996;4;29;9;1.010,4;20,2;15,8;;;61;210;5;8;2;;
16726;1996;4;29;12;1.010;20,2;16,8;;;70;190;11;8;1;;
16726;1996;4;29;15;1.008,7;19,2;16,4;;;74;220;7;8;1;;
16726;1996;4;29;18;1.009,7;15,6;15;21;12,6;93;0;0;6;3;;
16726;1996;4;29;21;1.010;13,2;12,8;;;95;0;0;8;0;;
16726;1996;4;30;0;1.008,2;11;10,8;;;97;350;4;8;3;;
16726;1996;4;30;3;1.009,7;11,6;11,2;;;95;160;4;8;3;;
16726;1996;4;30;6;1.008,2;14;13,2;15,6;10,6;91;0;0;8;7;;
16726;1996;4;30;9;1.005,5;22;17;;;58;360;6;8;6;;
16726;1996;4;30;12;1.004,5;22;16,8;;;57;170;5;8;6;;
16726;1996;4;30;15;1.002,4;23;17,4;;;54;210;4;8;7;;
16726;1996;4;30;18;1.004,2;17,2;13;26;14;59;300;10;10;2;;
16726;1996;5;1;0;1.007;11,4;10,8;;;93;150;8;10;5;;
16726;1996;5;1;3;1.006,4;13,8;13;;;91;210;5;10;7;;
16726;1996;5;1;6;1.007,2;16,8;15,6;17,8;11,4;88;210;5;6;7;;
16726;1996;5;1;9;1.008,4;18;15,8;;;79;200;8;8;7;;
16726;1996;5;1;12;1.009,2;19,4;16,4;;;72;180;9;8;5;0,2;
16726;1996;5;1;15;1.009,2;21;16;;;57;270;14;10;3;;
16726;1996;5;1;18;1.010,5;16,8;14,4;22,6;16,8;75;30;7;10;4;0,2;
16726;1996;5;1;21;1.011,5;13;12,4;;;93;350;6;10;2;;
16726;1996;5;2;0;1.011,5;12,4;12;;;95;0;0;10;1;;
16726;1996;5;2;3;1.011,7;10,2;9,8;;;95;0;0;8;0;;
16726;1996;5;2;6;1.012,2;15;13,8;16,8;10;87;330;5;8;6;;
16726;1996;5;2;9;1.012,7;20,2;15,4;;;57;210;5;10;4;;
16726;1996;5;2;12;1.013;22,4;17;;;56;0;0;10;4;;
16726;1996;5;2;15;1.011,5;21,4;15;;;47;30;13;10;6;;
16726;1996;5;2;18;1.012;17,6;14,6;24;15;71;30;13;10;3;;
16726;1996;5;2;21;1.013,4;13,6;12,8;;;91;360;6;8;2;;
16726;1996;5;3;0;1.013;12;11,8;;;98;350;6;8;2;;
16726;1996;5;3;3;1.012,2;11;11;;;100;20;8;10;0;;
16726;1996;5;3;6;1.013,2;15,4;13;17,6;11;75;330;5;8;4;;
16726;1996;5;3;9;1.014,4;24;16;;;40;20;8;10;4;;
16726;1996;5;3;12;1.014,5;23;16,6;;;50;210;8;10;4;;
16726;1996;5;3;15;1.014;22,8;16,4;;;48;20;12;10;7;;
16726;1996;5;3;18;1.014,7;19;14,4;25,6;15,4;57;10;4;10;5;;
16726;1996;5;3;21;1.016,2;14;12,6;;;85;0;0;10;3;;
16726;1996;5;4;0;1.015;13;12;;;88;0;0;10;3;;
16726;1996;5;4;3;1.014,7;11,6;10,8;;;90;360;5;10;3;;
16726;1996;5;4;6;1.015,4;15,2;13;19,8;11,6;77;360;5;10;7;;
16726;1996;5;4;9;1.017,7;26;17;;;36;40;6;10;6;;
16726;1996;5;4;12;1.017,4;27,4;18,4;;;38;180;8;10;6;;
16726;1996;5;4;15;1.016,7;22;17,6;;;63;240;5;10;5;;
16726;1996;5;4;18;1.016,7;18,6;15,2;28,4;15,2;68;0;0;10;3;;
16726;1996;5;4;21;1.016,7;13,6;12,2;;;84;0;0;10;3;;
16726;1996;5;5;0;1.015,7;12;11;;;88;0;0;10;0;;
16726;1996;5;5;3;1.014,5;10,6;9,6;;;88;360;5;10;0;;
16726;1996;5;5;6;1.015;16;13;18,6;10,6;69;360;4;10;5;;
16726;1996;5;5;9;1.016;27,4;17,2;;;32;0;0;10;4;;
16726;1996;5;5;12;1.015,5;26,8;18;;;39;190;6;10;7;;
16726;1996;5;5;15;1.015;25,2;18,4;;;49;0;0;10;7;;
16726;1996;5;5;18;1.014;21,2;16,8;29,4;16;62;30;5;10;2;;
16726;1996;5;5;21;1.013;15;12,8;;;77;0;0;10;0;;
16726;1996;5;6;0;1.011,4;13,6;11,6;;;78;330;6;10;4;;
16726;1996;5;6;3;1.010,5;15;12,4;;;72;30;5;10;7;;
16726;1996;5;6;6;1.011,4;18;14,2;21,2;13,2;64;360;5;10;8;;
16726;1996;5;6;9;1.011,2;25,4;18,2;;;46;360;5;10;8;;
16726;1996;5;6;12;1.010,5;29,4;18,6;;;31;220;8;10;6;;
16726;1996;5;6;15;1.010,4;24,4;18,8;;;57;0;0;10;8;;
16726;1996;5;6;18;1.008,4;20,6;17,4;31,4;18;71;0;0;10;7;;
16726;1996;5;6;21;1.008,4;16,8;15,4;;;85;0;0;10;4;;
16726;1996;5;7;0;1.007,7;15,4;14;;;85;0;0;10;4;;
16726;1996;5;7;3;1.007,4;15,2;13,2;;;79;0;0;10;4;;
16726;1996;5;7;6;1.008,5;19;16,2;21,4;14;74;0;0;10;3;;
16726;1996;5;7;9;1.008,2;29;20;;;40;210;5;10;0;;
16726;1996;5;7;12;1.007,7;28;18,8;;;38;220;13;10;3;;
16726;1996;5;7;15;1.008,2;27;18,6;;;42;180;7;10;0;;
16726;1996;5;7;18;1.008,7;21,2;17;30;19;64;0;0;10;0;;
16726;1996;5;7;21;1.010,4;16,4;15;;;85;0;0;10;0;;
16726;1996;5;8;0;1.010,7;13,6;13;;;93;0;0;10;0;;
16726;1996;5;8;3;1.010,2;11,6;11,4;;;97;350;4;10;0;;
16726;1996;5;8;6;1.010,4;16,2;14,8;21,2;11,6;85;0;0;8;0;;
16726;1996;5;8;9;1.010,7;21,2;17,6;;;69;0;0;8;0;;
16726;1996;5;8;12;1.010,4;23,2;18;;;58;210;10;10;2;;
16726;1996;5;8;15;1.009;23,2;18;;;58;220;7;10;0;;
16726;1996;5;8;18;1.009,2;19,4;17;24;16,2;78;0;0;10;3;;
16726;1996;5;8;21;1.009,7;15;14,2;;;91;20;4;10;0;;
16726;1996;5;9;0;1.008,7;13,6;13;;;93;360;5;10;0;;
16726;1996;5;9;3;1.007,4;12,2;12;;;98;0;0;8;0;;
16726;1996;5;9;6;1.007,7;16;15;19,4;12,2;89;360;6;6;0;;
16726;1996;5;9;9;1.008,4;22,8;18,2;;;62;180;5;8;0;;
16726;1996;5;9;12;1.007,5;22,8;18,6;;;66;210;10;8;0;;
16726;1996;5;9;15;1.006,5;23,4;18;;;57;200;8;10;0;;
16726;1996;5;9;18;1.006,5;19;17;24,4;16;81;190;5;10;2;;
16726;1996;5;9;21;1.006,9;16;15;;;89;350;5;10;3;;
16726;1996;5;10;0;1.005,7;14,4;14;;;95;360;4;8;0;;
16726;1996;5;10;3;1.005,5;13,8;13,4;;;95;0;0;8;0;;
16726;1996;5;10;6;1.005,5;16,4;15,4;19,6;13,2;89;10;5;5;6;;
16726;1996;5;10;9;1.006,2;23;18;;;59;200;8;8;4;;
16726;1996;5;10;12;1.005,7;23,6;19,4;;;66;290;7;8;6;;
16726;1996;5;10;15;1.007,2;20,6;17,8;;;75;170;5;10;7;;
16726;1996;5;10;18;1.005,4;18,6;16,8;24,8;16,4;83;100;6;8;6;;
16726;1996;5;10;21;1.006,2;16,6;16;;;94;0;0;8;3;;
16726;1996;5;11;0;1.005,7;15;14,8;;;98;0;0;8;3;;
16726;1996;5;11;3;1.002,5;13,2;13;;;98;350;7;10;4;;
16726;1996;5;11;6;1.000,5;16;15;18,6;13,2;89;0;0;5;3;;
16726;1996;5;11;9;999,7;26,6;19,6;;;50;90;4;8;3;;
16726;1996;5;11;12;1.001,2;24,4;19;;;58;220;16;8;1;;
16726;1996;5;11;15;1.002,5;23,8;18,6;;;59;180;15;10;1;;
16726;1996;5;11;18;1.005,2;19;16,4;29;16;75;290;8;8;3;;
16726;1996;5;11;21;1.007,4;17;16;;;90;0;0;8;3;;
16726;1996;5;12;0;1.008,4;16,4;15;;;85;0;0;8;2;;
16726;1996;5;12;3;1.010,5;15,6;14,6;;;89;0;0;10;5;;
16726;1996;5;12;6;1.011,7;18;16;19,6;14,4;80;0;0;8;3;;
16726;1996;5;12;9;1.012,2;23,4;17;;;50;30;8;10;3;;
16726;1996;5;12;12;1.012,2;24,8;16,8;;;41;40;16;10;2;;
16726;1996;5;12;15;1.013;23,6;17,2;;;50;20;14;10;2;;
16726;1996;5;12;18;1.014,4;18,4;15,2;25,4;18;69;20;7;10;1;;
16726;1996;5;12;21;1.015,2;14,4;13;;;85;350;5;10;0;;
16726;1996;5;13;0;1.014,5;12,8;12,2;;;93;350;7;10;0;;
16726;1996;5;13;3;1.012,7;12;12;;;100;0;0;8;0;;
16726;1996;5;13;6;1.012;15,2;13,6;18,4;10,6;83;0;0;10;0;;
16726;1996;5;13;9;1.012,2;22,4;17,4;;;58;220;6;10;7;;
16726;1996;5;13;12;1.010,4;20;16,6;;;70;0;0;10;8;;
16726;1996;5;13;15;1.008;23;17,8;;;58;0;0;10;3;;
16726;1996;5;13;18;1.008,5;18;15,4;23;15,2;74;200;8;10;3;;
16726;1996;5;13;21;1.009,5;14,4;13,6;;;91;0;0;10;4;;
16726;1996;5;14;0;1.008,5;12,4;12;;;95;0;0;10;3;;
16726;1996;5;14;3;1.007,7;12;11,6;;;95;0;0;10;6;;
16726;1996;5;14;6;1.007,7;16;14,4;18,6;11,6;83;0;0;8;4;;
16726;1996;5;14;9;1.007,7;18,2;15,2;;;71;20;12;8;6;0,3;
16726;1996;5;14;12;1.006,9;19;14,6;;;60;320;10;8;7;0,9;
16726;1996;5;14;15;1.006,5;17,6;15;;;74;130;9;10;7;0,2;
16726;1996;5;14;18;1.007;16,2;15;20,4;15,8;87;130;4;8;6;3,5;
16726;1996;5;14;21;1.008,4;14;13,6;;;95;0;0;10;5;;
16726;1996;5;15;0;1.008;14,2;13,4;;;91;360;4;10;6;;
16726;1996;5;15;3;1.007,5;14,6;13,6;;;89;360;4;10;7;;
16726;1996;5;15;6;1.008,2;17;15;17;13,6;80;30;7;10;4;;
16726;1996;5;15;9;1.009,7;21,8;16,4;;;54;20;10;10;6;;
16726;1996;5;15;12;1.009;22,8;16,8;;;52;20;13;10;6;;
16726;1996;5;15;15;1.008,2;22,2;16,8;;;56;20;15;10;6;;
16726;1996;5;15;18;1.009;17,8;14,6;24;14;69;20;10;10;5;;
16726;1996;5;15;21;1.010,4;14,6;13,6;;;89;350;5;10;4;;
16726;1996;5;16;0;1.010;12;11,4;;;93;350;5;10;0;;
16726;1996;5;16;3;1.009,5;11;10,4;;;92;350;5;10;2;;
16726;1996;5;16;6;1.010,5;16;14,2;17,8;11;81;0;0;8;1;;
16726;1996;5;16;9;1.011;21,8;17;;;60;0;0;8;3;;
16726;1996;5;16;12;1.010,9;22,4;18,2;;;65;190;8;10;3;;
16726;1996;5;16;15;1.010,4;22,4;17;;;56;30;12;10;3;;
16726;1996;5;16;18;1.010,9;18,8;15;24,4;16;65;20;13;10;2;;
16726;1996;5;16;21;1.012,5;16,8;15;;;82;20;12;10;0;;
16726;1996;5;17;0;1.012,2;14,6;13,6;;;89;320;6;10;0;;
16726;1996;5;17;3;1.012,2;13;12,2;;;91;350;6;10;0;;
16726;1996;5;17;6;1.012,2;18,6;15,8;18,8;13;74;30;10;10;0;;
16726;1996;5;17;9;1.013,4;22;18;;;66;190;7;10;1;;
16726;1996;5;17;12;1.013,7;22,8;17,8;;;59;200;10;10;2;;
16726;1996;5;17;15;1.013,4;23,8;17,8;;;53;200;7;10;2;;
16726;1996;5;17;18;1.013,7;20,4;17,6;24,6;18,6;75;0;0;10;0;;
16726;1996;5;17;21;1.015;17,8;16,4;;;86;360;7;10;0;;
16726;1996;5;18;0;1.015;16,2;15,4;;;91;360;6;10;0;;
16726;1996;5;18;3;1.014,7;15;14,4;;;93;360;4;10;0;;
16726;1996;5;18;6;1.015,2;18,6;16,6;21;14,4;81;30;5;7;0;;
16726;1996;5;18;9;1.016,4;23,4;19;;;64;200;7;8;1;;
16726;1996;5;18;12;1.016,7;23,2;19;;;66;210;10;8;2;;
16726;1996;5;18;15;1.016,5;23,2;18,6;;;63;210;7;8;2;;
16726;1996;5;18;18;1.016,7;20,6;18,2;24,4;18,6;78;0;0;8;4;;
16726;1996;5;18;21;1.016,7;17,2;16,2;;;90;360;4;8;2;;
16726;1996;5;19;0;1.015,9;15;15;;;100;20;5;8;2;;
16726;1996;5;19;3;1.014,9;15,2;15;;;98;20;5;8;0;;
16726;1996;5;19;6;1.015;20,2;17,8;20,6;15;78;20;4;10;0;;
16726;1996;5;19;9;1.015;24,2;19,8;;;65;220;8;10;0;;
16726;1996;5;19;12;1.015,4;23,6;19,2;;;64;220;12;8;2;;
16726;1996;5;19;15;1.015,7;25;19,6;;;59;210;8;10;0;;
16726;1996;5;19;18;1.015,4;20,8;18,4;26;20,2;78;0;0;10;5;;
16726;1996;5;19;21;1.016;17,4;16,4;;;90;0;0;10;4;;
16726;1996;5;20;0;1.015;17,2;16;;;88;360;7;10;0;;
16726;1996;5;20;3;1.014;15,6;14,6;;;89;350;5;10;0;;
16726;1996;5;20;6;1.015,4;20,4;17,4;21,4;15,4;73;0;0;10;4;;
16726;1996;5;20;9;1.015,2;25,6;19,8;;;56;160;6;10;5;;
16726;1996;5;20;12;1.015,2;25,2;20;;;60;200;7;10;7;;
16726;1996;5;20;15;1.015,5;26;19,4;;;51;290;5;10;7;;
16726;1996;5;20;18;1.015,5;25,2;17,2;27,4;20,4;41;20;9;10;8;;
16726;1996;5;20;21;1.015,7;20,2;16,4;;;66;360;6;10;8;;
16726;1996;5;21;0;1.015,7;18,6;14,8;;;65;360;8;10;7;;
16726;1996;5;21;3;1.015,5;18;13,8;;;61;360;10;10;7;;
16726;1996;5;21;6;1.015,9;19,8;15,4;25,4;17,2;60;360;4;10;7;;
16726;1996;5;21;9;1.015,7;27,8;17;;;28;30;12;10;8;;
16726;1996;5;21;12;1.016;27,6;19,6;;;45;180;5;10;6;;
16726;1996;5;21;15;1.016,2;27;19;;;44;210;5;10;8;;
16726;1996;5;21;18;1.016,2;23,6;15,6;32;19,8;40;30;13;10;6;;
16726;1996;5;21;21;1.016,4;20,4;15,6;;;58;360;6;10;7;;
16726;1996;5;22;0;1.015,4;21;15,4;;;52;10;6;10;4;;
16726;1996;5;22;3;1.014,5;20,8;14,6;;;48;20;11;10;2;;
16726;1996;5;22;6;1.015,4;24,8;17;24,8;18,2;42;20;7;10;2;;
16726;1996;5;22;9;1.016,2;31;18,2;;;23;20;15;10;2;;
16726;1996;5;22;12;1.015;34;20;;;23;20;13;10;2;;
16726;1996;5;22;15;1.014,7;30;18;;;26;30;20;10;3;;
16726;1996;5;22;18;1.015,5;24,6;15;34,4;24,6;31;10;10;10;4;;
16726;1996;5;22;21;1.016,2;21,4;16,4;;;57;340;5;10;3;;
16726;1996;5;23;0;1.015,7;20,2;15;;;55;20;12;10;0;;
16726;1996;5;23;3;1.015,5;19,8;15,2;;;59;20;15;10;4;;
16726;1996;5;23;6;1.015,2;20,2;15;26;19,8;55;330;6;10;5;;
16726;1996;5;23;9;1.015,7;24,8;17,4;;;44;20;10;10;4;;
16726;1996;5;23;12;1.014,5;28,4;18,6;;;37;30;12;10;2;;
16726;1996;5;23;15;1.014;26,6;17,8;;;39;30;18;10;3;;
16726;1996;5;23;18;1.014,5;22;16;29,2;19,2;51;20;12;10;4;;
16726;1996;5;23;21;1.016;18;15,6;;;77;330;4;10;4;;
16726;1996;5;24;0;1.015,9;19;15;;;63;360;8;10;4;;
16726;1996;5;24;3;1.016,2;17;15;;;80;360;8;10;4;;
16726;1996;5;24;6;1.016;20,4;15,8;22;16,6;60;10;7;10;3;;
16726;1996;5;24;9;1.017;25,4;18,8;;;51;180;10;10;4;;
16726;1996;5;24;12;1.017;25;18,4;;;50;180;9;10;6;;
16726;1996;5;24;15;1.017,4;25;18,4;;;50;170;7;10;4;;
16726;1996;5;24;18;1.018;20,8;17,8;26;20,4;73;0;0;10;5;;
16726;1996;5;24;21;1.018;17,4;15,8;;;84;20;6;10;4;;
16726;1996;5;25;0;1.016,2;14,6;13,8;;;91;350;6;10;3;;
16726;1996;5;25;3;1.016;15;13,8;;;87;0;0;10;5;;
16726;1996;5;25;6;1.016,7;19;17;21,2;14,4;81;20;7;10;6;;
16726;1996;5;25;9;1.016,7;25,2;18,2;;;48;200;6;10;1;;
16726;1996;5;25;12;1.016,2;25;18,8;;;53;210;8;10;1;;
16726;1996;5;25;15;1.016,2;24,4;17,4;;;46;20;6;10;6;;
16726;1996;5;25;18;1.015,7;21,6;15,2;26,2;19;47;20;7;10;4;;
16726;1996;5;25;21;1.016;16;13,8;;;77;330;4;10;0;;
16726;1996;5;26;0;1.015,5;15,4;14,2;;;87;30;7;10;0;;
16726;1996;5;26;3;1.015;14,2;13,4;;;91;350;7;10;0;;
16726;1996;5;26;6;1.015,5;18,2;15,2;21,6;13;71;350;4;10;0;;
16726;1996;5;26;9;1.015,5;23,2;18;;;58;170;8;10;2;;
16726;1996;5;26;12;1.014,9;24;18,8;;;59;170;10;10;3;;
16726;1996;5;26;15;1.014,4;24,6;19,4;;;59;40;8;10;2;;
16726;1996;5;26;18;1.015;20,6;16,6;25,6;18,2;65;20;15;10;1;;
16726;1996;5;26;21;1.015,7;18;16,4;;;84;20;4;10;0;;
16726;1996;5;27;0;1.015,2;17,2;16;;;88;10;8;10;0;;
16726;1996;5;27;3;1.014,5;14,6;14;;;93;330;4;10;0;;
16726;1996;5;27;6;1.014,5;19,8;16,6;21,6;14,6;71;20;5;8;0;;
16726;1996;5;27;9;1.014,2;23,6;20;;;70;180;8;10;2;;
16726;1996;5;27;12;1.013,4;25,4;19;;;52;180;10;10;2;;
16726;1996;5;27;15;1.012;26;19,8;;;54;90;11;10;2;;
16726;1996;5;27;18;1.012,2;21,8;18;27;19,8;67;270;4;10;0;;
16726;1996;5;27;21;1.012,5;16,8;15,2;;;83;0;0;10;0;;
16726;1996;5;28;0;1.011;14,2;13,6;;;93;350;5;10;0;;
16726;1996;5;28;3;1.010;12,4;12;;;95;360;5;10;0;;
16726;1996;5;28;6;1.009,5;17,4;15,6;22,2;12,4;82;0;0;8;5;;
16726;1996;5;28;9;1.009,2;22,2;18,2;;;66;210;10;8;0;;
16726;1996;5;28;12;1.007;23,2;19,2;;;67;210;13;10;4;;
16726;1996;5;28;15;1.005,4;22,4;19,4;;;74;190;13;10;4;;
16726;1996;5;28;18;1.003,7;20;18,2;24;17,4;83;170;13;10;4;;
16726;1996;5;28;21;1.003,5;19;17,6;;;87;210;7;8;4;;
16726;1996;5;29;0;1.002;15;14,6;;;96;160;10;8;4;1,6;
16726;1996;5;29;3;1.001,4;15;15;;;100;0;0;8;8;2,7;
16726;1996;5;29;6;1.001,7;15,8;15,2;20,6;15;93;0;0;6;8;8,1;
16726;1996;5;29;9;1.002,4;19,2;16,8;;;78;180;6;8;3;0;
16726;1996;5;29;12;1.002,5;20;18;;;81;0;0;8;6;1;
16726;1996;5;29;15;1.003;20,4;16,6;;;67;360;10;10;4;0,3;
16726;1996;5;29;18;1.004,7;19,2;16;21,4;15,8;70;50;7;10;7;1,3;
16726;1996;5;29;21;1.006,4;17,2;16;;;88;0;0;10;7;;
16726;1996;5;30;0;1.007;16,8;14,4;;;75;20;10;10;7;;
16726;1996;5;30;3;1.007,2;16,6;14,4;;;77;10;6;10;7;;
16726;1996;5;30;6;1.009,4;19,2;15,8;19,2;16,4;69;30;9;10;6;;
16726;1996;5;30;9;1.011,7;21,8;17;;;60;70;7;10;6;;
16726;1996;5;30;12;1.012,4;24,2;18;;;52;30;8;10;6;;
16726;1996;5;30;15;1.012,7;24,6;17;;;43;30;10;10;5;;
16726;1996;5;30;18;1.014,7;21,6;17,2;26;19,2;62;0;0;10;5;;
16726;1996;5;30;21;1.016,4;16,8;14,2;;;74;20;5;10;3;;
16726;1996;5;31;0;1.016,4;17,6;14,6;;;71;30;6;10;7;;
16726;1996;5;31;3;1.016,7;15;13,4;;;83;360;5;10;2;;
16726;1996;5;31;6;1.017;19,8;16,2;21,8;15;67;330;5;8;2;;
16726;1996;5;31;9;1.017;26,4;18,6;;;45;360;7;8;3;;
16726;1996;5;31;12;1.017,5;22,8;18,4;;;63;200;8;10;5;;
16726;1996;5;31;15;1.017,4;24;19,4;;;63;0;0;10;5;;
16726;1996;5;31;18;1.017,2;20,6;17,8;29;19,8;75;0;0;10;2;;
16726;1996;5;31;21;1.018,2;16,6;15,6;;;90;350;6;10;3;;
16726;1996;6;1;0;1.018;15,6;14,6;;;89;350;5;10;0;;
16726;1996;6;1;3;1.017,5;15,4;14;;;85;20;10;10;2;;
16726;1996;6;1;6;1.017,5;20,8;16,4;21;15,4;61;20;7;10;1;;
16726;1996;6;1;9;1.017;28,8;19,4;;;37;30;13;15;2;;
16726;1996;6;1;12;1.016,5;24,6;19,4;;;59;190;7;10;4;;
16726;1996;6;1;15;1.015,5;27,2;18,6;;;41;50;9;10;4;;
16726;1996;6;1;18;1.015,5;22,6;19,2;30;20,8;71;260;4;10;2;;
16726;1996;6;1;21;1.016,2;18,6;17,8;;;92;0;0;10;3;;
16726;1996;6;2;0;1.015,7;16,2;15,6;;;94;360;4;10;4;;
16726;1996;6;2;3;1.014,5;15,2;14,8;;;96;360;4;10;3;;
16726;1996;6;2;6;1.015;18;17;23,2;15;90;0;0;8;5;;
16726;1996;6;2;9;1.015;25,6;18,8;;;50;210;4;10;3;;
16726;1996;6;2;12;1.014,7;25,4;19,2;;;53;210;9;10;2;;
16726;1996;6;2;15;1.014;24;19,4;;;63;170;8;10;3;;
16726;1996;6;2;18;1.014;22;18,6;27,2;18;71;0;0;10;2;;
16726;1996;6;2;21;1.014,5;18;17,4;;;94;0;0;10;0;;
16726;1996;6;3;0;1.013,7;16,2;15,6;;;94;0;0;8;0;;
16726;1996;6;3;3;1.013,7;15;14,2;;;91;360;4;8;0;;
16726;1996;6;3;6;1.015;20;18;22,8;15;81;0;0;8;0;;
16726;1996;6;3;9;1.016;23,4;22,2;;;90;180;10;8;0;;
16726;1996;6;3;12;1.016,4;24,4;19,2;;;59;100;12;10;0;;
16726;1996;6;3;15;1.016,4;23;19,2;;;68;210;8;10;0;;
16726;1996;6;3;18;1.016,2;21;19,2;25,4;20;84;200;4;10;0;;
16726;1996;6;3;21;1.017,2;17,6;17,2;;;96;0;0;10;0;;
16726;1996;6;4;0;1.017;16,8;16,4;;;96;10;4;10;0;;
16726;1996;6;4;3;1.016,7;14,6;14,4;;;98;10;4;10;0;;
16726;1996;6;4;6;1.018,4;19;17,2;21,6;14,6;83;30;4;8;0;;
16726;1996;6;4;9;1.019;25,6;19,6;;;55;210;8;10;1;;
16726;1996;6;4;12;1.018;26,4;19,8;;;52;180;8;10;2;;
16726;1996;6;4;15;1.017,7;25,6;19;;;51;200;8;10;0;;
16726;1996;6;4;18;1.018;23,4;18;27;19;57;0;0;10;0;;
16726;1996;6;4;21;1.018,5;18,2;15,6;;;75;0;0;10;0;;
16726;1996;6;5;0;1.018;18,4;16;;;77;360;5;10;0;;
16726;1996;6;5;3;1.017,2;17;15,8;;;88;0;0;10;0;;
16726;1996;6;5;6;1.018,5;20,8;18,4;24;16,6;78;0;0;10;4;;
16726;1996;6;5;9;1.019;28;19,8;;;44;180;6;10;0;;
16726;1996;6;5;12;1.018;28,2;19,4;;;40;200;10;10;0;;
16726;1996;6;5;15;1.018,2;27,8;20,2;;;47;0;0;10;4;;
16726;1996;6;5;18;1.018,4;25,6;20,6;29,4;20,8;62;40;5;10;3;;
16726;1996;6;5;21;1.018,5;21,6;18,2;;;70;10;5;10;0;;
16726;1996;6;6;0;1.017,2;20;17,2;;;74;360;8;10;0;;
16726;1996;6;6;3;1.016,4;21;16,6;;;62;360;5;10;0;;
16726;1996;6;6;6;1.017;27,6;19,2;28,2;20;42;330;5;10;0;;
16726;1996;6;6;9;1.016,7;31;19,8;;;32;120;16;10;0;;
16726;1996;6;6;12;1.016;32,8;20;;;26;110;10;10;2;;
16726;1996;6;6;15;1.015,7;27,8;20,2;;;47;200;8;10;2;;
16726;1996;6;6;18;1.015,5;25,2;20,2;33;25,2;61;0;0;10;1;;
16726;1996;6;6;21;1.016,2;25;16,8;;;40;10;10;10;0;;
16726;1996;6;7;0;1.015,5;21,8;16;;;52;0;0;10;0;;
16726;1996;6;7;3;1.015,5;22,6;16,4;;;50;30;8;10;0;;
16726;1996;6;7;6;1.015,7;26,6;18,2;27,6;20,6;41;330;5;10;0;;
16726;1996;6;7;9;1.015,7;30,4;19,2;;;31;20;6;10;0;;
16726;1996;6;7;12;1.015,9;30,4;20,8;;;39;220;5;10;0;;
16726;1996;6;7;15;1.015,7;30;20;;;36;210;7;10;0;;
16726;1996;6;7;18;1.016,2;25,4;19,4;33,4;25,4;54;0;0;10;0;;
16726;1996;6;7;21;1.017;25,4;14,6;;;25;20;11;10;0;;
16726;1996;6;8;0;1.016,4;20,8;13;;;36;350;5;10;1;;
16726;1996;6;8;3;1.016,2;17,8;13;;;55;200;4;10;1;;
16726;1996;6;8;6;1.016,7;25,4;17,2;26,2;17;40;0;0;10;2;;
16726;1996;6;8;9;1.017,5;28;18,4;;;35;170;8;10;1;;
16726;1996;6;8;12;1.017;29;19;;;35;200;8;10;1;;
16726;1996;6;8;15;1.016,2;29,2;19,4;;;35;170;12;10;3;;
16726;1996;6;8;18;1.016,7;23,4;20,6;30,4;23,4;77;0;0;10;0;;
16726;1996;6;8;21;1.017,4;19;17,6;;;87;0;0;10;0;;
16726;1996;6;9;0;1.016,5;15,4;14,4;;;89;360;5;10;0;;
16726;1996;6;9;3;1.015,4;13,6;13,2;;;95;0;0;10;2;;
16726;1996;6;9;6;1.016,2;21,6;19,2;23,4;13;79;150;5;10;4;;
16726;1996;6;9;9;1.016,4;24,5;18,6;;;55;210;6;10;4;;
16726;1996;6;9;12;1.015,9;26,8;19,4;;;47;190;5;10;5;;
16726;1996;6;9;15;1.015;27,2;18,6;;;41;210;5;10;6;;
16726;1996;6;9;18;1.015;23,2;20;28;21,6;73;0;0;10;4;;
16726;1996;6;9;21;1.015,4;17;16;;;90;350;4;10;0;;
16726;1996;6;10;0;1.015,7;14,8;13,8;;;89;360;5;10;0;;
16726;1996;6;10;3;1.014,9;13,2;12,4;;;91;0;0;10;2;;
16726;1996;6;10;6;1.015,2;20,2;16,4;24,2;13,2;66;60;3;10;4;;
16726;1996;6;10;9;1.015,9;27,6;20,4;;;49;200;7;10;3;;
16726;1996;6;10;12;1.014,5;30,8;20,2;;;34;230;7;10;3;;
16726;1996;6;10;15;1.014,2;28,8;20,2;;;42;210;10;10;3;;
16726;1996;6;10;18;1.015,7;23,8;21,6;31,2;20,2;82;0;0;10;2;;
16726;1996;6;10;21;1.015,7;19;17,8;;;88;0;0;10;0;;
16726;1996;6;11;0;1.015,5;16,6;15;;;83;0;0;10;0;;
16726;1996;6;11;3;1.014,9;15,8;12,8;;;69;360;4;10;0;;
16726;1996;6;11;6;1.015,4;23,6;16,4;25;15;44;340;6;10;2;;
16726;1996;6;11;9;1.016,2;27,6;20;;;47;210;8;10;1;;
16726;1996;6;11;12;1.015,2;30;19,8;;;36;200;10;10;2;;
16726;1996;6;11;15;1.014,4;29,4;20;;;39;210;10;10;2;;
16726;1996;6;11;18;1.015,2;24,6;19,8;31,6;23,6;62;0;0;10;0;;
16726;1996;6;11;21;1.016,4;18;16,4;;;84;0;0;10;0;;
16726;1996;6;12;0;1.016,2;15;13,6;;;85;0;0;10;0;;
16726;1996;6;12;3;1.015,4;12,8;11,6;;;86;360;5;10;0;;
16726;1996;6;12;6;1.015,5;21,4;14,6;25,6;11,8;45;10;8;10;2;;
16726;1996;6;12;9;1.015,2;33;19,2;;;21;120;10;10;2;;
16726;1996;6;12;12;1.014,5;29,8;21,2;;;43;200;10;10;2;;
16726;1996;6;12;15;1.014;29,4;20,8;;;43;200;10;10;2;;
16726;1996;6;12;18;1.014;25;21;33,6;21,4;68;0;0;10;2;;
16726;1996;6;12;21;1.014,9;20;18;;;81;350;5;10;2;;
16726;1996;6;13;0;1.014,5;18,4;15,6;;;74;20;7;10;0;;
16726;1996;6;13;3;1.013,4;18,2;14,6;;;66;360;7;10;0;;
16726;1996;6;13;6;1.013,4;23,6;18,2;25,6;17,8;57;340;5;8;0;;
16726;1996;6;13;9;1.012,7;31,4;21,8;;;40;210;8;8;0;;
16726;1996;6;13;12;1.011,7;31,2;21,2;;;38;200;12;10;3;;
16726;1996;6;13;15;1.010,9;28,8;23,8;;;65;230;7;10;4;;
16726;1996;6;13;18;1.010,9;25;22,6;33;23,6;81;260;5;8;3;;
16726;1996;6;13;21;1.011,5;21,6;20,6;;;91;0;0;8;2;;
16726;1996;6;14;0;1.011,5;19,4;18,6;;;92;350;5;10;1;;
16726;1996;6;14;3;1.010,9;18,4;17,2;;;88;0;0;8;0;;
16726;1996;6;14;6;1.011;22,2;19,2;26;17,4;74;0;0;5;0;;
16726;1996;6;14;9;1.011,9;26,8;21,4;;;60;210;10;8;1;;
16726;1996;6;14;12;1.011,5;29;20,8;;;45;170;12;8;3;;
16726;1996;6;14;15;1.011,7;28,6;20,8;;;47;130;5;10;5;;
16726;1996;6;14;18;1.011,4;24,4;21,6;30,8;22,2;77;210;6;10;0;;
16726;1996;6;14;21;1.012,7;21;20;;;91;360;4;10;0;;
16726;1996;6;15;0;1.012,2;18,8;17,6;;;88;0;0;10;0;;
16726;1996;6;15;3;1.011,7;17;16,2;;;92;0;0;10;2;;
16726;1996;6;15;6;1.012;22,4;19,2;25;17;73;0;0;8;3;;
16726;1996;6;15;9;1.012,2;28;21,4;;;53;210;5;7;4;;
16726;1996;6;15;12;1.012,5;24;20,4;;;70;330;10;7;7;;
16726;1996;6;15;15;1.013;18,6;18,2;;;96;360;5;3;8;44,8;
16726;1996;6;15;18;1.013,4;18,6;18,2;29,2;18,6;96;270;8;5;8;47,4;
16726;1996;6;15;21;1.014;17;17;;;100;310;4;8;2;0,5;
16726;1996;6;16;0;1.013,4;16;16;;;100;20;5;8;0;;
16726;1996;6;16;3;1.012,7;15,8;15,2;;;93;0;0;8;3;;
16726;1996;6;16;6;1.013,5;18,6;16,8;20;15;83;0;0;8;0;0,5;
16726;1996;6;16;9;1.014,2;24,4;19;;;58;0;0;8;3;;
16726;1996;6;16;12;1.014;24,8;19,2;;;57;180;8;10;5;;
16726;1996;6;16;15;1.013,5;24,8;19,4;;;58;180;10;10;3;;
16726;1996;6;16;18;1.013,7;22,6;19,2;25,6;18,6;71;0;0;10;3;;
16726;1996;6;16;21;1.014,5;18,4;17,6;;;92;0;0;10;2;;
16726;1996;6;17;0;1.014,5;16,4;14,4;;;79;0;0;10;0;;
16726;1996;6;17;3;1.014,4;14,8;12,4;;;74;360;8;10;0;;
16726;1996;6;17;6;1.015,4;19;14,8;23,2;13,8;62;360;5;8;1;;
16726;1996;6;17;9;1.015,4;26;17,2;;;37;330;5;10;1;;
16726;1996;6;17;12;1.014,9;25,8;18,2;;;44;180;12;10;3;;
16726;1996;6;17;15;1.014,2;25,2;20,2;;;61;160;10;10;4;;
16726;1996;6;17;18;1.014,5;24;17,2;27,6;19;47;30;10;10;4;;
16726;1996;6;17;21;1.015,7;20;17,2;;;74;30;4;10;1;;
16726;1996;6;18;0;1.015,4;16,4;15,4;;;89;360;5;10;1;;
16726;1996;6;18;3;1.015;15;14,2;;;91;360;6;10;0;;
16726;1996;6;18;6;1.015,7;19,6;16,2;24,2;14,8;69;0;0;8;0;;
16726;1996;6;18;9;1.015,7;26,2;17,2;;;36;0;0;8;2;;
16726;1996;6;18;12;1.014,9;26,2;18,4;;;43;200;12;10;3;;
16726;1996;6;18;15;1.013,2;26;19,8;;;54;160;10;10;4;;
16726;1996;6;18;18;1.014,4;20;15,8;27;19,6;63;0;0;8;5;0,5;
16726;1996;6;18;21;1.014,5;17,6;15,8;;;82;0;0;8;2;;
16726;1996;6;19;0;1.013,5;15,6;14,2;;;85;350;5;8;2;;
16726;1996;6;19;3;1.012,7;14;13;;;89;350;4;8;0;;
16726;1996;6;19;6;1.013,5;19,6;16,6;21;14;73;20;5;8;0;;
16726;1996;6;19;9;1.013,2;26,8;18,2;;;40;20;6;10;2;;
16726;1996;6;19;12;1.012;25,6;18,6;;;49;210;8;10;2;;
16726;1996;6;19;15;1.011;27,4;18;;;36;20;15;10;2;;
16726;1996;6;19;18;1.012;23;18,8;28,4;18,6;66;30;13;10;2;;
16726;1996;6;19;21;1.013;19,8;18,2;;;85;10;5;10;0;;
16726;1996;6;20;0;1.012,7;16,6;16;;;94;360;5;10;0;;
16726;1996;6;20;3;1.012,5;15,8;15;;;91;350;6;10;0;;
16726;1996;6;20;6;1.013,4;20,6;18;28,6;15;77;360;5;8;0;;
16726;1996;6;20;9;1.013,4;27,2;20;;;49;20;8;10;1;;
16726;1996;6;20;12;1.012,5;29,6;19,6;;;36;50;8;10;2;;
16726;1996;6;20;15;1.012,2;28,4;19;;;37;30;15;10;2;;
16726;1996;6;20;18;1.012,7;23,6;19,2;30,2;20,6;64;30;13;10;0;;
16726;1996;6;20;21;1.014,5;20,8;19,2;;;85;20;10;10;0;;
16726;1996;6;21;0;1.014,2;17,8;17,2;;;94;350;4;10;0;;
16726;1996;6;21;3;1.013,7;16,2;15,8;;;96;350;6;10;0;;
16726;1996;6;21;6;1.014,5;21,2;18,6;24;16,2;77;330;5;10;0;;
16726;1996;6;21;9;1.013,5;26;20;;;55;180;8;10;0;;
16726;1996;6;21;12;1.014,5;26,8;19,4;;;47;200;8;10;1;;
16726;1996;6;21;15;1.013,7;28,6;21;;;48;190;8;10;1;;
16726;1996;6;21;18;1.014;25;17,8;29,6;20,6;46;30;10;10;0;;
16726;1996;6;21;21;1.014,9;18,4;16,6;;;83;350;5;10;0;;
16726;1996;6;22;0;1.014,5;17;15;;;80;350;7;10;0;;
16726;1996;6;22;3;1.014;15,6;14;;;83;350;7;10;0;;
16726;1996;6;22;6;1.014,2;21,2;17;25,6;15,6;64;360;4;8;0;;
16726;1996;6;22;9;1.014;27,4;21;;;54;170;7;8;0;;
16726;1996;6;22;12;1.013,5;28,6;19,6;;;40;160;8;10;0;;
16726;1996;6;22;15;1.012,7;29,6;19,6;;;36;170;10;10;1;;
16726;1996;6;22;18;1.013;24;20;30,2;21,2;68;150;8;10;3;;
16726;1996;6;22;21;1.013,7;19,4;18,2;;;88;0;0;10;0;;
16726;1996;6;23;0;1.013;17,4;16,6;;;92;360;4;10;0;;
16726;1996;6;23;3;1.012,2;16,2;15,2;;;89;0;0;10;0;;
16726;1996;6;23;6;1.012,2;20,6;18,2;24;16;78;0;0;10;0;;
16726;1996;6;23;9;1.012,4;29;21,8;;;51;170;5;10;0;;
16726;1996;6;23;12;1.012,7;28,2;21,2;;;51;200;8;10;0;;
16726;1996;6;23;15;1.012,2;27,8;20,3;;;47;220;8;10;1;;
16726;1996;6;23;18;1.012,7;25,8;23,2;30;20,6;79;0;0;10;0;;
16726;1996;6;23;21;1.014;21,2;20,8;;;96;0;0;8;0;;
16726;1996;6;24;0;1.013,2;19;18;;;90;360;4;10;0;;
16726;1996;6;24;3;1.012,7;18,2;16,4;;;82;360;8;10;2;;
16726;1996;6;24;6;1.013,4;23,4;19,6;29,2;18,2;69;10;4;10;2;;
16726;1996;6;24;9;1.014,2;23,4;21;;;80;360;7;10;1;;
16726;1996;6;24;12;1.014,7;33,8;21;;;27;330;8;10;0;;
16726;1996;6;24;15;1.014;33,6;22,6;;;36;20;13;10;0;;
16726;1996;6;24;18;1.014,2;29;19,6;34,8;23,4;39;20;12;10;0;;
16726;1996;6;24;21;1.014,9;23,6;18;;;56;360;9;10;0;;
16726;1996;6;25;0;1.014,2;21;17,2;;;67;360;5;10;0;;
16726;1996;6;25;3;1.013,7;19;16,2;;;74;0;0;10;0;;
16726;1996;6;25;6;1.014;23,8;18,8;29;18;60;0;0;10;0;;
16726;1996;6;25;9;1.014;34,2;22,6;;;34;0;0;10;1;;
16726;1996;6;25;12;1.014;32,4;21,6;;;35;200;10;10;0;;
16726;1996;6;25;15;1.013,7;30,6;23,2;;;51;210;5;10;2;;
16726;1996;6;25;18;1.013,7;27;22;35,6;23,8;63;200;4;10;0;;
16726;1996;6;25;21;1.014,2;21,6;18,8;;;76;350;4;10;0;;
16726;1996;6;26;0;1.013;19,4;16,8;;;76;10;5;10;0;;
16726;1996;6;26;3;1.011,7;17,4;15,4;;;80;360;5;10;0;;
16726;1996;6;26;6;1.012,5;24,2;19,2;28,2;17,4;60;20;5;8;0;;
16726;1996;6;26;9;1.012,2;32,2;22,6;;;42;170;5;10;0;;
16726;1996;6;26;12;1.011,7;32,2;21,4;;;34;220;10;10;0;;
16726;1996;6;26;15;1.011,4;30,8;22,6;;;47;190;10;10;0;;
16726;1996;6;26;18;1.012;27,2;20,6;33,2;24,2;53;30;10;10;0;;
16726;1996;6;26;21;1.013;23,4;20,6;;;77;20;10;10;0;;
16726;1996;6;27;0;1.012,7;22,2;20;;;81;20;12;10;0;;
16726;1996;6;27;3;1.012,4;21,2;17,6;;;69;10;10;10;0;;
16726;1996;6;27;6;1.013,2;22,8;18,6;27,8;20;66;20;10;10;1;;
16726;1996;6;27;9;1.013,7;27,2;18,8;;;42;360;13;10;3;;
16726;1996;6;27;12;1.013,7;28;18,4;;;35;350;10;10;2;;
16726;1996;6;27;15;1.013,2;27;18,8;;;43;330;11;10;2;;
16726;1996;6;27;18;1.014,4;23,2;17,2;28,4;22,4;52;340;9;10;2;;
16726;1996;6;27;21;1.015,7;21;19,2;;;84;10;10;10;0;;
16726;1996;6;28;0;1.015;20,4;16,4;;;64;20;10;10;0;;
16726;1996;6;28;3;1.014,2;19,6;15,6;;;64;10;14;10;0;;
16726;1996;6;28;6;1.015,4;21,8;17,2;26,2;18,6;61;20;15;10;1;;
16726;1996;6;28;9;1.015,4;25,6;18,6;;;49;340;12;10;2;;
16726;1996;6;28;12;1.014,7;27,8;18,4;;;36;360;12;10;2;;
16726;1996;6;28;15;1.014,7;27;18,2;;;39;360;12;10;2;;
16726;1996;6;28;18;1.015,4;23,8;17,8;28,2;21,8;53;30;14;10;2;;
16726;1996;6;28;21;1.016,5;21;16;;;57;20;12;10;2;;
16726;1996;6;29;0;1.016,5;19,2;15,4;;;65;10;10;10;2;;
16726;1996;6;29;3;1.016,2;15,4;13,8;;;83;360;6;10;0;;
16726;1996;6;29;6;1.017;20,4;17;24,4;15,4;70;0;0;8;1;;
16726;1996;6;29;9;1.017,5;25,6;19,6;;;55;220;6;8;2;;
16726;1996;6;29;12;1.016,7;27;19,2;;;45;200;10;10;2;;
16726;1996;6;29;15;1.016,2;26;18,4;;;44;180;12;10;5;;
16726;1996;6;29;18;1.016;24,2;18,4;27,6;20,4;54;200;6;10;4;;
16726;1996;6;29;21;1.016,4;19,8;18,4;;;87;360;4;10;2;;
16726;1996;6;30;0;1.015,7;17,8;16,8;;;90;360;5;10;0;;
16726;1996;6;30;3;1.014,9;16,8;15,8;;;90;0;0;10;0;;
16726;1996;6;30;6;1.015;21;18;25;16;73;360;5;8;0;;
16726;1996;6;30;9;1.014,2;28,4;19,8;;;42;30;5;10;2;;
16726;1996;6;30;12;1.013,5;28;20,8;;;50;210;10;10;2;;
16726;1996;6;30;15;1.012,5;30;18,6;;;29;20;12;10;1;;
16726;1996;6;30;18;1.013;23,6;18;30,4;21;56;30;17;10;0;;
16726;1996;6;30;21;1.013,7;20;18;;;81;0;0;10;0;;
16726;1996;7;1;0;1.013,5;18;17;;;90;360;5;10;0;;
16726;1996;7;1;3;1.012,4;17,6;15,8;;;82;10;8;10;0;;
16726;1996;7;1;6;1.012,7;22,6;18,2;25;16,6;63;360;8;8;0;;
16726;1996;7;1;9;1.012,7;28,4;18,8;;;37;360;7;8;0;;
16726;1996;7;1;12;1.012,5;30,2;19,6;;;34;20;7;10;0;;
16726;1996;7;1;15;1.011,7;30,2;19;;;31;20;15;10;0;;
16726;1996;7;1;18;1.011,9;26,2;17,2;31,8;22,6;36;30;16;10;0;;
16726;1996;7;1;21;1.012,5;21,4;19;;;79;10;8;10;0;;
16726;1996;7;2;0;1.012,7;18;16,8;;;88;350;5;10;0;;
16726;1996;7;2;3;1.011,7;15,6;14,6;;;89;350;7;10;0;;
16726;1996;7;2;6;1.011,7;20,6;17,2;26,4;15,4;70;0;0;10;0;;
16726;1996;7;2;9;1.012,4;26,2;19,2;;;49;200;7;10;0;;
16726;1996;7;2;12;1.012,2;28,2;21;;;50;180;7;10;0;;
16726;1996;7;2;15;1.011,4;28;20,6;;;49;200;9;10;0;;
16726;1996;7;2;18;1.011,7;24,4;20,6;29,2;20,6;70;0;0;10;0;;
16726;1996;7;2;21;1.012,2;20;18,4;;;85;10;4;10;0;;
16726;1996;7;3;0;1.012,2;18,2;17,2;;;90;360;5;10;0;;
16726;1996;7;3;3;1.011,5;18,2;16;;;79;360;5;10;0;;
16726;1996;7;3;6;1.012;23;20;25,5;17,4;75;0;0;8;0;;
16726;1996;7;3;9;1.011,9;27,8;22;;;58;200;4;8;0;;
16726;1996;7;3;12;1.012,5;28,2;21,4;;;52;210;10;10;0;;
16726;1996;7;3;15;1.011,9;30;22,2;;;48;210;5;6;0;;
16726;1996;7;3;18;1.012,2;25,8;18,6;30,4;23;48;20;11;8;0;;
16726;1996;7;3;21;1.013;20,8;17,2;;;68;340;6;10;0;;
16726;1996;7;4;0;1.012,4;20,2;16,4;;;66;350;6;10;0;;
16726;1996;7;4;3;1.012;20,6;16,4;;;63;360;7;10;0;;
16726;1996;7;4;6;1.013;26,6;19;27;20,2;46;360;8;10;0;;
16726;1996;7;4;9;1.013,2;31,8;24;;;50;210;6;10;0;;
16726;1996;7;4;12;1.013,2;30,2;20,8;;;40;200;7;10;0;;
16726;1996;7;4;15;1.012,4;32;20,6;;;32;210;4;10;0;;
16726;1996;7;4;18;1.012,7;30,6;19,2;35,4;26,6;29;30;12;10;0;;
16726;1996;7;4;21;1.013,5;24;17,4;;;48;350;8;10;0;;
16726;1996;7;5;0;1.012,7;22;17,4;;;61;360;8;10;0;;
16726;1996;7;5;3;1.011,7;19,8;17;;;74;350;10;10;0;;
16726;1996;7;5;6;1.011,7;26,6;20;31,5;19,8;52;360;6;10;0;;
16726;1996;7;5;9;1.011,4;29,2;22,4;;;53;190;7;10;0;;
16726;1996;7;5;12;1.010,9;31;22,6;;;47;210;7;10;0;;
16726;1996;7;5;15;1.009,7;33,4;20,6;;;27;30;12;10;0;;
16726;1996;7;5;18;1.009,2;27,6;20;33,8;26,6;47;30;13;10;0;;
16726;1996;7;5;21;1.009,7;23,8;19,8;;;68;10;8;10;0;;
16726;1996;7;6;0;1.008,7;22;20,6;;;88;350;7;10;0;;
16726;1996;7;6;3;1.007,9;21,8;20,2;;;86;10;9;10;0;;
16726;1996;7;6;6;1.007,9;25;20,6;28,4;20,8;66;20;13;8;0;;
16726;1996;7;6;9;1.007,7;31;22;;;43;30;12;8;0;;
16726;1996;7;6;12;1.007;30,2;24,4;;;60;220;6;10;0;;
16726;1996;7;6;15;1.005,4;33,2;23,2;;;40;40;16;10;0;;
16726;1996;7;6;18;1.006;28;19,4;34,4;25;41;20;17;10;0;;
16726;1996;7;6;21;1.006,7;24;19;;;60;30;10;10;0;;
16726;1996;7;7;0;1.006,2;21;17,6;;;70;10;8;10;0;;
16726;1996;7;7;3;1.005,7;20;16,8;;;71;350;8;10;0;;
16726;1996;7;7;6;1.005,7;25,6;19,4;28,5;19,8;53;360;6;10;0;;
16726;1996;7;7;9;1.005,5;33,8;21;;;27;20;8;10;0;;
16726;1996;7;7;12;1.004,7;31,8;23,4;;;47;210;6;10;0;;
16726;1996;7;7;15;1.004,2;31,8;21,8;;;39;150;8;10;0;;
16726;1996;7;7;18;1.005;29;20;35,8;25,6;40;20;9;10;0;;
16726;1996;7;7;21;1.006,5;24,2;18,8;;;58;360;7;10;0;;
16726;1996;7;8;0;1.006,2;21,6;17,6;;;66;360;11;10;0;;
16726;1996;7;8;3;1.006,2;21;17;;;65;340;11;10;0;;
16726;1996;7;8;6;1.007,7;27;20,4;29,6;19,8;52;0;0;10;0;;
16726;1996;7;8;9;1.007,7;32,6;21,6;;;35;170;6;10;0;;
16726;1996;7;8;12;1.008;31,8;21,6;;;39;210;8;10;0;;
16726;1996;7;8;15;1.008,4;32;20,4;;;31;180;5;10;0;;
16726;1996;7;8;18;1.008,7;31;19;33,4;27;28;20;8;10;0;;
16726;1996;7;8;21;1.009;24,4;17,6;;;49;360;5;10;0;;
16726;1996;7;9;0;1.008,5;22,6;16,6;;;52;350;8;10;0;;
16726;1996;7;9;3;1.007,9;21,4;15,8;;;53;350;10;10;0;;
16726;1996;7;9;6;1.007,7;25,6;19;31,2;20,6;51;350;8;10;0;;
16726;1996;7;9;9;1.008,4;33,6;20,8;;;27;20;15;10;0;;
16726;1996;7;9;12;1.008,7;33,6;20,4;;;26;30;15;10;0;;
16726;1996;7;9;15;1.008,2;31;18;;;23;20;13;10;0;;
16726;1996;7;9;18;1.008,7;24,2;19;34,6;24,2;59;20;11;10;0;;
16726;1996;7;9;21;1.010,4;21,4;17,2;;;64;10;10;10;0;;
16726;1996;7;10;0;1.009,7;20,2;17;;;71;20;10;10;0;;
16726;1996;7;10;3;1.009,5;19,8;16,2;;;67;20;11;10;0;;
16726;1996;7;10;6;1.009,2;22,2;17,6;24,2;19;62;20;15;10;0;;
16726;1996;7;10;9;1.008,7;27,8;18,6;;;38;20;14;10;0;;
16726;1996;7;10;12;1.009,2;28,2;17,6;;;32;350;15;10;0;;
16726;1996;7;10;15;1.008,7;27;18;;;38;350;15;10;0;;
16726;1996;7;10;18;1.009,4;23,6;16,4;29,2;22,2;44;350;17;10;0;;
16726;1996;7;10;21;1.010,4;20;15;;;56;20;12;10;0;;
16726;1996;7;11;0;1.009,7;18,6;14,8;;;65;20;15;10;0;;
16726;1996;7;11;3;1.010;18,6;15;;;66;20;13;10;0;;
16726;1996;7;11;6;1.011,2;21,4;16,6;24,2;18;60;20;7;10;0;;
16726;1996;7;11;9;1.011,4;25,6;17,8;;;43;170;7;10;1;;
16726;1996;7;11;12;1.011,2;26,2;19;;;48;200;10;10;1;;
16726;1996;7;11;15;1.010,5;26,4;17,8;;;40;190;8;10;1;;
16726;1996;7;11;18;1.011;24,2;17,2;27,2;21,4;46;30;10;10;1;;
16726;1996;7;11;21;1.011,9;18,6;15,2;;;68;360;5;10;0;;
16726;1996;7;12;0;1.011,7;19,8;14,4;;;52;20;12;10;0;;
16726;1996;7;12;3;1.011,5;20,2;14;;;47;20;17;10;0;;
16726;1996;7;12;6;1.011,7;22;15,4;24,5;17,6;46;10;10;10;0;;
16726;1996;7;12;9;1.011,7;27,8;19;;;40;160;8;10;2;;
16726;1996;7;12;12;1.012,4;27,2;19,2;;;44;180;12;10;1;;
16726;1996;7;12;15;1.012;27,4;18,8;;;41;230;5;10;1;;
16726;1996;7;12;18;1.012,7;24,6;15,2;28,8;22;31;30;13;10;1;;
16726;1996;7;12;21;1.013,5;19,6;16;;;67;350;5;10;0;;
16726;1996;7;13;0;1.013,7;19,6;15,2;;;60;20;9;10;0;;
16726;1996;7;13;3;1.013,7;16,4;14;;;75;350;7;10;1;;
16726;1996;7;13;6;1.014;21;17;24,6;16;65;360;5;10;0;;
16726;1996;7;13;9;1.013,2;26,6;20;;;52;210;10;10;0;;
16726;1996;7;13;12;1.013,7;26,8;18,8;;;44;180;10;10;5;;
16726;1996;7;13;15;1.013,2;27,4;19,4;;;44;220;5;10;5;;
16726;1996;7;13;18;1.013,4;26;17,8;29,6;21;41;20;10;10;5;;
16726;1996;7;13;21;1.014,5;20,6;16,6;;;65;20;4;8;0;;
16726;1996;7;14;0;1.014,5;17,8;15;;;73;360;6;8;2;;
16726;1996;7;14;3;1.014,2;17;14;;;70;360;10;10;0;;
16726;1996;7;14;6;1.014,4;21,4;16,4;26;15,8;57;350;7;10;0;;
16726;1996;7;14;9;1.014,5;27,2;20,6;;;53;210;10;10;0;;
16726;1996;7;14;12;1.014,4;28;19;;;39;200;12;10;1;;
16726;1996;7;14;15;1.014;29,2;19,4;;;35;200;10;10;0;;
16726;1996;7;14;18;1.014,2;24,2;20,6;30,4;21,4;71;0;0;10;2;;
16726;1996;7;14;21;1.015;20;18,6;;;87;0;0;10;0;;
16726;1996;7;15;0;1.014,9;18,4;16,8;;;84;360;5;10;0;;
16726;1996;7;15;3;1.014;17,8;15,6;;;79;350;9;10;0;;
16726;1996;7;15;6;1.014;22,4;18,4;25,2;17,8;66;350;6;8;0;;
16726;1996;7;15;9;1.013,7;28,8;21,6;;;51;210;9;8;0;;
16726;1996;7;15;12;1.013,2;30;21;;;42;200;12;8;1;;
16726;1996;7;15;15;1.012,2;29,8;23;;;54;180;4;8;0;;
16726;1996;7;15;18;1.012,2;25,4;21,6;31,2;22,4;70;0;0;10;0;;
16726;1996;7;15;21;1.013;21,2;19,2;;;82;0;0;10;0;;
16726;1996;7;16;0;1.012,5;20,4;17,6;;;75;350;7;10;0;;
16726;1996;7;16;3;1.011,7;19;16,6;;;78;350;4;10;0;;
16726;1996;7;16;6;1.011,5;24,4;19,6;25,8;18,8;62;360;5;8;0;;
16726;1996;7;16;9;1.011;28,4;22,2;;;56;190;6;8;0;;
16726;1996;7;16;12;1.010,5;30,4;22,4;;;47;230;4;8;1;;
16726;1996;7;16;15;1.009;31,8;22,4;;;41;280;4;10;1;;
16726;1996;7;16;18;1.009;28;20,8;33;24,4;50;20;12;10;1;;
16726;1996;7;16;21;1.010;25;19,2;;;55;30;12;10;0;;
16726;1996;7;17;0;1.009,7;23,8;19;;;62;20;14;10;0;;
16726;1996;7;17;3;1.009,4;22,4;18,6;;;68;10;8;10;1;;
16726;1996;7;17;6;1.010;24,6;21,2;29,8;22,4;73;160;4;8;2;;
16726;1996;7;17;9;1.010;28,2;23;;;63;180;6;8;2;;
16726;1996;7;17;12;1.010,4;30;23,2;;;54;210;8;8;2;;
16726;1996;7;17;15;1.010,2;28,4;22,6;;;59;210;10;8;5;;
16726;1996;7;17;18;1.010,7;24,4;21,6;31,7;24,4;77;0;0;8;0;;
16726;1996;7;17;21;1.012;21,2;19,8;;;87;0;0;10;0;;
16726;1996;7;18;0;1.012;18,8;18;;;92;0;0;8;0;;
16726;1996;7;18;3;1.011,7;17,6;16,8;;;92;0;0;8;0;;
16726;1996;7;18;6;1.012,2;21,6;19,4;25,6;17,6;80;0;0;5;0;;
16726;1996;7;18;9;1.012,7;28,2;21,4;;;52;170;7;8;3;;
16726;1996;7;18;12;1.013;28;22,4;;;59;180;12;8;2;;
16726;1996;7;18;15;1.012,4;27,2;21,4;;;57;170;11;10;2;;
16726;1996;7;18;18;1.012,7;23,8;22;29;21,6;85;220;6;10;0;;
16726;1996;7;18;21;1.014;20,4;19,6;;;93;0;0;10;0;;
16726;1996;7;19;0;1.014,7;18;17,6;;;96;0;0;10;0;;
16726;1996;7;19;3;1.014;17,8;17,2;;;94;330;5;8;0;;
16726;1996;7;19;6;1.014,2;22;19,6;29,6;17,8;79;0;0;5;0;;
16726;1996;7;19;9;1.014,5;27,6;20,6;;;51;170;6;8;1;;
16726;1996;7;19;12;1.014;27,4;20,8;;;53;180;12;10;2;;
16726;1996;7;19;15;1.013,7;26,8;20;;;51;160;10;10;3;;
16726;1996;7;19;18;1.014,7;24,6;20;28,4;22;64;200;5;8;2;;
16726;1996;7;19;21;1.015,5;20,6;19;;;85;0;0;8;0;;
16726;1996;7;20;0;1.015,2;18,4;17,6;;;92;0;0;8;0;;
16726;1996;7;20;3;1.014,2;17,2;16,6;;;94;360;5;8;0;;
16726;1996;7;20;6;1.014,5;21,8;19;24,8;17,1;76;0;0;6;0;;
16726;1996;7;20;9;1.014,4;28,6;19,8;;;41;180;6;8;0;;
16726;1996;7;20;12;1.014,5;30,4;20;;;34;190;7;10;1;;
16726;1996;7;20;15;1.013,7;29,6;21,6;;;47;150;9;10;1;;
16726;1996;7;20;18;1.014,4;27;18,6;30,4;21,8;42;40;8;10;0;;
16726;1996;7;20;21;1.015,4;21,4;18;;;70;350;6;10;0;;
16726;1996;7;21;0;1.015,2;18,6;16,6;;;81;360;4;10;0;;
16726;1996;7;21;3;1.015;17,2;15,6;;;84;350;6;10;0;;
16726;1996;7;21;6;1.015,4;21;17,6;27,2;17,2;70;0;0;8;0;;
16726;1996;7;21;9;1.015,4;28,8;19,4;;;37;180;4;8;0;;
16726;1996;7;21;12;1.015;28,2;21,6;;;54;200;10;10;2;;
16726;1996;7;21;15;1.014,5;28,4;21;;;49;190;12;10;2;;
16726;1996;7;21;18;1.014,9;25;21,2;29;21;70;0;0;10;0;;
16726;1996;7;21;21;1.015,9;20,6;17,8;;;75;340;4;10;0;;
16726;1996;7;22;0;1.015;18;16,6;;;86;0;0;10;0;;
16726;1996;7;22;3;1.015;16,8;15,2;;;83;0;0;10;0;;
16726;1996;7;22;6;1.015,9;21;18;25;16;73;0;0;8;0;;
16726;1996;7;22;9;1.015,7;26,2;20,4;;;56;190;4;8;1;;
16726;1996;7;22;12;1.015,4;25,4;19,6;;;56;330;6;8;5;;
16726;1996;7;22;15;1.013,2;29;20,4;;;42;30;11;10;3;;
16726;1996;7;22;18;1.014;24,2;19;29;21;59;20;13;10;2;;
16726;1996;7;22;21;1.014;21;18,8;;;80;20;8;10;0;;
16726;1996;7;23;0;1.014,4;19,8;18;;;83;30;4;10;0;;
16726;1996;7;23;3;1.014;18;16,8;;;88;360;6;10;3;;
16726;1996;7;23;6;1.014,7;21,6;17,8;25,6;18;67;360;4;8;1;;
16726;1996;7;23;9;1.015,4;28;18,4;;;35;350;4;10;1;;
16726;1996;7;23;12;1.014,5;26,8;20,8;;;56;160;10;10;6;;
16726;1996;7;23;15;1.014,4;27,4;19,8;;;47;180;8;10;4;;
16726;1996;7;23;18;1.015,5;23,8;20,2;29,8;21,6;70;0;0;10;1;;
16726;1996;7;23;21;1.016,5;19,4;17;;;78;10;4;10;0;;
16726;1996;7;24;0;1.017;17,6;14,6;;;71;0;0;10;0;;
16726;1996;7;24;3;1.016,7;17,2;13,6;;;65;30;5;10;0;;
16726;1996;7;24;6;1.017,4;21,8;16,6;24;15,6;57;360;4;10;0;;
16726;1996;7;24;9;1.017;30;18,4;;;28;360;8;10;0;;
16726;1996;7;24;12;1.017;28,8;18;;;30;180;15;10;1;;
16726;1996;7;24;15;1.015,9;28,6;19,6;;;40;180;6;10;1;;
16726;1996;7;24;18;1.015,5;26;17,8;31,4;21,8;41;30;12;10;0;;
16726;1996;7;24;21;1.015,7;21,8;16,8;;;58;360;5;10;0;;
16726;1996;7;25;0;1.014,7;18,8;15,6;;;70;340;5;10;0;;
16726;1996;7;25;3;1.014,2;16;14,4;;;83;0;0;10;0;;
16726;1996;7;25;6;1.015;20;16,6;27;16;70;0;0;8;0;;
16726;1996;7;25;9;1.014,9;27;20;;;50;210;5;8;0;;
16726;1996;7;25;12;1.013,7;28;20,8;;;50;180;7;7;0;;
16726;1996;7;25;15;1.013;28,6;20,6;;;46;200;8;8;0;;
16726;1996;7;25;18;1.012,7;24,6;20,4;29,4;20;66;0;0;10;0;;
16726;1996;7;25;21;1.013;21;18;;;73;350;6;10;0;;
16726;1996;7;26;0;1.011,7;20,6;17,2;;;70;360;8;10;0;;
16726;1996;7;26;3;1.010,9;20;16;;;64;360;10;10;0;;
16726;1996;7;26;6;1.011,5;24;18,4;24,6;19,8;56;360;7;10;0;;
16726;1996;7;26;9;1.012;29;22,8;;;57;200;6;10;0;;
16726;1996;7;26;12;1.011;30,8;21,6;;;42;200;7;10;0;;
16726;1996;7;26;15;1.010,5;31;22,4;;;45;200;6;10;0;;
16726;1996;7;26;18;1.011,5;29,4;21;31,6;24;44;0;0;10;0;;
16726;1996;7;26;21;1.013,7;23,4;22;;;88;0;0;10;0;;
16726;1996;7;27;0;1.014;19,8;18,2;;;85;350;7;10;0;;
16726;1996;7;27;3;1.013,7;19;17,2;;;83;0;0;10;0;;
16726;1996;7;27;6;1.014,7;22;19,4;29,8;17,8;77;0;0;8;0;;
16726;1996;7;27;9;1.015,4;31,2;20,8;;;36;200;4;10;0;;
16726;1996;7;27;12;1.015,4;31,2;22,4;;;44;200;7;10;0;;
16726;1996;7;27;15;1.015,2;31;22,2;;;44;160;9;10;0;;
16726;1996;7;27;18;1.015,9;26,8;21,4;33;22;60;150;7;10;0;;
16726;1996;7;27;21;1.016,5;22,4;19,4;;;74;30;4;10;0;;
16726;1996;7;28;0;1.016,2;20,2;17,6;;;77;350;6;10;0;;
16726;1996;7;28;3;1.015,9;18,2;16,6;;;84;0;0;10;0;;
16726;1996;7;28;6;1.016,7;21,6;18,8;27,4;17,6;76;0;0;8;0;;
16726;1996;7;28;9;1.017;30,2;20,8;;;40;200;4;10;0;;
16726;1996;7;28;12;1.016,4;31;21,8;;;42;170;10;10;0;;
16726;1996;7;28;15;1.015,9;30,2;22;;;46;190;8;10;0;;
16726;1996;7;28;18;1.015,7;27;21,2;31,6;21,6;57;0;0;10;0;;
16726;1996;7;28;21;1.017;22,6;19,6;;;75;0;0;10;0;;
16726;1996;7;29;0;1.015,7;19,2;17,2;;;81;0;0;10;0;;
16726;1996;7;29;3;1.014,7;17,8;16,4;;;86;0;0;10;0;;
16726;1996;7;29;6;1.014,5;22,8;18,8;29,4;17,8;67;0;0;8;0;;
16726;1996;7;29;9;1.014,9;28,4;21,6;;;53;200;6;8;0;;
16726;1996;7;29;12;1.015;30;22;;;47;180;8;10;0;;
16726;1996;7;29;15;1.013,4;29,6;24;;;61;210;6;10;0;;
16726;1996;7;29;18;1.013,2;25,4;23,4;31,4;22,8;84;290;4;8;0;;
16726;1996;7;29;21;1.013,2;21,8;21;;;93;0;0;8;0;;
16726;1996;7;30;0;1.012,2;19,4;18,6;;;92;0;0;8;0;;
16726;1996;7;30;3;1.010,9;18,8;17,8;;;90;0;0;8;0;;
16726;1996;7;30;6;1.010,5;21;19,4;26,6;18;85;0;0;6;0;;
16726;1996;7;30;9;1.010,7;28;23,4;;;66;160;8;8;0;;
16726;1996;7;30;12;1.009,2;30,2;23,2;;;53;200;10;8;0;;
16726;1996;7;30;15;1.008,4;28,8;22;;;53;210;8;10;0;;
16726;1996;7;30;18;1.007,9;25,4;23;31,2;21;81;0;0;10;0;;
16726;1996;7;30;21;1.008,5;20,4;19;;;87;350;4;10;0;;
16726;1996;7;31;0;1.007,5;19;17,8;;;88;20;5;10;0;;
16726;1996;7;31;3;1.007;17,2;16,8;;;96;0;0;10;0;;
16726;1996;7;31;6;1.007,5;21;19;26,6;16,8;82;0;0;8;0;;
16726;1996;7;31;9;1.007,7;28;21,2;;;52;180;6;8;3;;
16726;1996;7;31;12;1.008,7;28,2;24,2;;;70;210;6;8;4;;
16726;1996;7;31;15;1.007,7;27,6;23,6;;;70;210;5;8;2;;
16726;1996;7;31;18;1.008,2;25;23;28,8;21;84;170;5;8;1;;
16726;1996;7;31;21;1.009;22,6;21,4;;;89;0;0;8;1;;
16726;1996;8;1;0;1.009,2;20,6;20;;;94;20;6;8;0;;
16726;1996;8;1;3;1.009,2;19,2;18,6;;;94;360;4;10;0;;
16726;1996;8;1;6;1.010,2;22,4;20,6;25,5;18,6;84;350;4;8;3;;
16726;1996;8;1;9;1.011;27,8;22,8;;;64;210;16;8;2;;
16726;1996;8;1;12;1.011,7;27,4;23,4;;;70;190;16;8;6;;
16726;1996;8;1;15;1.012;26,8;23;;;71;190;10;8;4;;
16726;1996;8;1;18;1.012,7;25;22,4;30;22,4;79;0;0;8;2;;
16726;1996;8;1;21;1.014;21,8;21;;;93;360;8;8;0;;
16726;1996;8;2;0;1.014;21,2;20,6;;;95;10;9;8;0;;
16726;1996;8;2;3;1.013,4;19,6;18,8;;;92;350;12;8;0;;
16726;1996;8;2;6;1.014,4;23;20;30;19,6;75;330;6;8;0;;
16726;1996;8;2;9;1.014,9;29;23;;;58;200;12;8;2;;
16726;1996;8;2;12;1.014,5;29,4;22,6;;;54;210;18;8;3;;
16726;1996;8;2;15;1.013,7;30,8;22,8;;;48;210;13;10;2;;
16726;1996;8;2;18;1.014,2;26,6;23,6;32;23;77;0;0;10;2;;
16726;1996;8;2;21;1.014,5;22,4;21,2;;;89;350;5;8;0;;
16726;1996;8;3;0;1.013,7;21;19;;;82;360;16;10;0;;
16726;1996;8;3;3;1.013,2;20,6;18;;;77;360;15;10;0;;
16726;1996;8;3;6;1.013,4;24;19,4;26,7;20,4;63;330;6;8;0;;
16726;1996;8;3;9;1.012,4;34,2;21,8;;;32;360;8;8;1;;
16726;1996;8;3;12;1.011,7;32,4;22,6;;;42;150;8;10;3;;
16726;1996;8;3;15;1.010,5;34,8;21;;;24;30;16;10;2;;
16726;1996;8;3;18;1.010,9;30,8;21,8;35,4;24;43;30;9;10;5;;
16726;1996;8;3;21;1.011;26,2;21,4;;;63;360;8;10;2;;
16726;1996;8;4;0;1.010,7;23;19,8;;;73;360;7;10;0;;
16726;1996;8;4;3;1.010,5;22,4;18,2;;;65;360;7;10;0;;
16726;1996;8;4;6;1.010,5;25,6;19,6;31,2;20,8;55;360;5;8;0;;
16726;1996;8;4;9;1.010;34,4;22,2;;;32;330;4;8;0;;
16726;1996;8;4;12;1.009,4;33;22;;;35;190;8;10;2;;
16726;1996;8;4;15;1.008,7;34;23;;;36;100;5;10;3;;
16726;1996;8;4;18;1.009;30,6;21;35,6;21,2;39;30;12;10;3;;
16726;1996;8;4;21;1.010;26,4;20,2;;;54;20;10;10;2;;
16726;1996;8;5;0;1.010,2;22,2;18;;;65;350;5;10;0;;
16726;1996;8;5;3;1.010,4;19,2;16,8;;;78;360;5;10;0;;
16726;1996;8;5;6;1.010,9;22,6;18,8;30,6;18,8;68;0;0;8;0;;
16726;1996;8;5;9;1.010,7;31,4;21,8;;;40;190;5;8;0;;
16726;1996;8;5;12;1.010,5;33;22;;;35;190;9;10;2;;
16726;1996;8;5;15;1.010,5;31,6;22,2;;;41;160;9;10;1;;
16726;1996;8;5;18;1.010,7;29;20,4;34;22,6;42;40;7;8;1;;
16726;1996;8;5;21;1.011,4;23;18;;;59;350;5;8;0;;
16726;1996;8;6;0;1.011;21,2;17,6;;;69;360;7;8;0;;
16726;1996;8;6;3;1.010,5;21,6;18;;;69;360;9;8;0;;
16726;1996;8;6;6;1.011,4;26;19,6;29;20,8;53;20;10;8;0;;
16726;1996;8;6;9;1.011,7;30;22;;;47;200;7;8;0;;
16726;1996;8;6;12;1.011,9;31,8;22;;;39;210;10;8;1;;
16726;1996;8;6;15;1.011,5;32;22,6;;;42;250;7;8;1;;
16726;1996;8;6;18;1.011,7;28,8;20,4;33,2;26;43;20;10;10;0;;
16726;1996;8;6;21;1.012,4;26,2;20;;;54;20;11;10;0;;
16726;1996;8;7;0;1.012,4;24;18,8;;;59;10;9;10;0;;
16726;1996;8;7;3;1.011,7;20,8;17,4;;;70;360;8;10;0;;
16726;1996;8;7;6;1.012,7;24,6;18,8;28,8;20,6;55;350;8;8;0;;
16726;1996;8;7;9;1.012,2;30,8;22,4;;;45;180;8;8;0;;
16726;1996;8;7;12;1.011,9;31,2;23,2;;;48;220;9;10;1;;
16726;1996;8;7;15;1.011,2;30,8;22,6;;;47;220;5;10;1;;
16726;1996;8;7;18;1.011,4;27;27;33;24,6;100;0;0;8;2;;
16726;1996;8;7;21;1.011,7;22,4;20,4;;;82;0;0;10;0;;
16726;1996;8;8;0;1.011,2;19,8;18,4;;;87;350;4;8;0;;
16726;1996;8;8;3;1.010,4;19,4;17,4;;;81;360;4;10;0;;
16726;1996;8;8;6;1.010,4;22,4;19,8;27;19;78;360;4;8;0;;
16726;1996;8;8;9;1.010,4;30,4;23;;;51;190;6;8;0;;
16726;1996;8;8;12;1.009,7;30,8;23,4;;;51;210;11;8;0;;
16726;1996;8;8;15;1.008,7;30,8;23,8;;;54;220;6;8;0;;
16726;1996;8;8;18;1.008,5;26,8;24,2;32,4;22,4;80;0;0;10;0;;
16726;1996;8;8;21;1.009;25,6;20,2;;;59;30;10;10;0;;
16726;1996;8;9;0;1.008,7;22,2;18,8;;;71;360;10;10;0;;
16726;1996;8;9;3;1.007,4;21,6;18,8;;;76;350;8;10;0;;
16726;1996;8;9;6;1.007;25;20,2;27,6;21;62;360;9;10;0;;
16726;1996;8;9;9;1.006,7;33,4;22,8;;;38;10;8;10;1;;
16726;1996;8;9;12;1.006,5;31;23,4;;;50;200;14;10;2;;
16726;1996;8;9;15;1.006,7;31,8;24;;;50;200;9;10;2;;
16726;1996;8;9;18;1.008,2;26,4;23;36;25;74;220;8;8;1;;
16726;1996;8;9;21;1.009,5;23,4;22,4;;;91;0;0;8;0;;
16726;1996;8;10;0;1.009,7;21;20,2;;;93;360;5;8;0;;
16726;1996;8;10;3;1.009;20;19,2;;;92;350;6;8;0;;
16726;1996;8;10;6;1.010;23;20,6;26,4;20;80;350;5;7;4;;
16726;1996;8;10;9;1.010,7;28,8;23;;;59;0;0;8;5;;
16726;1996;8;10;12;1.011;28;22,4;;;59;200;6;8;6;;
16726;1996;8;10;15;1.012,4;21;20,4;;;94;350;10;2;8;5;
16726;1996;8;10;18;1.012,5;21,2;21;30;21;98;0;0;4;6;8,9;
16726;1996;8;10;21;1.013;20,2;20;;;98;10;4;8;1;;
16726;1996;8;11;0;1.013;18,6;18;;;94;360;8;10;0;;
16726;1996;8;11;3;1.012,4;18,4;15,4;;;71;360;8;10;0;;
16726;1996;8;11;6;1.013,4;19,6;17,6;21,2;17,2;81;10;5;10;4;;
16726;1996;8;11;9;1.013;28;20,2;;;46;340;5;10;1;;
16726;1996;8;11;12;1.012,7;28,6;20,2;;;43;200;11;10;2;;
16726;1996;8;11;15;1.012,4;28,6;20,4;;;44;210;8;10;2;;
16726;1996;8;11;18;1.013,2;25,8;19,2;30,4;19,6;51;40;8;10;3;;
16726;1996;8;11;21;1.014,5;21;19,2;;;84;0;0;10;2;;
16726;1996;8;12;0;1.014,5;18,6;17,8;;;92;350;8;8;0;;
16726;1996;8;12;3;1.014,4;17,8;16,8;;;90;360;8;8;0;;
16726;1996;8;12;6;1.014,5;21,2;17,6;25,8;17;69;0;0;8;0;;
16726;1996;8;12;9;1.015;27,4;18,8;;;41;230;4;10;1;;
16726;1996;8;12;12;1.014,5;28,8;20,6;;;45;210;12;10;2;;
16726;1996;8;12;15;1.014,9;27;21,6;;;61;170;14;10;6;;
16726;1996;8;12;18;1.015;25;21,4;30;21,2;71;150;6;8;4;;
16726;1996;8;12;21;1.016;21,6;20,4;;;89;350;6;8;1;;
16726;1996;8;13;0;1.015,7;19,6;19,2;;;96;350;7;8;0;;
16726;1996;8;13;3;1.014,5;18,2;17,8;;;96;350;5;8;0;;
16726;1996;8;13;6;1.015,2;21;19;26;18;82;0;0;8;0;;
16726;1996;8;13;9;1.015,5;27,4;22;;;61;160;9;8;0;;
16726;1996;8;13;12;1.015,2;28,6;23;;;60;200;10;8;2;;
16726;1996;8;13;15;1.014;28;22;;;57;200;11;8;1;;
16726;1996;8;13;18;1.013,7;28;22,4;29;20,7;59;0;0;6;0;;
16726;1996;8;13;21;1.014;21,6;20,8;;;93;350;6;8;0;;
16726;1996;8;14;0;1.012,7;20;19,4;;;94;360;7;8;0;;
16726;1996;8;14;3;1.011,7;19,6;19;;;94;350;7;8;0;;
16726;1996;8;14;6;1.011,9;23;20,8;28;19,4;81;10;4;8;0;;
16726;1996;8;14;9;1.012,2;28;22,6;;;61;210;7;8;0;;
16726;1996;8;14;12;1.011,4;28,4;23,4;;;64;210;7;8;2;;
16726;1996;8;14;15;1.010,5;28,2;23,6;;;67;240;6;6;2;;
16726;1996;8;14;18;1.010,5;26,6;21,8;30,2;23;64;10;5;10;0;;
16726;1996;8;14;21;1.011,2;23,8;22;;;85;40;5;8;0;;
16726;1996;8;15;0;1.010,7;22;21;;;91;350;7;8;0;;
16726;1996;8;15;3;1.010,5;22;21;;;91;360;8;8;0;;
16726;1996;8;15;6;1.011;24,6;21,2;26,6;21;73;360;4;8;0;;
16726;1996;8;15;9;1.011,4;29,2;24;;;63;200;7;8;0;;
16726;1996;8;15;12;1.011,9;29,4;24,8;;;68;190;8;8;0;;
16726;1996;8;15;15;1.011,7;28,4;23,8;;;67;190;7;6;0;;
16726;1996;8;15;18;1.011,9;25,8;24;30,4;24,6;85;0;0;6;0;;
16726;1996;8;15;21;1.012;21,8;20;;;84;330;8;8;0;;
16726;1996;8;16;0;1.011,7;19,8;18,8;;;91;0;0;8;0;;
16726;1996;8;16;3;1.011,2;22;18,8;;;73;360;8;10;0;;
16726;1996;8;16;6;1.011;24;19,4;26,8;19,6;63;340;7;10;0;;
16726;1996;8;16;9;1.011;30,6;22,4;;;46;210;5;8;0;;
16726;1996;8;16;12;1.010,2;31,8;23,8;;;49;200;7;10;0;;
16726;1996;8;16;15;1.009,7;34;23,6;;;39;20;10;10;0;;
16726;1996;8;16;18;1.010;28,8;20;34,6;24;41;20;12;10;0;;
16726;1996;8;16;21;1.011;24,8;21,2;;;71;360;4;10;0;;
16726;1996;8;17;0;1.011;25,2;20,8;;;66;20;13;10;0;;
16726;1996;8;17;3;1.010;24,4;19,4;;;60;20;12;10;0;;
16726;1996;8;17;6;1.010,9;25,6;20,2;29,4;22,8;59;30;12;10;0;;
16726;1996;8;17;9;1.010,4;32,4;21,8;;;37;20;10;10;0;;
16726;1996;8;17;12;1.010;35;22,2;;;29;20;12;10;0;;
16726;1996;8;17;15;1.009;33,2;19,8;;;26;20;14;10;0;;
16726;1996;8;17;18;1.010;27,2;21,4;35,4;25,6;57;20;12;10;0;;
16726;1996;8;17;21;1.011;24;20,2;;;69;20;5;10;0;;
16726;1996;8;18;0;1.010,5;19,4;17,8;;;85;350;5;10;0;;
16726;1996;8;18;3;1.010,2;21,6;17,6;;;66;20;13;10;0;;
16726;1996;8;18;6;1.010,4;24,2;19,2;27,2;19,4;60;20;9;8;0;;
16726;1996;8;18;9;1.010,9;27,8;19,4;;;42;180;7;10;1;;
16726;1996;8;18;12;1.011;29,8;21;;;43;170;12;10;2;;
16726;1996;8;18;15;1.010,4;29;20,6;;;44;190;12;10;1;;
16726;1996;8;18;18;1.010;26;19,2;30;24,2;50;30;10;10;0;;
16726;1996;8;18;21;1.010,4;23,4;20,6;;;77;30;9;10;0;;
16726;1996;8;19;0;1.010,2;19;17,6;;;87;360;7;10;0;;
16726;1996;8;19;3;1.009,4;18,4;16,4;;;80;360;7;10;0;;
16726;1996;8;19;6;1.009,4;23,2;19;26,8;17;66;20;12;10;0;;
16726;1996;8;19;9;1.009,4;28,4;20,4;;;45;20;14;10;1;;
16726;1996;8;19;12;1.008,5;31,2;18,6;;;24;20;14;10;2;;
16726;1996;8;19;15;1.008;29,2;20;;;40;20;14;10;1;;
16726;1996;8;19;18;1.008,2;24,2;19,4;32;23;62;20;10;10;2;;
16726;1996;8;19;21;1.009,5;22,4;17;;;56;360;8;10;0;;
16726;1996;8;20;0;1.009,5;20,6;17;;;68;20;8;10;0;;
16726;1996;8;20;3;1.009,5;18,2;16,2;;;80;360;5;10;0;;
16726;1996;8;20;6;1.010,5;21,6;18,2;27;18;70;0;0;8;1;;
16726;1996;8;20;9;1.009,7;28;19;;;39;20;6;10;2;;
16726;1996;8;20;12;1.009,7;28,8;21,8;;;52;180;10;10;3;;
16726;1996;8;20;15;1.009;29,2;20;;;40;50;14;10;2;;
16726;1996;8;20;18;1.010;24,6;20;30;21,6;64;20;12;10;1;;
16726;1996;8;20;21;1.011;22,6;19,8;;;76;360;7;10;0;;
16726;1996;8;21;0;1.011;19,4;18;;;87;10;6;10;0;;
16726;1996;8;21;3;1.011,2;18,6;17,6;;;90;300;7;10;0;;
16726;1996;8;21;6;1.011,9;23,2;19,8;24,6;18,6;72;20;10;8;0;;
16726;1996;8;21;9;1.011,7;29;20,6;;;44;360;5;10;1;;
16726;1996;8;21;12;1.011,7;31;19,4;;;29;10;9;10;2;;
16726;1996;8;21;15;1.011,4;29,4;19;;;33;20;17;10;2;;
16726;1996;8;21;18;1.011,7;24,8;20,8;32;23,2;68;30;14;10;2;;
16726;1996;8;21;21;1.013;22,4;20,6;;;84;20;6;10;0;;
16726;1996;8;22;0;1.012,5;21;19,4;;;85;360;6;10;0;;
16726;1996;8;22;3;1.011,7;20,4;18,6;;;84;20;6;8;0;;
16726;1996;8;22;6;1.012,4;22;19,4;25,4;19;77;20;8;8;0;;
16726;1996;8;22;9;1.013,4;28,6;20,6;;;46;30;10;8;2;;
16726;1996;8;22;12;1.011,4;28,6;23,4;;;63;180;8;10;4;;
16726;1996;8;22;15;1.011;29,8;21,6;;;46;170;5;10;1;;
16726;1996;8;22;18;1.011,7;26;19,2;32;22;50;40;10;10;0;;
16726;1996;8;22;21;1.012,4;22,2;19,8;;;79;350;6;10;0;;
16726;1996;8;23;0;1.010,9;19,2;17,4;;;83;350;8;10;0;;
16726;1996;8;23;3;1.009,7;18;16,2;;;82;350;5;10;1;;
16726;1996;8;23;6;1.008,7;20,6;18;27,6;18;77;0;0;10;4;;
16726;1996;8;23;9;1.008,7;26,8;20;;;51;0;0;10;6;;
16726;1996;8;23;12;1.007,5;29,6;20,8;;;43;210;8;10;3;;
16726;1996;8;23;15;1.006,2;28,4;20,8;;;48;180;8;10;4;;
16726;1996;8;23;18;1.006,2;24,2;22;30;20,4;82;0;0;10;2;;
16726;1996;8;23;21;1.007;20,2;18,6;;;85;360;5;10;0;;
16726;1996;8;24;0;1.006,5;20,8;18,6;;;80;30;8;10;0;;
16726;1996;8;24;3;1.006,5;18,6;17,8;;;92;350;6;10;0;;
16726;1996;8;24;6;1.006,5;22,2;19,4;24,2;18,4;76;20;10;8;0;;
16726;1996;8;24;9;1.006,5;28,4;20;;;43;50;8;10;2;;
16726;1996;8;24;12;1.006,5;28,8;20,8;;;46;200;12;10;2;;
16726;1996;8;24;15;1.006,4;29,6;22,4;;;51;250;5;10;2;;
16726;1996;8;24;18;1.007;27,2;19,8;30,4;22,2;48;40;7;10;4;;
16726;1996;8;24;21;1.008,5;21,4;19;;;79;360;7;10;0;;
16726;1996;8;25;0;1.008,5;19;17,8;;;88;0;0;10;0;;
16726;1996;8;25;3;1.008,7;17,4;16,4;;;90;350;7;10;0;;
16726;1996;8;25;6;1.009,7;21,2;19,2;27,2;17,4;82;20;7;8;0;;
16726;1996;8;25;9;1.010,2;29,6;20,6;;;42;30;7;10;1;;
16726;1996;8;25;12;1.010,2;29,6;22,4;;;51;210;8;10;1;;
16726;1996;8;25;15;1.010;29,4;21,2;;;45;140;7;10;1;;
16726;1996;8;25;18;1.010,5;25,8;19,8;30,4;21,2;55;30;14;10;0;;
16726;1996;8;25;21;1.011,7;23;20,8;;;81;20;10;8;0;;
16726;1996;8;26;0;1.011,5;19,6;18,6;;;91;350;7;10;0;;
16726;1996;8;26;3;1.011,4;18;16,6;;;86;350;7;8;0;;
16726;1996;8;26;6;1.012,2;21,2;18,6;26;18;77;350;5;8;0;;
16726;1996;8;26;9;1.013,2;28,8;21,6;;;51;180;6;8;1;;
16726;1996;8;26;12;1.013;29,8;22,4;;;50;210;8;10;1;;
16726;1996;8;26;15;1.012,4;28,8;21,2;;;48;220;6;10;2;;
16726;1996;8;26;18;1.013,4;25,4;20,2;30;21;60;0;0;10;4;;
16726;1996;8;26;21;1.014,4;21,2;19,4;;;84;350;4;10;0;;
16726;1996;8;27;0;1.014;20;19,2;;;92;350;5;10;0;;
16726;1996;8;27;3;1.013,7;19;18;;;90;350;8;10;0;;
16726;1996;8;27;6;1.014,9;22;19,2;25,4;19;76;350;5;8;0;;
16726;1996;8;27;9;1.014,7;30;22;;;47;170;7;8;0;;
16726;1996;8;27;12;1.014,7;29,2;22,6;;;55;210;10;4;2;;
16726;1996;8;27;15;1.014,2;29,6;21,8;;;48;180;12;6;3;;
16726;1996;8;27;18;1.014,7;25,6;21,6;32;22;69;0;0;8;4;;
16726;1996;8;27;21;1.015,2;21,4;19,8;;;86;0;0;8;0;;
16726;1996;8;28;0;1.014,7;19,6;17,8;;;83;350;6;8;0;;
16726;1996;8;28;3;1.013,7;19;17,4;;;84;350;8;8;0;;
16726;1996;8;28;6;1.014,2;21,6;19;32;18;77;0;0;8;0;;
16726;1996;8;28;9;1.014,7;30;21;;;42;170;7;8;1;;
16726;1996;8;28;12;1.014,5;30,6;22,4;;;46;170;10;8;2;;
16726;1996;8;28;15;1.014,4;29,4;22;;;50;170;10;10;3;;
16726;1996;8;28;18;1.014,5;25,4;21,4;30,6;21,6;68;0;0;8;4;;
16726;1996;8;28;21;1.015;21,4;19,6;;;84;0;0;8;0;;
16726;1996;8;29;0;1.015,2;19,2;18,4;;;92;0;0;8;0;;
16726;1996;8;29;3;1.014,7;18,6;17,8;;;92;330;5;8;0;;
16726;1996;8;29;6;1.014,9;20;19;26,6;18,6;91;0;0;6;2;;
16726;1996;8;29;9;1.015,5;28,8;21,8;;;52;180;6;8;1;;
16726;1996;8;29;12;1.014,2;28,4;23;;;61;210;10;8;1;;
16726;1996;8;29;15;1.013;27,6;22,8;;;65;200;10;10;2;;
16726;1996;8;29;18;1.015;25,2;22,6;29,4;20;79;70;4;8;5;;
16726;1996;8;29;21;1.014,9;22,6;21;;;86;360;5;10;3;;
16726;1996;8;30;0;1.013,2;19,6;18,8;;;92;0;0;10;0;;
16726;1996;8;30;3;1.013;18,4;17,6;;;92;320;4;10;0;;
16726;1996;8;30;6;1.014,7;20,2;18,6;25,6;18,4;85;360;5;8;6;;
16726;1996;8;30;9;1.015,7;27,2;22;;;62;150;6;8;4;;
16726;1996;8;30;12;1.014,9;28,4;23;;;61;210;9;8;2;;
16726;1996;8;30;15;1.013,7;28;22,2;;;58;200;14;10;3;;
16726;1996;8;30;18;1.013,7;24,4;22,2;29,4;19,8;82;0;0;8;1;;
16726;1996;8;30;21;1.014,5;21,6;21;;;95;30;4;8;0;;
16726;1996;8;31;0;1.014;20,4;19,8;;;94;10;5;8;1;;
16726;1996;8;31;3;1.014;19;18,4;;;94;340;5;10;0;;
16726;1996;8;31;6;1.013;20,8;20;24,4;19;93;350;5;6;4;;
16726;1996;8;31;9;1.013,4;29,4;21,8;;;49;0;0;8;6;;
16726;1996;8;31;12;1.013,7;28,6;24;;;67;170;10;10;6;;
16726;1996;8;31;15;1.013;26,8;23,8;;;77;0;0;10;3;3,4;
16726;1996;8;31;18;1.012,7;25,2;23,8;30,4;20,8;89;0;0;10;4;3,4;
16726;1996;8;31;21;1.013,4;23,2;22,4;;;93;0;0;8;0;;
16726;1996;9;1;0;1.013,7;22,2;21,8;;;96;20;5;8;5;;
16726;1996;9;1;3;1.012,4;20,2;19,8;;;96;10;4;8;0;;
16726;1996;9;1;6;1.013;21,4;20,2;25,2;19,4;89;0;0;6;2;;
16726;1996;9;1;9;1.013,2;28,6;23,4;;;63;170;6;8;5;;
16726;1996;9;1;12;1.013,2;30,2;23,2;;;53;130;5;10;3;;
16726;1996;9;1;15;1.011,4;31,8;21,6;;;39;40;10;10;1;;
16726;1996;9;1;18;1.012,5;25;21,4;32,2;21,4;71;0;0;10;2;;
16726;1996;9;1;21;1.012,5;21,4;20;;;87;340;5;10;1;;
16726;1996;9;2;0;1.012,5;20,4;19,2;;;89;350;5;10;2;;
16726;1996;9;2;3;1.012;19,4;18,2;;;88;10;6;10;0;;
16726;1996;9;2;6;1.013;20,4;18;25,6;17,6;78;350;4;10;0;;
16726;1996;9;2;9;1.013;28,4;19,4;;;39;350;5;10;0;;
16726;1996;9;2;12;1.013,5;29,2;18,8;;;33;330;7;10;5;;
16726;1996;9;2;15;1.012,2;28,8;19,2;;;37;340;10;10;1;;
16726;1996;9;2;18;1.012,2;24,6;19;30,6;20,4;57;10;5;10;0;;
16726;1996;9;2;21;1.013;21,2;19,2;;;82;360;7;10;0;;
16726;1996;9;3;0;1.012;19;17,8;;;88;350;7;10;0;;
16726;1996;9;3;3;1.011;18;16,8;;;88;350;7;10;4;;
16726;1996;9;3;6;1.011;18,8;17;24,6;17,2;83;0;0;10;4;;
16726;1996;9;3;9;1.010,5;28;20;;;45;0;0;10;6;;
16726;1996;9;3;12;1.010,4;26,6;20,2;;;53;230;7;10;8;0;
16726;1996;9;3;15;1.010,4;28,2;20,4;;;46;190;4;10;6;;
16726;1996;9;3;18;1.010,5;23,8;19,8;29,8;18,8;68;160;5;10;2;0;
16726;1996;9;3;21;1.011;19,6;17,4;;;79;350;7;10;0;;
16726;1996;9;4;0;1.010,4;19,8;16;;;66;10;9;10;0;;
16726;1996;9;4;3;1.010,4;17;14,8;;;78;0;0;10;3;;
16726;1996;9;4;6;1.010,2;21;16;30,6;17;57;20;6;10;4;;
16726;1996;9;4;9;1.012,2;26,6;19,6;;;50;190;4;10;6;0;
16726;1996;9;4;12;1.009,5;27,2;21,8;;;61;190;9;10;6;;
16726;1996;9;4;15;1.007,4;27;22,2;;;64;210;7;10;6;;
16726;1996;9;4;18;1.007,5;24;22,6;30;21;88;250;4;10;5;0;
16726;1996;9;4;21;1.006,7;21,4;20,6;;;93;350;4;8;4;;
16726;1996;9;5;0;1.005;20,4;19,4;;;91;350;5;8;4;;
16726;1996;9;5;3;1.004,5;19,4;18,4;;;90;360;5;8;3;;
16726;1996;9;5;6;1.005,4;22,6;21;25;19;86;20;5;8;4;;
16726;1996;9;5;9;1.005,7;28;21,8;;;56;20;8;10;5;;
16726;1996;9;5;12;1.006;28,8;20,2;;;42;350;14;10;5;;
16726;1996;9;5;15;1.006;27;19;;;44;340;9;10;3;;
16726;1996;9;5;18;1.006,9;22,2;17,8;30;22,2;63;360;4;10;3;;
16726;1996;9;5;21;1.007,9;19,8;18;;;83;360;5;10;2;;
16726;1996;9;6;0;1.008,2;19,2;17,6;;;85;10;4;10;2;;
16726;1996;9;6;3;1.008,4;17;16,4;;;94;340;7;10;2;;
16726;1996;9;6;6;1.009;18,4;17;23,6;16,6;86;0;0;8;2;;
16726;1996;9;6;9;1.008,7;26;20;;;55;30;4;10;4;;
16726;1996;9;6;12;1.008,2;25,8;19,4;;;52;270;10;10;6;;
16726;1996;9;6;15;1.007,7;24;19,8;;;66;0;0;10;6;0,8;
16726;1996;9;6;18;1.007;19,8;18,6;27;18,4;89;0;0;10;3;0,9;
16726;1996;9;6;21;1.007,7;18,6;18;;;94;340;4;8;7;;
16726;1996;9;7;0;1.007,5;16,8;16,6;;;98;360;5;8;2;0,3;
16726;1996;9;7;3;1.007,4;15,2;15;;;98;350;4;10;1;;
16726;1996;9;7;6;1.008;16,6;16;19,8;14,6;94;0;0;8;2;0,3;
16726;1996;9;7;9;1.009;22,6;17,2;;;56;20;5;10;6;;
16726;1996;9;7;12;1.008,5;25,2;17,6;;;44;20;12;10;4;;
16726;1996;9;7;15;1.007,4;25;17,2;;;42;20;10;10;3;;
16726;1996;9;7;18;1.007;21,2;16,8;25,8;16,6;62;30;4;10;4;;
16726;1996;9;7;21;1.006,2;18,4;16,6;;;83;0;0;10;4;;
16726;1996;9;8;0;1.002,7;21,4;18,4;;;73;200;10;10;5;;
16726;1996;9;8;3;1.001,2;18;17,4;;;94;30;5;7;2;15,9;
16726;1996;9;8;6;1.002,5;17,4;15,2;21,4;17;78;360;8;10;6;16;
16726;1996;9;8;9;1.004,2;21,2;15,6;;;53;360;15;10;3;;
16726;1996;9;8;12;1.004,7;23,4;16,4;;;45;350;15;10;2;;
16726;1996;9;8;15;1.005,7;21,8;16;;;52;360;12;10;7;;
16726;1996;9;8;18;1.007;19,6;15,4;24,4;17;62;330;5;10;5;;
16726;1996;9;8;21;1.009;15,8;13,8;;;79;20;4;10;0;;
16726;1996;9;9;0;1.009,4;13,2;12,4;;;91;350;8;10;0;;
16726;1996;9;9;3;1.009,5;12,2;11,4;;;90;360;5;10;0;;
16726;1996;9;9;6;1.011;15;13,4;20,6;12;83;350;6;10;0;;
16726;1996;9;9;9;1.012,2;24;16,6;;;44;0;0;10;2;;
16726;1996;9;9;12;1.012,7;25,2;17,6;;;44;180;11;10;2;;
16726;1996;9;9;15;1.011,9;25,2;17,4;;;42;250;10;10;2;;
16726;1996;9;9;18;1.012,7;20,8;16,2;26;15;60;40;8;10;2;;
16726;1996;9;9;21;1.013,7;17,2;15,4;;;82;10;6;10;2;;
16726;1996;9;10;0;1.013,7;15;13,8;;;87;360;7;10;2;;
16726;1996;9;10;3;1.012,7;13,4;12,8;;;93;360;6;10;2;;
16726;1996;9;10;6;1.013,7;17,4;14,8;21,6;13,4;74;360;8;10;6;;
16726;1996;9;10;9;1.015,2;23,4;16,8;;;48;30;8;10;7;;
16726;1996;9;10;12;1.014,4;26;18;;;42;40;8;10;6;;
16726;1996;9;10;15;1.013,4;26;15,6;;;28;10;7;10;5;;
16726;1996;9;10;18;1.014;21;17,2;27;17,4;67;30;8;10;3;;
16726;1996;9;10;21;1.015,2;16,8;15,2;;;83;10;7;10;0;;
16726;1996;9;11;0;1.015,2;15,4;13,6;;;81;350;9;10;0;;
16726;1996;9;11;3;1.014,7;14,4;12,6;;;80;10;7;10;0;;
16726;1996;9;11;6;1.015;17,4;13,6;22;14,4;64;350;7;10;2;;
16726;1996;9;11;9;1.015,5;26,4;17;;;35;0;0;10;6;;
16726;1996;9;11;12;1.015,4;25,2;18,6;;;51;210;4;10;8;;
16726;1996;9;11;15;1.014,5;25,4;17,8;;;44;220;5;10;6;;
16726;1996;9;11;18;1.015;20,6;18,4;28,2;17,4;80;0;0;10;4;;
16726;1996;9;11;21;1.015,7;18;16,8;;;88;0;0;10;2;;
16726;1996;9;12;0;1.015;16,6;15,6;;;90;0;0;10;3;;
16726;1996;9;12;3;1.014;16,2;15;;;87;10;4;10;3;;
16726;1996;9;12;6;1.014,5;17,4;15,8;20,6;15,6;84;0;0;10;1;;
16726;1996;9;12;9;1.015,4;25,8;18,6;;;48;210;6;10;3;;
16726;1996;9;12;12;1.014,7;28;21;;;51;190;8;10;0;;
16726;1996;9;12;15;1.014;25,4;21,4;;;68;180;6;10;5;;
16726;1996;9;12;18;1.013,5;22,4;20,6;28;17,4;84;20;4;10;4;;
16726;1996;9;12;21;1.012,7;20,2;19,4;;;92;0;0;10;3;;
16726;1996;9;13;0;1.012,2;20,2;19,2;;;91;240;6;10;3;;
16726;1996;9;13;3;1.010,9;20;19,2;;;92;0;0;10;4;;
16726;1996;9;13;6;1.011,9;22;21;23,6;20;91;0;0;8;8;0;
16726;1996;9;13;9;1.013,2;22,4;21,6;;;93;130;14;6;8;0,4;
16726;1996;9;13;12;1.011,7;25,2;21,8;;;73;150;8;10;7;4,1;
16726;1996;9;13;15;1.010,2;24,6;23;;;87;0;0;8;8;2,8;
16726;1996;9;13;18;1.010,5;23,6;22,2;27,4;22;88;0;0;7;7;7,3;
16726;1996;9;13;21;1.011;21,4;20,8;;;95;0;0;8;2;;
16726;1996;9;14;0;1.010,9;18,4;18;;;96;0;0;8;1;;
16726;1996;9;14;3;1.010,4;16,8;16,6;;;98;0;0;8;2;;
16726;1996;9;14;6;1.010,5;19;18,8;24;16,6;98;0;0;6;2;;
16726;1996;9;14;9;1.010,9;25,4;21,4;;;68;180;7;7;4;0,2;
16726;1996;9;14;12;1.011;28;20,4;;;47;300;15;10;3;;
16726;1996;9;14;15;1.011,2;27;19,8;;;49;300;8;10;3;;
16726;1996;9;14;18;1.012;20,6;18;28,4;19;77;0;0;10;2;0,2;
16726;1996;9;14;21;1.013,4;17,8;16,6;;;88;360;6;10;1;;
16726;1996;9;15;0;1.014;18,6;16,4;;;79;20;8;10;1;;
16726;1996;9;15;3;1.014,2;16,2;15;;;87;10;5;10;0;;
16726;1996;9;15;6;1.015,4;17,4;15;28;16;76;350;4;10;1;;
16726;1996;9;15;9;1.015,9;23,6;15,4;;;37;20;6;10;0;;
16726;1996;9;15;12;1.014,5;27,2;14,6;;;18;40;10;10;0;;
16726;1996;9;15;15;1.014,5;25;15,2;;;29;20;10;10;0;;
16726;1996;9;15;18;1.015;19,8;15,4;27,2;17,4;60;30;12;10;0;;
16726;1996;9;15;21;1.016,2;14,6;13,2;;;85;360;4;10;0;;
16726;1996;9;16;0;1.016,5;13;11,4;;;81;10;8;10;0;;
16726;1996;9;16;3;1.015,2;11;9,8;;;85;350;8;10;0;;
16726;1996;9;16;6;1.015,2;13;11;19,8;10,6;77;350;6;10;0;;
16726;1996;9;16;9;1.015,7;24;15;;;33;20;5;10;2;;
16726;1996;9;16;12;1.015;27;15;;;21;20;15;10;2;;
16726;1996;9;16;15;1.014;25;14,8;;;29;20;8;10;4;;
16726;1996;9;16;18;1.014,5;18,6;14,4;27,6;13;61;0;0;10;2;;
16726;1996;9;16;21;1.014,5;14,2;12,4;;;80;0;0;10;1;;
16726;1996;9;17;0;1.013,4;13,2;11,6;;;82;340;5;10;1;;
16726;1996;9;17;3;1.012,5;14;12,6;;;85;340;7;10;3;;
16726;1996;9;17;6;1.012,7;15;13,6;18,6;13;85;10;4;10;7;;
16726;1996;9;17;9;1.013;24;18;;;53;190;4;10;7;;
16726;1996;9;17;12;1.012;25,2;19,4;;;55;220;8;10;5;;
16726;1996;9;17;15;1.011,7;24,6;19,4;;;59;180;12;10;3;;
16726;1996;9;17;18;1.012,2;20,6;17;25,6;15;68;0;0;10;2;;
16726;1996;9;17;21;1.013;17;15,8;;;88;350;6;10;0;;
16726;1996;9;18;0;1.013,5;14;13,4;;;93;350;7;10;0;;
16726;1996;9;18;3;1.012,7;12,8;12,2;;;93;340;5;10;0;;
16726;1996;9;18;6;1.012,5;14,2;13,4;21,6;12;91;0;0;8;1;;
16726;1996;9;18;9;1.013;24,4;19;;;58;210;6;8;1;;
16726;1996;9;18;12;1.011,9;26,4;17,6;;;39;220;6;10;2;;
16726;1996;9;18;15;1.010,7;24,6;19,6;;;61;190;8;10;3;;
16726;1996;9;18;18;1.012,4;21,6;20;27,6;14,2;86;120;5;10;6;;
16726;1996;9;18;21;1.011;20;19;;;91;0;0;10;6;;
16726;1996;9;19;0;1.011,2;18,8;18;;;92;20;5;10;2;;
16726;1996;9;19;3;1.011;17,8;17;;;92;330;5;10;5;;
16726;1996;9;19;6;1.011,2;18,2;17,8;22,6;17;96;340;5;8;7;0,6;
16726;1996;9;19;9;1.011,5;24,4;20;;;65;60;5;8;6;;
16726;1996;9;19;12;1.011;27,2;21,8;;;61;180;6;10;3;;
16726;1996;9;19;15;1.009,7;25,8;21,6;;;68;210;6;10;2;;
16726;1996;9;19;18;1.010;22,6;21,4;28;18,2;89;0;0;8;4;;
16726;1996;9;19;21;1.010,2;19,2;18,4;;;92;350;6;8;0;;
16726;1996;9;20;0;1.010;18,2;17,6;;;94;0;0;8;0;;
16726;1996;9;20;3;1.008,7;16,8;15,4;;;85;360;5;8;0;;
16726;1996;9;20;6;1.008,7;17,8;17,4;23;16,8;96;0;0;8;1;;
16726;1996;9;20;9;1.008,5;25,6;21,4;;;67;200;6;8;6;;
16726;1996;9;20;12;1.007,5;27,2;22,6;;;66;250;6;10;6;;
16726;1996;9;20;15;1.007,7;27;19;;;44;320;6;10;1;;
16726;1996;9;20;18;1.009;21,8;18,4;29,2;17,4;70;0;0;10;1;;
16726;1996;9;20;21;1.010,4;17,8;17;;;92;0;0;10;1;;
16726;1996;9;21;0;1.010,5;17;16,4;;;94;340;7;10;0;;
16726;1996;9;21;3;1.009,7;16,4;16;;;96;350;6;10;0;;
16726;1996;9;21;6;1.010,9;17,8;17;21,8;15,2;92;0;0;10;0;;
16726;1996;9;21;9;1.011,2;25,2;11,4;;;6;350;6;10;2;;
16726;1996;9;21;12;1.010,2;27,2;19,2;;;44;20;10;10;3;;
16726;1996;9;21;15;1.009,7;27;18,6;;;42;20;10;10;1;;
16726;1996;9;21;18;1.011;22;17,6;28,6;17,8;63;20;7;10;0;;
16726;1996;9;21;21;1.011,9;17,6;16;;;84;350;7;10;0;;
16726;1996;9;22;0;1.011,7;15,4;14,6;;;91;360;8;10;0;;
16726;1996;9;22;3;1.010,9;14,4;13,6;;;91;360;7;10;0;;
16726;1996;9;22;6;1.012,2;17,2;15,6;23;14,2;84;330;5;10;0;;
16726;1996;9;22;9;1.012;27,4;18,2;;;37;0;0;10;0;;
16726;1996;9;22;12;1.011,4;29;20;;;40;200;9;10;6;0;
16726;1996;9;22;15;1.010,4;26;20,6;;;60;200;5;10;3;;
16726;1996;9;22;18;1.011,7;20;18;29;17,2;81;0;0;10;0;0;
16726;1996;9;22;21;1.009,7;17,4;15;;;76;0;0;10;1;;
16726;1996;9;23;0;1.008,7;16,6;14,6;;;80;30;7;10;3;;
16726;1996;9;23;3;1.006,9;16;15;;;89;120;6;8;8;0,3;
16726;1996;9;23;6;1.005,7;23,8;21,4;24;16;80;150;10;8;7;0,3;
16726;1996;9;23;9;1.006,7;25,4;23,4;;;84;270;5;8;8;0;
16726;1996;9;23;12;1.008,4;26,6;19,8;;;51;30;8;7;8;0,2;
16726;1996;9;23;15;1.006,5;21,2;19,8;;;87;0;0;6;8;1,6;
16726;1996;9;23;18;1.007,2;22;20,4;27,2;21;86;220;7;8;5;2,6;
16726;1996;9;23;21;1.008;20,8;20;;;93;250;5;8;2;;
16726;1996;9;24;0;1.007,7;17,2;17;;;98;0;0;10;2;;
16726;1996;9;24;3;1.007;16,4;16;;;96;0;0;10;2;;
16726;1996;9;24;6;1.007,5;18,2;17,6;23,6;16;94;0;0;8;3;;
16726;1996;9;24;9;1.009;24,8;19;;;55;60;5;8;4;;
16726;1996;9;24;12;1.009;26;19,4;;;51;280;8;10;4;;
16726;1996;9;24;15;1.009,5;24,2;18;;;52;350;12;10;4;;
16726;1996;9;24;18;1.011,7;19;16,2;26,6;18,2;74;360;5;10;2;;
16726;1996;9;24;21;1.013,2;16,4;15,2;;;87;0;0;10;4;;
16726;1996;9;25;0;1.013,7;14,2;13,6;;;93;0;0;10;4;;
16726;1996;9;25;3;1.013,5;14;13,4;;;93;20;5;8;3;;
16726;1996;9;25;6;1.014;14,4;14;20,8;13;95;0;0;8;6;;
16726;1996;9;25;9;1.015,7;22,4;18,2;;;65;20;4;8;5;;
16726;1996;9;25;12;1.015,4;25,4;19,8;;;58;40;6;10;3;;
16726;1996;9;25;15;1.016;24,6;16,6;;;41;20;14;10;3;;
16726;1996;9;25;18;1.017;19,8;16,6;26,4;14,4;71;20;7;10;1;;
16726;1996;9;25;21;1.018,2;16,8;15,4;;;85;0;0;10;1;;
16726;1996;9;26;0;1.018,2;14,6;13,8;;;91;360;5;10;0;;
16726;1996;9;26;3;1.017;13,6;13,2;;;95;330;7;10;0;;
16726;1996;9;26;6;1.017;14,6;14;21;13;93;330;5;10;0;;
16726;1996;9;26;9;1.017,2;25;18;;;48;170;4;10;1;;
16726;1996;9;26;12;1.015,4;25,6;18,4;;;46;180;7;10;1;;
16726;1996;9;26;15;1.014,4;24,2;19;;;59;170;5;10;3;;
16726;1996;9;26;18;1.012,4;20,6;18,8;26,6;14;84;0;0;10;5;;
16726;1996;9;26;21;1.013,2;19,6;18,2;;;87;80;8;8;7;1,2;
16726;1996;9;27;0;1.011,4;16;15,6;;;96;0;0;5;7;18,9;
16726;1996;9;27;3;1.007,4;15;14,8;;;98;340;4;7;7;2,3;
16726;1996;9;27;6;1.008,5;17,6;17,2;21,4;15;96;20;10;6;6;26;
16726;1996;9;27;9;1.009,7;21,8;18;;;67;30;12;10;3;;
16726;1996;9;27;12;1.009,4;23,8;18;;;54;360;8;10;5;;
16726;1996;9;27;15;1.009;22,8;17;;;53;360;8;10;2;;
16726;1996;9;27;18;1.010;16,8;15,8;24;16,8;90;0;0;10;2;;
16726;1996;9;27;21;1.011;16,8;15,4;;;85;30;12;10;6;;
16726;1996;9;28;0;1.011,5;16;15;;;89;360;4;8;6;0,2;
16726;1996;9;28;3;1.011,5;16;15,2;;;91;0;0;8;7;;
16726;1996;9;28;6;1.011,9;16,4;15,2;17,8;15,2;87;0;0;5;6;0,2;
16726;1996;9;28;9;1.013,2;22;17;;;58;20;11;8;3;;
16726;1996;9;28;12;1.012,4;24;17,2;;;47;350;13;10;3;;
16726;1996;9;28;15;1.012;22,6;16,4;;;50;10;8;10;3;;
16726;1996;9;28;18;1.013,4;18,6;15,4;24,4;16,2;69;20;9;10;2;;
16726;1996;9;28;21;1.014,7;16,4;13,8;;;74;10;6;10;1;;
16726;1996;9;29;0;1.015;12,8;12;;;91;350;8;10;1;;
16726;1996;9;29;3;1.014,5;12;11,4;;;93;350;5;10;1;;
16726;1996;9;29;6;1.015,2;13,4;12,4;18,6;12;88;350;5;8;7;;
16726;1996;9;29;9;1.016,4;21,4;17;;;62;290;4;8;4;;
16726;1996;9;29;12;1.016,2;21,6;16,8;;;60;180;8;8;5;;
16726;1996;9;29;15;1.016,7;16;15,4;;;93;350;8;6;6;28;
16726;1996;9;29;18;1.016,7;16,4;13,8;23,4;13,4;74;30;10;10;5;28;
16726;1996;9;29;21;1.017,7;13,8;12,2;;;82;350;8;10;5;;
16726;1996;9;30;0;1.017,4;16,8;12,4;;;56;20;14;10;0;;
16726;1996;9;30;3;1.016,5;16,2;12,6;;;64;0;0;10;0;;
16726;1996;9;30;6;1.016,7;18;13;18;13,3;53;40;14;10;1;;
16726;1996;9;30;9;1.017,5;23;15,4;;;40;50;8;10;1;;
16726;1996;9;30;12;1.016,7;22,2;15;;;42;70;15;10;5;;
16726;1996;9;30;15;1.016,4;21,4;14,8;;;46;110;10;10;6;;
16726;1996;9;30;18;1.018,2;19,2;13,8;25,2;18;52;60;15;10;6;;
16726;1996;9;30;21;1.019;14,8;12,4;;;74;330;5;10;2;;
16726;1996;10;1;0;1.018,4;16;12,4;;;63;30;8;10;4;;
16726;1996;10;1;3;1.017,4;13,4;11,4;;;77;330;8;10;4;;
16726;1996;10;1;6;1.017;15,4;13;19,6;12,2;75;350;5;10;3;;
16726;1996;10;1;9;1.017,7;22,6;15,4;;;42;0;0;10;5;;
16726;1996;10;1;12;1.017;23,4;16;;;43;230;6;10;5;;
16726;1996;10;1;15;1.016,5;22;17,2;;;60;270;5;10;7;;
16726;1996;10;1;18;1.017,7;17,2;16,2;24,4;15,4;90;330;4;8;5;0,2;
16726;1996;10;1;21;1.018,2;15,4;15;;;96;350;6;10;6;;
16726;1996;10;2;0;1.018;14,6;14;;;93;20;5;10;4;;
16726;1996;10;2;3;1.017,4;13,4;13;;;95;360;5;8;3;;
16726;1996;10;2;6;1.018;14;13;19;12,6;89;20;5;8;1;;
16726;1996;10;2;9;1.018,9;20;17;;;73;0;0;10;5;;
16726;1996;10;2;12;1.018;23,4;16,8;;;48;210;5;10;5;;
16726;1996;10;2;15;1.017,7;22,4;17,4;;;58;210;4;10;5;;
16726;1996;10;2;18;1.018,5;17;15;23,4;14;80;0;0;10;4;;
16726;1996;10;2;21;1.019,7;13,6;12,8;;;91;350;5;10;0;;
16726;1996;10;3;0;1.019,2;12,4;11,8;;;93;350;6;10;0;;
16726;1996;10;3;3;1.018,9;12,4;12;;;95;360;4;10;4;;
16726;1996;10;3;6;1.019;14,6;13;17,6;12,4;83;350;5;8;5;;
16726;1996;10;3;9;1.020,2;23;17,8;;;58;0;0;8;5;;
16726;1996;10;3;12;1.019;24,4;18,6;;;55;190;6;10;4;;
16726;1996;10;3;15;1.018;23,2;19,2;;;67;190;7;10;5;;
16726;1996;10;3;18;1.019;18,2;16,8;25,6;14,2;86;160;5;10;0;;
16726;1996;10;3;21;1.019;16,2;15,6;;;94;330;8;10;0;;
16726;1996;10;4;0;1.018,2;15;14,2;;;91;330;5;10;2;;
16726;1996;10;4;3;1.017,2;14;13,6;;;95;330;5;10;0;;
16726;1996;10;4;6;1.016,7;14,4;14;19,2;13;95;350;4;8;1;;
16726;1996;10;4;9;1.016,7;23,8;18,8;;;60;0;0;8;0;;
16726;1996;10;4;12;1.015,5;25;19,6;;;59;220;8;10;0;;
16726;1996;10;4;15;1.014,7;23,8;20;;;69;220;10;10;1;;
16726;1996;10;4;18;1.014;21;18;25,8;14,4;73;20;5;10;0;;
16726;1996;10;4;21;1.012,7;16;15,2;;;91;0;0;10;0;;
16726;1996;10;5;0;1.012,5;13,6;13;;;93;350;6;8;1;;
16726;1996;10;5;3;1.012;14;13;;;89;360;6;10;3;;
16726;1996;10;5;6;1.012,2;17,8;15,4;22,4;13,4;76;330;6;10;8;;
16726;1996;10;5;9;1.010,9;19;17;;;81;0;0;10;7;0,9;
16726;1996;10;5;12;1.009,7;24;18,2;;;54;10;6;10;5;;
16726;1996;10;5;15;1.009,7;24,6;19,8;;;62;220;6;10;5;;
16726;1996;10;5;18;1.010,2;22;18;25;17,8;66;210;10;8;4;0,9;
16726;1996;10;5;21;1.011;21,2;17,2;;;65;170;8;10;6;;
16726;1996;10;6;0;1.010,5;20,8;17,6;;;72;180;8;10;6;;
16726;1996;10;6;3;1.010;18,6;17,2;;;86;210;7;7;8;18,8;
16726;1996;10;6;6;1.010,9;19;17,8;22,4;18,2;88;0;0;6;7;22,4;
16726;1996;10;6;9;1.012,2;22;19,8;;;81;170;13;8;6;1,3;
16726;1996;10;6;12;1.013,2;20,4;19,4;;;91;150;11;8;7;13;
16726;1996;10;6;15;1.013;22,6;20;;;78;0;0;10;2;;
16726;1996;10;6;18;1.014,5;18;17,6;23;18;96;0;0;10;2;14,3;
16726;1996;10;6;21;1.015,2;16,4;16,2;;;98;10;4;10;1;;
16726;1996;10;7;0;1.015,7;15;15;;;100;350;5;10;0;;
16726;1996;10;7;3;1.015,5;14;13,8;;;98;360;7;10;0;;
16726;1996;10;7;6;1.016,2;14,2;14;18;13,8;98;350;4;8;2;;
16726;1996;10;7;9;1.016,4;23;19,2;;;68;0;0;8;3;;
16726;1996;10;7;12;1.015,9;24;18,2;;;54;210;7;10;3;;
16726;1996;10;7;15;1.015,5;23;19,6;;;72;180;10;10;2;;
16726;1996;10;7;18;1.016;18,4;17,8;25;14,2;94;0;0;10;2;;
16726;1996;10;7;21;1.016,7;16,6;16,2;;;96;340;6;10;2;;
16726;1996;10;8;0;1.015,9;15,6;15,4;;;98;360;5;10;2;;
16726;1996;10;8;3;1.014,7;15,6;15,4;;;98;350;9;8;0;;
16726;1996;10;8;6;1.014,9;16,4;15,8;18,4;15,4;94;350;6;8;8;;
16726;1996;10;8;9;1.015,4;18,8;17,4;;;86;350;4;8;8;;
16726;1996;10;8;12;1.013,4;22;18,4;;;69;170;12;6;6;0,1;
16726;1996;10;8;15;1.012;22;20,2;;;84;0;0;10;7;0,1;
16726;1996;10;8;18;1.014,7;19,6;17,2;24;16,4;78;20;8;8;8;0,2;
16726;1996;10;8;21;1.012,7;16,2;15,6;;;94;0;0;10;4;;
16726;1996;10;9;0;1.012;16,4;15;;;85;360;7;10;2;;
16726;1996;10;9;3;1.010;17;15;;;80;20;8;10;5;;
16726;1996;10;9;6;1.010,2;16,2;15,6;19,6;15;94;330;7;6;7;7,9;
16726;1996;10;9;9;1.010,2;20;18;;;81;360;5;6;4;0,1;
16726;1996;10;9;12;1.010;23;19;;;67;0;0;10;5;;
16726;1996;10;9;15;1.009,2;22,4;18,4;;;66;150;4;8;6;0,1;
16726;1996;10;9;18;1.011;18,2;16,8;24,2;16,2;86;150;5;8;7;0,2;
16726;1996;10;9;21;1.011,7;17,2;16,2;;;90;0;0;8;7;;
16726;1996;10;10;0;1.011;16;14,8;;;87;60;5;6;8;14,6;
16726;1996;10;10;3;1.010;14,4;14,2;;;98;330;5;8;5;;
16726;1996;10;10;6;1.010;15,6;15,2;19,4;14,4;96;30;5;8;4;15;
16726;1996;10;10;9;1.010,2;21,2;17,4;;;67;0;0;10;2;;
16726;1996;10;10;12;1.009,7;20;17,4;;;76;190;4;10;7;;
16726;1996;10;10;15;1.009;20;18,4;;;85;0;0;10;7;0,7;
16726;1996;10;10;18;1.009,7;17,4;16,6;22,6;15,4;92;30;6;8;3;0,7;
16726;1996;10;10;21;1.010,7;15,4;14,6;;;91;340;6;10;1;;
16726;1996;10;11;0;1.011,4;14,8;14;;;91;0;0;10;2;;
16726;1996;10;11;3;1.011,7;14,2;13,4;;;91;20;4;10;2;;
16726;1996;10;11;6;1.012,7;14;13;17,4;13,4;89;350;6;8;1;;
16726;1996;10;11;9;1.014;21,8;17,2;;;61;200;4;8;2;;
16726;1996;10;11;12;1.014;20,6;17,4;;;71;210;7;10;5;;
16726;1996;10;11;15;1.014;20,8;18;;;75;140;8;10;5;;
16726;1996;10;11;18;1.015,5;16,4;15;23;14;85;350;7;10;2;;
16726;1996;10;11;21;1.016,2;14,8;14;;;91;350;5;10;3;;
16726;1996;10;12;0;1.016,2;13,2;12,8;;;95;350;7;10;2;;
16726;1996;10;12;3;1.016,2;13;12,4;;;93;360;8;10;2;;
16726;1996;10;12;6;1.016,5;13,2;12,4;16,4;12,2;91;350;5;8;3;;
16726;1996;10;12;9;1.018,2;20,8;16,4;;;61;0;0;8;4;;
16726;1996;10;12;12;1.018;20,2;16,6;;;68;240;8;8;7;;
16726;1996;10;12;15;1.018,2;18,2;16,2;;;80;0;0;8;7;1,4;
16726;1996;10;12;18;1.019,2;16;15,2;22,4;12;91;0;0;8;7;2,5;
16726;1996;10;12;21;1.019,4;14,6;14,2;;;95;20;8;7;8;4,3;
16726;1996;10;13;0;1.020,4;14;13,6;;;95;0;0;6;8;14,1;
16726;1996;10;13;3;1.019,7;13,4;13,2;;;98;20;5;7;6;1,7;
16726;1996;10;13;6;1.020,5;12,4;12,2;16,2;12;98;350;5;5;3;20,1;
16726;1996;10;13;9;1.022;19,4;15,4;;;63;0;0;8;3;;
16726;1996;10;13;12;1.022;20;15,6;;;61;220;4;10;7;;
16726;1996;10;13;15;1.022,5;19,2;16,4;;;74;0;0;10;8;;
16726;1996;10;13;18;1.023,7;17,4;16,6;22;12,4;92;0;0;10;7;;
16726;1996;10;13;21;1.024,1;15,2;14,6;;;93;360;5;10;2;;
16726;1996;10;14;0;1.023,7;14;13,6;;;95;350;4;10;2;;
16726;1996;10;14;3;1.023,2;13;12,6;;;95;350;5;8;2;;
16726;1996;10;14;6;1.023,9;14,6;13,4;17,4;13;87;20;6;8;8;;
16726;1996;10;14;9;1.025,3;19;15,8;;;70;10;5;8;5;;
16726;1996;10;14;12;1.023,2;21;16;;;57;210;4;8;8;;
16726;1996;10;14;15;1.022;21,8;17,6;;;65;0;0;10;4;;
16726;1996;10;14;18;1.022;15,6;14,8;22,4;14,2;91;350;4;10;1;;
16726;1996;10;14;21;1.022,2;15;13,8;;;87;20;4;10;2;;
16726;1996;10;15;0;1.021,7;13,2;12,2;;;88;360;6;10;0;;
16726;1996;10;15;3;1.020,7;12,4;11,6;;;91;360;5;10;0;;
16726;1996;10;15;6;1.020,4;13,6;12,4;15,6;12;86;20;5;8;2;;
16726;1996;10;15;9;1.020,4;20,6;16,6;;;65;40;5;8;4;;
16726;1996;10;15;12;1.019,9;22,6;15,8;;;46;210;6;10;7;;
16726;1996;10;15;15;1.018,2;23;17,8;;;58;0;0;10;7;;
16726;1996;10;15;18;1.015;17,4;16,4;25,6;13,6;90;360;5;8;6;;
16726;1996;10;15;21;1.018,4;16;14,8;;;87;330;5;8;6;;
16726;1996;10;16;0;1.018,5;15;13,8;;;87;10;5;8;4;;
16726;1996;10;16;3;1.016,7;14,4;13,2;;;87;350;8;8;3;;
16726;1996;10;16;6;1.017,5;14,4;13,2;17,4;14,2;87;20;6;8;7;;
16726;1996;10;16;9;1.017,7;21;16,8;;;64;360;5;8;7;;
16726;1996;10;16;12;1.017,4;24,8;18,6;;;53;230;5;8;7;;
16726;1996;10;16;15;1.017,2;22,2;18,8;;;71;210;4;10;7;;
16726;1996;10;16;18;1.017,7;20,4;18,8;25;14,4;85;0;0;10;7;;
16726;1996;10;16;21;1.018,2;18,2;17,4;;;92;330;5;8;7;;
16726;1996;10;17;0;1.018,4;17,8;16,6;;;88;330;5;8;8;;
16726;1996;10;17;3;1.017,7;17;16;;;90;60;5;8;7;;
16726;1996;10;17;6;1.016,4;16;15,2;20,4;16;91;10;5;8;6;;
16726;1996;10;17;9;1.017;21,4;19,2;;;80;220;4;8;8;0;
16726;1996;10;17;12;1.016,7;22,4;19,8;;;78;210;15;8;7;0,3;
16726;1996;10;17;15;1.016,4;22;19,4;;;77;200;12;8;8;;
16726;1996;10;17;18;1.016;21,4;19;22,4;16;79;220;10;8;6;0,3;
16726;1996;10;17;21;1.015;19,8;18,2;;;85;110;7;8;8;0,1;
16726;1996;10;18;0;1.014;21;18,8;;;80;180;13;8;7;;
16726;1996;10;18;3;1.014,5;20;19;;;91;210;13;6;8;4;
16726;1996;10;18;6;1.014,5;17;16,6;22,4;16,6;96;350;5;6;4;24;
16726;1996;10;18;9;1.015,4;21,4;18,8;;;77;0;0;8;4;0,1;
16726;1996;10;18;12;1.015,4;23,4;19;;;64;230;7;8;5;;
16726;1996;10;18;15;1.015,5;21,8;17,6;;;65;30;9;10;4;;
16726;1996;10;18;18;1.016,5;17,4;15,8;24,4;16,4;84;20;7;10;3;0,1;
16726;1996;10;18;21;1.017,7;13,4;13;;;95;0;0;10;2;;
16726;1996;10;19;0;1.017,5;12,4;12;;;95;350;5;10;2;;
16726;1996;10;19;3;1.017,4;10,6;10,2;;;95;350;5;10;0;;
16726;1996;10;19;6;1.017,2;11,8;11,6;17,4;10,6;98;0;0;8;2;;
16726;1996;10;19;9;1.017,4;20,4;16,4;;;64;170;6;10;3;;
16726;1996;10;19;12;1.016,2;21,6;17,6;;;66;0;0;10;4;1,4;
16726;1996;10;19;15;1.016;21;15,6;;;54;20;6;10;2;;
16726;1996;10;19;18;1.017;14,6;13,4;22,2;11,8;87;350;5;10;1;1,4;
16726;1996;10;19;21;1.017,2;12,4;11,8;;;93;0;0;10;1;;
16726;1996;10;20;0;1.016,7;11,2;11;;;97;360;7;8;1;;
16726;1996;10;20;3;1.015,5;11,6;11,2;;;95;20;8;8;1;;
16726;1996;10;20;6;1.015;11,8;11,2;14,6;10,8;93;340;8;8;3;;
16726;1996;10;20;9;1.015;19,6;14,4;;;53;30;4;10;6;;
16726;1996;10;20;12;1.014,2;19,6;15,2;;;60;210;5;10;7;;
16726;1996;10;20;15;1.013,7;17;13,8;;;68;330;5;7;8;0;
16726;1996;10;20;18;1.013;13,8;13,4;21,4;11,8;95;350;7;8;6;0,5;
16726;1996;10;20;21;1.013,4;12,2;11,8;;;95;360;7;8;7;;
16726;1996;10;21;0;1.012,5;11,6;11,2;;;95;350;5;8;4;;
16726;1996;10;21;3;1.011,7;13;11,8;;;86;10;9;10;3;;
16726;1996;10;21;6;1.012,2;14,2;12;14,2;11,6;76;350;8;8;6;;
16726;1996;10;21;9;1.012,5;19,6;14,8;;;57;350;6;10;2;;
16726;1996;10;21;12;1.011;22,4;14,8;;;40;340;7;10;2;;
16726;1996;10;21;15;1.010,7;20,4;15,2;;;55;350;5;10;3;;
16726;1996;10;21;18;1.012,2;15,6;12,4;23,2;11,6;66;20;10;10;2;;
16726;1996;10;21;21;1.013;12,4;11;;;83;20;5;10;4;;
16726;1996;10;22;0;1.012,4;11;10,2;;;90;360;5;10;6;;
16726;1996;10;22;3;1.011,7;12,6;11,6;;;88;330;5;8;2;;
16726;1996;10;22;6;1.011,7;14,2;12,8;16,6;11;85;0;0;10;6;;
16726;1996;10;22;9;1.011,9;20,2;15,6;;;60;20;12;10;3;;
16726;1996;10;22;12;1.011;22,4;15,6;;;46;350;7;10;5;;
16726;1996;10;22;15;1.011,2;20,2;14,8;;;53;20;5;10;5;;
16726;1996;10;22;18;1.012;14,4;12,8;22,8;14;83;0;0;10;4;;
16726;1996;10;22;21;1.012,5;12,2;11,4;;;90;350;5;10;4;;
16726;1996;10;23;0;1.012,5;11,8;11;;;90;350;7;10;2;;
16726;1996;10;23;3;1.012,2;12,4;11,4;;;88;10;5;10;4;;
16726;1996;10;23;6;1.012,7;12,8;10;14,6;11,8;68;360;10;10;5;;
16726;1996;10;23;9;1.015;16;13;;;69;0;0;10;5;;
16726;1996;10;23;12;1.014;19,8;14,4;;;52;210;4;10;3;;
16726;1996;10;23;15;1.013,7;18;13,2;;;55;210;6;10;5;;
16726;1996;10;23;18;1.015,7;12;11;19,8;11,8;88;350;7;6;8;6,9;
16726;1996;10;23;21;1.016,2;11,8;11,2;;;93;360;7;8;8;1,2;
16726;1996;10;24;0;1.015,7;11,8;11,4;;;95;350;4;8;8;0,2;
16726;1996;10;24;3;1.015,5;11,6;11,2;;;95;0;0;8;8;1,5;
16726;1996;10;24;6;1.015,4;10,4;10,2;12;9,8;97;350;5;8;7;2,9;
16726;1996;10;24;9;1.016,2;16,2;12;;;58;360;5;8;5;;
16726;1996;10;24;12;1.014;19;13,2;;;48;70;8;10;5;;
16726;1996;10;24;15;1.014,5;16,4;11,8;;;55;360;5;10;6;;
16726;1996;10;24;18;1.015,7;12,6;10;19,6;10,4;70;20;9;10;2;;
16726;1996;10;24;21;1.017;10;9;;;87;280;6;10;2;;
16726;1996;10;25;0;1.016,7;8;7,4;;;91;360;4;10;4;;
16726;1996;10;25;3;1.016,2;8;7;;;86;350;4;10;3;;
16726;1996;10;25;6;1.017;8,8;7,4;13;7,6;81;360;5;10;5;;
16726;1996;10;25;9;1.018,2;16;10,6;;;47;320;4;8;2;;
16726;1996;10;25;12;1.017,7;18,2;11,6;;;41;0;0;10;2;;
16726;1996;10;25;15;1.018;16,4;12,6;;;63;130;5;10;4;;
16726;1996;10;25;18;1.019;11,4;9,8;19;8,8;81;350;5;10;2;;
16726;1996;10;25;21;1.020,2;7,8;7;;;89;360;5;10;1;;
16726;1996;10;26;0;1.020,2;8,8;8;;;89;340;5;10;5;;
16726;1996;10;26;3;1.019,9;6,8;6,2;;;91;340;8;10;1;;
16726;1996;10;26;6;1.020,2;7,8;6,6;11,4;6,6;83;360;8;8;2;;
16726;1996;10;26;9;1.021;16;11,4;;;53;0;0;8;6;;
16726;1996;10;26;12;1.020,5;18;12;;;45;280;4;10;7;;
16726;1996;10;26;15;1.020,2;16,8;13;;;63;0;0;10;6;;
16726;1996;10;26;18;1.021,2;10,8;9,2;19,4;6,4;80;10;5;10;3;;
16726;1996;10;26;21;1.022;9,6;8,4;;;84;350;7;10;4;;
16726;1996;10;27;0;1.022,5;10,4;9;;;82;20;5;10;6;;
16726;1996;10;27;3;1.021,4;8,4;7,4;;;86;350;7;10;4;;
16726;1996;10;27;6;1.021,4;11,2;8,4;11,6;8,4;66;350;8;10;7;;
16726;1996;10;27;9;1.022,4;12,4;10;;;72;340;6;10;7;;
16726;1996;10;27;12;1.021,5;15;10,8;;;57;360;4;10;8;0;
16726;1996;10;27;15;1.020,5;14,2;11,8;;;74;0;0;10;4;;
16726;1996;10;27;18;1.021,7;9,6;8,2;16,2;9,6;82;360;5;10;2;0;
16726;1996;10;27;21;1.021,5;12,2;8,6;;;59;10;8;10;3;;
16726;1996;10;28;0;1.020,7;9,6;7,2;;;69;360;9;10;0;;
16726;1996;10;28;3;1.019,9;9,8;7,4;;;69;360;8;10;0;;
16726;1996;10;28;6;1.020;9,4;7;13,2;7;69;360;8;10;0;;
16726;1996;10;28;9;1.020,7;16;11;;;50;0;0;10;2;;
16726;1996;10;28;12;1.019,4;18;12;;;45;160;5;10;5;;
16726;1996;10;28;15;1.018,5;17;11,2;;;45;350;7;10;6;;
16726;1996;10;28;18;1.019,7;11,8;8,8;19;9,4;65;10;5;10;5;;
16726;1996;10;28;21;1.019,7;9,2;7,6;;;79;360;4;10;2;;
16726;1996;10;29;0;1.019,7;7,8;7;;;89;360;5;10;3;;
16726;1996;10;29;3;1.019;7,6;6,8;;;89;350;7;10;2;;
16726;1996;10;29;6;1.019,2;6,4;5,8;12;6;91;350;7;8;0;;
16726;1996;10;29;9;1.019,7;17;11,4;;;46;20;9;8;0;;
16726;1996;10;29;12;1.018,2;20,2;13;;;39;30;9;10;0;;
16726;1996;10;29;15;1.017,7;18,8;14;;;56;20;8;10;2;;
16726;1996;10;29;18;1.019;13,4;12,2;20,2;6,4;86;360;5;10;2;;
16726;1996;10;29;21;1.019,7;10,8;10,2;;;92;360;5;10;1;;
16726;1996;10;30;0;1.019;11;10,6;;;95;350;6;10;7;;
16726;1996;10;30;3;1.019;10,6;10,2;;;95;10;7;10;3;;
16726;1996;10;30;6;1.019,9;10,2;10;13,4;9,2;97;10;4;8;6;;
16726;1996;10;30;9;1.020,4;18,4;16;;;77;0;0;8;3;;
16726;1996;10;30;12;1.019,4;20,2;16;;;63;0;0;10;4;;
16726;1996;10;30;15;1.018,7;20,8;16,4;;;61;90;4;10;3;;
16726;1996;10;30;18;1.019,9;16;14,8;22,4;9,4;87;0;0;8;4;;
16726;1996;10;30;21;1.019,7;15;14,4;;;93;0;0;8;5;;
16726;1996;10;31;0;1.019,7;13;12,8;;;98;360;5;8;5;;
16726;1996;10;31;3;1.019,2;11,8;11,6;;;98;350;6;8;4;;
16726;1996;10;31;6;1.019,2;11,6;11,4;16,4;11,4;97;350;7;8;4;;
16726;1996;10;31;9;1.019,7;20;17;;;73;0;0;8;5;;
16726;1996;10;31;12;1.018,7;21;17;;;65;20;4;10;5;;
16726;1996;10;31;15;1.018,4;20;17,2;;;74;0;0;10;7;;
16726;1996;10;31;18;1.019;17,2;15,4;22,8;11,6;82;10;5;10;7;;
16726;1996;10;31;21;1.019,2;17,2;15;;;78;30;11;10;6;;
16726;1996;11;1;0;1.019,5;15,8;14;;;81;360;6;10;7;;
16726;1996;11;1;3;1.019;14,2;12,2;;;78;30;8;10;6;;
16726;1996;11;1;6;1.019,7;12,4;11,2;18;12;86;10;5;8;5;;
16726;1996;11;1;9;1.020,7;19;14,4;;;57;360;4;10;2;;
16726;1996;11;1;12;1.019,5;19,6;16,2;;;69;190;6;10;4;;
16726;1996;11;1;15;1.018,5;20,4;15,6;;;58;0;0;10;5;;
16726;1996;11;1;18;1.019,2;14,6;13,6;21;12,4;89;20;7;10;1;;
16726;1996;11;1;21;1.019,7;10,4;9,8;;;92;350;6;10;1;;
16726;1996;11;2;0;1.019,5;9,2;9;;;97;360;7;10;1;;
16726;1996;11;2;3;1.018,9;9,2;8,8;;;95;350;7;10;2;;
16726;1996;11;2;6;1.019;9,4;9;16,2;8,4;95;350;6;10;5;;
16726;1996;11;2;9;1.019,7;17,8;14;;;64;0;0;10;4;;
16726;1996;11;2;12;1.019,2;19,4;15,2;;;62;220;5;10;6;;
16726;1996;11;2;15;1.019;18;15;;;71;0;0;10;5;;
16726;1996;11;2;18;1.020,2;12,8;10,8;21,4;9,4;77;360;7;10;2;;
16726;1996;11;2;21;1.020,7;10,6;8,6;;;75;350;8;10;2;;
16726;1996;11;3;0;1.021,4;8,8;7,4;;;81;350;7;10;2;;
16726;1996;11;3;3;1.021;8,4;6,6;;;76;340;8;10;2;;
16726;1996;11;3;6;1.021,5;8,4;6,2;12,8;7,8;70;20;8;10;4;;
16726;1996;11;3;9;1.022,5;17;12;;;52;0;0;10;3;;
16726;1996;11;3;12;1.021;20,4;13,4;;;40;180;5;10;3;;
16726;1996;11;3;15;1.021;20,4;14;;;45;190;5;10;2;;
16726;1996;11;3;18;1.022;12,4;10;21,6;7,6;72;350;6;10;0;;
16726;1996;11;3;21;1.022,7;9;8,2;;;89;350;5;10;0;;
16726;1996;11;4;0;1.022,5;7,2;6,4;;;88;360;7;10;0;;
16726;1996;11;4;3;1.021,7;6;5;;;85;350;7;10;0;;
16726;1996;11;4;6;1.022,5;5,6;4,6;12,4;5;85;350;8;10;2;;
16726;1996;11;4;9;1.022,9;17,2;12;;;50;0;0;10;1;;
16726;1996;11;4;12;1.021;20,4;13,2;;;39;180;5;10;1;;
16726;1996;11;4;15;1.020,4;18,6;14,6;;;63;200;6;10;0;;
16726;1996;11;4;18;1.021;11,8;10,8;21;5,2;88;360;6;10;0;;
16726;1996;11;4;21;1.021,4;9,8;8,8;;;87;340;6;10;0;;
16726;1996;11;5;0;1.020,5;8,8;8;;;89;350;10;10;0;;
16726;1996;11;5;3;1.019,9;7;6,6;;;94;10;4;10;0;;
16726;1996;11;5;6;1.019,7;6,6;6;12;6;91;340;8;8;0;;
16726;1996;11;5;9;1.019,9;17,8;13,6;;;61;0;0;10;0;;
16726;1996;11;5;12;1.019,2;20,2;14,2;;;48;160;7;10;1;;
16726;1996;11;5;15;1.018,5;19,2;15,4;;;65;180;4;10;0;;
16726;1996;11;5;18;1.019,2;12,4;11,8;20,8;6,4;93;360;4;10;0;;
16726;1996;11;5;21;1.020,2;10,4;9,8;;;92;340;8;10;0;;
16726;1996;11;6;0;1.020,4;9,4;9;;;95;350;7;10;0;;
16726;1996;11;6;3;1.020;10,6;10,2;;;95;350;10;10;0;;
16726;1996;11;6;6;1.020,7;11;10;13;9,4;88;350;8;6;0;;
16726;1996;11;6;9;1.020,2;19,6;15;;;59;20;8;8;0;;
16726;1996;11;6;12;1.019,2;22,2;18;;;65;0;0;10;0;;
16726;1996;11;6;15;1.019;20,2;16,4;;;66;30;8;10;1;;
16726;1996;11;6;18;1.020,2;16,4;15,2;22,2;11;87;20;9;10;0;;
16726;1996;11;6;21;1.020,5;13;12,4;;;93;360;7;10;0;;
16726;1996;11;7;0;1.020,7;11,4;11;;;95;350;7;10;0;;
16726;1996;11;7;3;1.020,2;11;10,6;;;95;350;7;10;0;;
16726;1996;11;7;6;1.020,4;10,6;9,4;17;10;85;0;0;8;5;;
16726;1996;11;7;9;1.021,4;18,6;15,4;;;69;10;6;8;5;;
16726;1996;11;7;12;1.020;20,6;16,4;;;63;200;5;10;5;;
16726;1996;11;7;15;1.019,5;20;16,2;;;66;10;5;10;3;;
16726;1996;11;7;18;1.020,2;13,8;13;22,6;10;91;350;6;10;2;;
16726;1996;11;7;21;1.020,7;12,2;12;;;98;360;5;10;0;;
16726;1996;11;8;0;1.020,2;10,8;10,6;;;97;360;6;10;0;;
16726;1996;11;8;3;1.019,7;10,4;10,2;;;97;350;8;8;0;;
16726;1996;11;8;6;1.019,7;11;10,4;14,4;9,4;92;350;10;7;0;;
16726;1996;11;8;9;1.020,2;18,6;15,2;;;68;20;12;8;1;;
16726;1996;11;8;12;1.019,4;21,2;16,2;;;57;20;12;10;0;;
16726;1996;11;8;15;1.019,7;18,8;15,4;;;68;20;15;10;0;;
16726;1996;11;8;18;1.021,5;15,6;14;21,8;11;83;20;10;10;1;;
16726;1996;11;8;21;1.022,7;13,2;12,4;;;91;350;6;10;0;;
16726;1996;11;9;0;1.022,5;11;10,4;;;92;340;8;10;0;;
16726;1996;11;9;3;1.021,7;9,6;9;;;92;340;8;10;0;;
16726;1996;11;9;6;1.023,2;9;8,4;16;9;92;340;6;8;0;;
16726;1996;11;9;9;1.024,5;19;13,6;;;52;0;0;8;0;;
16726;1996;11;9;12;1.024,4;21,2;15,4;;;51;200;5;10;0;;
16726;1996;11;9;15;1.024,6;18,8;15;;;65;200;5;10;1;;
16726;1996;11;9;18;1.026;13;12;21,4;9;88;350;5;8;1;;
16726;1996;11;9;21;1.026,5;11;10,4;;;92;350;8;8;0;;
16726;1996;11;10;0;1.026;9,6;9,2;;;95;350;8;8;0;;
16726;1996;11;10;3;1.025,5;8,4;8,2;;;97;360;5;8;0;;
16726;1996;11;10;6;1.026,4;8,4;8;13;7;94;330;5;8;2;;
16726;1996;11;10;9;1.026,9;18,8;13,8;;;55;350;5;8;3;;
16726;1996;11;10;12;1.025;22;16;;;51;0;0;10;6;;
16726;1996;11;10;15;1.024;18,8;15;;;65;160;5;10;6;;
16726;1996;11;10;18;1.024,4;13,8;11,2;22,6;8,2;71;360;5;10;4;;
16726;1996;11;10;21;1.024,8;11,2;9,2;;;75;360;8;10;1;;
16726;1996;11;11;0;1.024,4;10,4;8,8;;;80;350;8;10;2;;
16726;1996;11;11;3;1.023,9;9,4;8;;;82;360;7;10;2;;
16726;1996;11;11;6;1.024,6;8,6;7,4;14,6;8;83;360;5;8;2;;
16726;1996;11;11;9;1.025;17,4;13;;;58;0;0;8;1;;
16726;1996;11;11;12;1.023;19,2;15,4;;;65;190;6;8;2;;
16726;1996;11;11;15;1.022,7;17,6;15,4;;;78;190;6;10;6;;
16726;1996;11;11;18;1.023,2;14,2;13,2;20,4;7,6;89;0;0;8;5;;
16726;1996;11;11;21;1.023,7;12;11,6;;;95;350;5;8;2;;
16726;1996;11;12;0;1.023,7;10,4;10,2;;;97;350;8;8;1;;
16726;1996;11;12;3;1.023,4;8,8;8,4;;;94;350;7;8;1;;
16726;1996;11;12;6;1.023,7;8,6;8,4;15;8;97;350;7;6;6;;
16726;1996;11;12;9;1.023,9;15;13,6;;;85;0;0;6;6;;
16726;1996;11;12;12;1.022,2;19,4;14,6;;;57;0;0;6;6;;
16726;1996;11;12;15;1.021;18,4;14,8;;;66;0;0;6;7;;
16726;1996;11;12;18;1.021,2;12,6;11,8;19,8;8,6;91;0;0;6;4;;
16726;1996;11;12;21;1.020,7;11;10,4;;;92;350;7;6;4;;
16726;1996;11;13;0;1.020,2;9;8,8;;;97;350;7;6;3;;
16726;1996;11;13;3;1.019,7;7,8;7,6;;;97;350;7;6;0;;
16726;1996;11;13;6;1.019,4;7,2;7;12,6;7,2;97;10;5;3;1;;
16726;1996;11;13;9;1.019,5;17;14;;;70;360;4;6;1;;
16726;1996;11;13;12;1.017,5;21;14,8;;;48;0;0;8;2;;
16726;1996;11;13;15;1.016,7;18,4;14;;;59;10;8;8;2;;
16726;1996;11;13;18;1.017;12,4;11,4;21,6;7;88;360;6;8;1;;
16726;1996;11;13;21;1.017,4;10,6;10;;;92;360;5;8;0;;
16726;1996;11;14;0;1.017;8,4;8,2;;;97;350;8;8;0;;
16726;1996;11;14;3;1.017;8;7,8;;;97;340;6;8;0;;
16726;1996;11;14;6;1.017,4;7,4;7;12,8;7,4;94;0;0;6;0;;
16726;1996;11;14;9;1.018,2;16,4;13,4;;;69;0;0;8;0;;
16726;1996;11;14;12;1.016,7;20,6;16;;;60;210;6;10;0;;
16726;1996;11;14;15;1.017;18,2;15,2;;;71;200;6;10;0;;
16726;1996;11;14;18;1.018,4;12,6;12,2;22;7,4;95;350;5;8;0;;
16726;1996;11;14;21;1.019,5;11,4;11;;;95;350;7;10;0;;
16726;1996;11;15;0;1.019,7;9,8;9,6;;;97;340;6;8;2;;
16726;1996;11;15;3;1.020,2;9,6;9,2;;;95;350;5;8;2;;
16726;1996;11;15;6;1.022;8,6;8;13,6;8,6;92;350;5;3;0;;
16726;1996;11;15;9;1.023,4;17;14,6;;;76;0;0;6;2;;
16726;1996;11;15;12;1.022,7;20;16,6;;;70;210;5;8;3;;
16726;1996;11;15;15;1.023,5;18,8;16,6;;;79;180;4;5;4;;
16726;1996;11;15;18;1.024,8;14,4;14;20;8,6;95;30;6;6;4;;
16726;1996;11;15;21;1.025,4;11,4;11;;;95;350;6;6;2;;
16726;1996;11;16;0;1.024,8;9,6;9,4;;;97;0;0;4;2;;
16726;1996;11;16;3;1.025,3;8,8;8,8;;;100;360;6;5;0;;
16726;1996;11;16;6;1.025,6;8;8;15,4;8;100;360;6;10;6;;
16726;1996;11;16;9;1.026;16,6;14,4;;;77;0;0;5;4;;
16726;1996;11;16;12;1.024,4;21,4;16,4;;;57;0;0;8;3;;
16726;1996;11;16;15;1.023,7;18;15,8;;;79;200;4;8;2;;
16726;1996;11;16;18;1.024,3;12,8;12,4;22;8;95;350;5;8;0;;
16726;1996;11;16;21;1.024,1;10,8;10,4;;;95;10;5;3;0;;
16726;1996;11;17;0;1.024;11,6;11,2;;;95;350;7;4;2;;
16726;1996;11;17;3;1.022,7;11;10,8;;;97;350;6;3;0;;
16726;1996;11;17;6;1.022,7;9,2;9;12,8;9,2;97;350;5;2;6;;
16726;1996;11;17;9;1.022,9;16,8;14,6;;;78;0;0;6;7;;
16726;1996;11;17;12;1.020,7;19;15,8;;;70;200;5;6;7;;
16726;1996;11;17;15;1.020,5;17;15,4;;;83;0;0;5;8;;
16726;1996;11;17;18;1.020,4;13,4;13,2;20;9,2;98;0;0;3;8;;
16726;1996;11;17;21;1.021;12,8;12,6;;;98;0;0;4;6;;
16726;1996;11;18;0;1.020,5;12,2;12;;;98;20;5;6;6;;
16726;1996;11;18;3;1.019,7;10,6;10,4;;;97;350;5;6;2;;
16726;1996;11;18;6;1.019,5;10;9,6;14,4;9,4;95;20;5;2;8;;
16726;1996;11;18;9;1.019,7;14,8;13,4;;;85;0;0;4;5;;
16726;1996;11;18;12;1.018,9;19,6;15,6;;;64;200;4;8;6;;
16726;1996;11;18;15;1.018;17,8;14,2;;;65;220;5;8;5;;
16726;1996;11;18;18;1.018,5;14;12,6;20,4;9,4;85;40;5;8;6;;
16726;1996;11;18;21;1.018;12,6;11,8;;;91;0;0;8;3;;
16726;1996;11;19;0;1.017,2;10;9,4;;;92;350;5;10;2;;
16726;1996;11;19;3;1.016,7;8,8;8,2;;;92;50;5;10;0;;
16726;1996;11;19;6;1.017,5;9;8,2;14,2;8,2;89;30;4;8;7;;
16726;1996;11;19;9;1.016,7;17;14,8;;;78;180;4;8;8;;
16726;1996;11;19;12;1.014,9;19,8;18;;;83;180;18;8;8;;
16726;1996;11;19;15;1.013,5;19,4;18;;;87;210;14;3;6;;
16726;1996;11;19;18;1.013;19;18;20,4;9;90;210;12;3;6;0,4;
16726;1996;11;19;21;1.014,7;15,8;13,2;;;73;310;6;8;6;;
16726;1996;11;20;0;1.015;11;10,2;;;90;0;0;10;2;;
16726;1996;11;20;3;1.015;7,8;7,6;;;97;0;0;10;1;;
16726;1996;11;20;6;1.016,2;7;6,6;19;7;94;0;0;10;3;;
16726;1996;11;20;9;1.018;16,2;13,2;;;69;120;5;8;4;;
16726;1996;11;20;12;1.016,2;18,4;12,8;;;49;280;5;10;3;;
16726;1996;11;20;15;1.015,4;16,8;13,4;;;66;240;5;10;6;;
16726;1996;11;20;18;1.015,9;14;12,4;19,4;7;82;160;4;10;6;;
16726;1996;11;20;21;1.016;13;12;;;88;0;0;10;7;;
16726;1996;11;21;0;1.014,7;15;13;;;79;140;8;10;5;;
16726;1996;11;21;3;1.013,2;13,6;12,8;;;91;0;0;10;2;0;
16726;1996;11;21;6;1.013,4;14,6;13,4;16;13;87;160;4;8;6;0;
16726;1996;11;21;9;1.014;18,4;15,4;;;71;240;7;8;7;;
16726;1996;11;21;12;1.012,7;19,6;16;;;67;260;10;8;7;;
16726;1996;11;21;15;1.012,7;17,2;14,6;;;74;260;8;8;4;1,5;
16726;1996;11;21;18;1.014;13,8;12,8;19,6;13,6;89;150;6;8;3;1,5;
16726;1996;11;21;21;1.015,2;9,2;9;;;97;0;0;10;2;;
16726;1996;11;22;0;1.015,9;8,8;8,6;;;97;0;0;10;3;;
16726;1996;11;22;3;1.016,7;7,4;7,2;;;97;30;5;10;1;;
16726;1996;11;22;6;1.018,5;7,6;7;13,8;7,4;91;30;6;10;2;;
16726;1996;11;22;9;1.019,5;15,6;13,4;;;77;0;0;10;3;;
16726;1996;11;22;12;1.018,2;18,6;14,6;;;63;180;6;10;6;;
16726;1996;11;22;15;1.018,2;17,2;14,4;;;72;200;5;10;4;;
16726;1996;11;22;18;1.018,5;14,6;13,6;20;7,4;89;0;0;10;5;;
16726;1996;11;22;21;1.019;13,4;12,8;;;93;0;0;10;6;;
16726;1996;11;23;0;1.018,7;11;10,8;;;97;30;4;10;3;;
16726;1996;11;23;3;1.017,7;11,6;11,4;;;97;350;5;10;5;;
16726;1996;11;23;6;1.018,5;12,6;12,4;14,6;10,8;98;360;5;8;6;0,7;
16726;1996;11;23;9;1.019,4;17,4;16,8;;;94;0;0;8;6;0,4;
16726;1996;11;23;12;1.018,5;20;16,8;;;71;290;5;10;3;0,7;
16726;1996;11;23;15;1.018,4;20;16,8;;;71;260;4;10;4;;
16726;1996;11;23;18;1.018,7;14,4;13,6;20,6;12,6;91;0;0;10;3;1,1;
16726;1996;11;23;21;1.019,2;14,4;14;;;95;0;0;10;7;;
16726;1996;11;24;0;1.018,5;17;15,8;;;88;210;8;8;7;0;
16726;1996;11;24;3;1.018,5;14,2;14;;;98;0;0;8;3;3,4;
16726;1996;11;24;6;1.018,2;14,2;13,8;17;14,2;95;0;0;5;7;3,6;
16726;1996;11;24;9;1.018,7;18;16,6;;;86;0;0;8;6;0,4;
16726;1996;11;24;12;1.017,7;19;16;;;72;200;6;10;6;;
16726;1996;11;24;15;1.016,7;17;16,4;;;94;130;4;6;8;2,4;
16726;1996;11;24;18;1.016,2;15,8;15,4;20;13,8;96;140;4;8;7;4,3;
16726;1996;11;24;21;1.015,5;16,4;15,4;;;89;220;5;10;6;;
16726;1996;11;25;0;1.013,4;15,4;14,4;;;89;0;0;10;6;;
16726;1996;11;25;3;1.013,2;12,4;11,4;;;88;30;12;8;7;8,3;
16726;1996;11;25;6;1.014;11,4;11;17,2;11,4;95;340;8;6;7;10,6;
16726;1996;11;25;9;1.014,9;14,6;11;;;62;20;8;10;4;;
16726;1996;11;25;12;1.014,4;14,4;9,2;;;45;340;10;10;7;;
16726;1996;11;25;15;1.014;12,6;9,6;;;66;40;6;10;6;;
16726;1996;11;25;18;1.014,4;10,8;9,6;14,8;10,4;85;50;4;10;7;;
16726;1996;11;25;21;1.014,4;10;8,8;;;85;20;8;10;5;;
16726;1996;11;26;0;1.013,7;7,6;6,8;;;89;340;7;10;5;;
16726;1996;11;26;3;1.013,4;6,4;5,6;;;88;360;5;10;3;;
16726;1996;11;26;6;1.013,2;4,6;4,2;10,8;4,6;93;360;6;10;6;;
16726;1996;11;26;9;1.013;11;9;;;75;40;4;10;6;;
16726;1996;11;26;12;1.011;13,4;10,8;;;71;230;4;8;8;;
16726;1996;11;26;15;1.008,7;14,8;12;;;70;220;5;10;6;;
16726;1996;11;26;18;1.007,7;15;13,8;16;4,4;87;180;7;8;7;0,3;
16726;1996;11;26;21;1.006,4;15,2;14,4;;;91;200;10;8;7;1,2;
16726;1996;11;27;0;1.003,7;15,2;14,4;;;91;220;12;4;8;3,6;
16726;1996;11;27;3;1.002;13,8;12,6;;;87;360;4;6;8;16,1;
16726;1996;11;27;6;1.002,4;12,8;11,4;17,6;12,4;83;210;7;8;4;20,9;
16726;1996;11;27;9;1.002,9;17;12,8;;;59;250;14;8;5;;
16726;1996;11;27;12;1.003,9;13,6;11;;;71;330;4;8;7;1,9;
16726;1996;11;27;15;1.004,7;11,6;10,6;;;88;0;0;8;7;0,5;
16726;1996;11;27;18;1.007,4;9,8;9;18,2;9,6;90;360;5;8;7;3;
16726;1996;11;27;21;1.008,7;7,4;7,2;;;97;0;0;10;4;0,1;
16726;1996;11;28;0;1.010;7;7;;;100;0;0;10;4;0,6;
16726;1996;11;28;3;1.011;6;5,8;;;97;0;0;10;3;;
16726;1996;11;28;6;1.012,7;4,2;4,2;10,2;4,2;100;20;4;10;2;0,8;
16726;1996;11;28;9;1.014,4;12;10;;;76;0;0;10;2;;
16726;1996;11;28;12;1.013,7;16,6;12;;;55;180;4;10;4;;
16726;1996;11;28;15;1.013;15,6;12;;;63;0;0;10;5;;
16726;1996;11;28;18;1.014;11;10;16,8;4,2;88;310;5;10;6;;
16726;1996;11;28;21;1.014,2;10,8;10;;;90;0;0;10;7;;
16726;1996;11;29;0;1.013,7;11,2;10,8;;;95;20;4;10;7;;
16726;1996;11;29;3;1.012,7;11;10,8;;;97;360;4;8;7;12,3;
16726;1996;11;29;6;1.013;11,8;11,8;11,8;10,6;100;0;0;5;8;12,4;
16726;1996;11;29;9;1.013,2;15;14,8;;;98;140;4;2;8;6,4;
16726;1996;11;29;12;1.011,7;18,4;16,6;;;83;210;15;8;7;9,6;
16726;1996;11;29;15;1.011;17,6;15,8;;;82;200;14;7;8;;
16726;1996;11;29;18;1.010,4;17,8;15,8;19;10,4;80;200;15;8;6;16;
16726;1996;11;29;21;1.009,7;17;15;;;80;170;12;8;5;;
16726;1996;11;30;0;1.007,7;18,2;16;;;79;180;15;8;7;;
16726;1996;11;30;3;1.006;18,2;16;;;79;280;20;5;7;3,9;
16726;1996;11;30;6;1.006;13;12,8;18,2;13;98;0;0;8;7;4,1;
16726;1996;11;30;9;1.005,7;15,2;14,2;;;89;150;6;5;7;9,4;
16726;1996;11;30;12;1.005,7;15,4;13,4;;;79;290;4;5;7;0,9;
16726;1996;11;30;15;1.004,7;14,6;12,2;;;74;310;5;8;6;0;
16726;1996;11;30;18;1.004,7;11,2;10,8;17,6;11,2;95;170;5;8;3;11;
16726;1996;11;30;21;1.004,7;10;9,8;;;97;0;0;8;4;0,3;
16726;1996;12;1;0;1.004,2;7,8;7,6;;;97;0;0;8;3;0,3;
16726;1996;12;1;3;1.002,5;8,8;8,6;;;97;30;4;8;7;0,8;
16726;1996;12;1;6;1.001,5;10,8;10,6;11,2;7,4;97;150;7;5;8;7;
16726;1996;12;1;9;1.000,7;14,2;13,8;;;95;200;13;4;8;9;
16726;1996;12;1;12;1.000,4;14,6;12,6;;;79;150;7;8;8;5,3;
16726;1996;12;1;15;1.001,5;12,4;12;;;95;130;6;5;8;16,7;
16726;1996;12;1;18;1.002;12,8;11;15,6;10,8;79;150;16;5;8;37,8;
16726;1996;12;1;21;1.002,9;13;11,6;;;84;190;10;8;8;6,4;
16726;1996;12;2;0;1.003,9;12;10;;;76;220;8;8;7;0,3;
16726;1996;12;2;3;1.003,7;10,6;9,8;;;90;140;7;8;7;1,2;
16726;1996;12;2;6;1.004,7;10;9,4;14;10;92;150;5;8;7;7,9;
16726;1996;12;2;9;1.005,7;12,6;11;;;81;0;0;8;6;;
16726;1996;12;2;12;1.004,4;14;12,6;;;85;0;0;8;6;1,2;
16726;1996;12;2;15;1.004,5;12;11,4;;;93;50;5;8;4;5,7;
16726;1996;12;2;18;1.005;9,6;9,4;15;8;97;30;5;10;4;6,9;
16726;1996;12;2;21;1.005,4;10,2;10;;;97;0;0;6;8;6;
16726;1996;12;3;0;1.005;9,2;9;;;97;360;6;8;5;1;
16726;1996;12;3;3;1.004;8;7,8;;;97;40;6;8;5;;
16726;1996;12;3;6;1.004;8,6;8,4;10,4;8;97;360;4;10;7;7,5;
16726;1996;12;3;9;1.003,5;11,2;10,8;;;95;20;4;8;7;1,2;
16726;1996;12;3;12;1.002;11,6;11;;;93;0;0;6;8;1,1;
16726;1996;12;3;15;1.001,2;11;10,8;;;97;20;5;8;8;0,6;
16726;1996;12;3;18;1.001,7;10,6;9,8;12,2;8,4;90;30;12;8;8;2,9;
16726;1996;12;3;21;1.002,9;10,2;9,8;;;95;330;4;8;8;0,8;
16726;1996;12;4;0;1.004;9;8,4;;;92;350;5;10;3;;
16726;1996;12;4;3;1.005,5;8,4;7,4;;;86;0;0;10;1;;
16726;1996;12;4;6;1.009;8,6;7,6;11;8;87;30;13;10;1;0,8;
16726;1996;12;4;9;1.011,2;14;11;;;67;30;9;10;1;;
16726;1996;12;4;12;1.011,2;19;13;;;46;360;5;10;2;;
16726;1996;12;4;15;1.012,4;16,4;12,6;;;63;210;5;10;1;;
16726;1996;12;4;18;1.014;12,2;10,6;19,4;8,6;81;40;5;10;2;;
16726;1996;12;4;21;1.016,2;8,6;8,2;;;94;0;0;10;2;;
16726;1996;12;5;0;1.017;6,8;6,6;;;97;360;5;10;2;;
16726;1996;12;5;3;1.018;7,6;7;;;91;360;5;10;4;;
16726;1996;12;5;6;1.017,7;6,4;6,2;12,2;6,2;97;360;8;10;1;;
16726;1996;12;5;9;1.018;13,8;12;;;80;0;0;10;1;;
16726;1996;12;5;12;1.016,7;17,6;13,2;;;58;220;5;10;3;;
16726;1996;12;5;15;1.017;15,2;13,2;;;79;200;4;10;4;;
16726;1996;12;5;18;1.018;11,6;10,4;18,6;6;85;30;7;10;2;;
16726;1996;12;5;21;1.018;8,6;8,4;;;97;350;9;10;1;;
16726;1996;12;6;0;1.018,4;7,2;7;;;97;350;9;10;1;;
16726;1996;12;6;3;1.018,5;8;7,6;;;94;360;5;10;4;;
16726;1996;12;6;6;1.019,4;8,4;8;12;7,2;94;360;7;8;3;;
16726;1996;12;6;9;1.020,2;14,4;11,4;;;67;20;5;8;2;;
16726;1996;12;6;12;1.018,9;18;14;;;62;0;0;8;2;;
16726;1996;12;6;15;1.019,4;15;13;;;79;0;0;10;3;;
16726;1996;12;6;18;1.020,4;10;9,4;18,6;8;92;10;5;10;2;;
16726;1996;12;6;21;1.021,5;8,4;8;;;94;360;7;10;2;;
16726;1996;12;7;0;1.021,7;7;6,8;;;97;360;9;10;2;;
16726;1996;12;7;3;1.021,5;6,8;6,6;;;97;360;9;10;1;;
16726;1996;12;7;6;1.022,5;6;5,6;10;6;94;350;8;8;1;;
16726;1996;12;7;9;1.022,7;13,4;11,4;;;77;330;5;8;0;;
16726;1996;12;7;12;1.022;17,4;12,6;;;55;210;7;8;2;;
16726;1996;12;7;15;1.022,4;15,4;13,2;;;77;170;8;8;1;;
16726;1996;12;7;18;1.023,4;10,4;9,6;18,4;5,6;90;350;5;8;2;;
16726;1996;12;7;21;1.024,1;8,6;8,2;;;94;350;8;8;2;;
16726;1996;12;8;0;1.024,3;6,8;6,6;;;97;350;7;6;2;;
16726;1996;12;8;3;1.024;6,4;6,2;;;97;350;9;8;0;;
16726;1996;12;8;6;1.024,5;7,2;6,6;10,6;6;91;360;5;8;0;;
16726;1996;12;8;9;1.025,8;13,8;11,2;;;71;20;4;8;1;;
16726;1996;12;8;12;1.023,7;18;12,6;;;51;340;5;10;1;;
16726;1996;12;8;15;1.024,3;14,4;12;;;74;180;5;10;2;;
16726;1996;12;8;18;1.026;10;8,8;19;6;85;30;5;10;2;;
16726;1996;12;8;21;1.025,5;10;8;;;74;20;8;10;1;;
16726;1996;12;9;0;1.026;8;7;;;86;360;6;10;1;;
16726;1996;12;9;3;1.025,5;7,6;6,4;;;83;340;4;10;1;;
16726;1996;12;9;6;1.025,3;8,6;6,8;10;6,6;76;350;4;10;6;;
16726;1996;12;9;9;1.026,6;14,4;10,6;;;60;20;4;8;4;;
16726;1996;12;9;12;1.024,3;17,4;11,6;;;46;0;0;10;1;;
16726;1996;12;9;15;1.023,2;14,4;11,4;;;67;130;5;10;4;;
16726;1996;12;9;18;1.022,5;9,4;7,8;18;6,6;79;350;7;10;4;;
16726;1996;12;9;21;1.024;8;6,6;;;81;350;10;10;2;;
16726;1996;12;10;0;1.023,7;7,4;6,4;;;85;350;5;10;4;;
16726;1996;12;10;3;1.022,4;8;6,8;;;83;30;5;10;6;;
16726;1996;12;10;6;1.021,5;10,6;8,2;10,6;6;70;10;6;10;7;;
16726;1996;12;10;9;1.022,5;10,2;9,4;;;90;30;7;8;7;1,5;
16726;1996;12;10;12;1.020,7;13,4;11,2;;;75;90;4;8;8;0,5;
16726;1996;12;10;15;1.018,7;12,2;11,2;;;88;30;8;8;5;1;
16726;1996;12;10;18;1.019,4;10;9,4;13,4;9,4;92;330;4;8;6;3;
16726;1996;12;10;21;1.020;10;9,4;;;92;360;6;8;7;;
16726;1996;12;11;0;1.019,4;10;9;;;87;40;5;8;5;;
16726;1996;12;11;3;1.017,5;10;9,6;;;95;40;14;8;8;;
16726;1996;12;11;6;1.019;9,2;9,2;10;9;100;50;10;5;8;15,3;
16726;1996;12;11;9;1.017;8,8;7,8;;;87;360;8;10;7;2,3;
16726;1996;12;11;12;1.016,4;15;11,4;;;62;30;7;10;5;2,3;
16726;1996;12;11;15;1.015,9;12,4;10,8;;;81;40;4;8;7;0;
16726;1996;12;11;18;1.016,2;9,6;9,2;15;8,8;95;20;5;8;4;4,6;
16726;1996;12;11;21;1.017;8,4;8,2;;;97;0;0;10;4;;
16726;1996;12;12;0;1.016,7;6,8;6,6;;;97;350;7;10;2;;
16726;1996;12;12;3;1.016,2;5,6;5,4;;;97;350;7;10;1;;
16726;1996;12;12;6;1.017,7;5,2;5;15,2;5,2;97;0;0;10;2;;
16726;1996;12;12;9;1.018;11,6;10;;;81;0;0;10;5;;
16726;1996;12;12;12;1.016,4;15,6;12,4;;;66;360;5;10;6;;
16726;1996;12;12;15;1.016,2;15,4;11,6;;;61;40;7;10;5;;
16726;1996;12;12;18;1.017;9;8,4;16,2;5,2;92;340;5;10;1;;
16726;1996;12;12;21;1.018;6,4;6;;;94;360;6;10;1;;
16726;1996;12;13;0;1.017,7;5,6;5,4;;;97;360;8;10;1;;
16726;1996;12;13;3;1.017,7;5,2;5;;;97;360;8;10;1;;
16726;1996;12;13;6;1.017,7;4,2;4;9;4,2;97;350;10;10;2;;
16726;1996;12;13;9;1.018,5;10,4;9,4;;;87;0;0;10;4;;
16726;1996;12;13;12;1.016,5;15,6;11;;;53;0;0;10;2;;
16726;1996;12;13;15;1.015,9;15,2;11,6;;;63;0;0;10;1;;
16726;1996;12;13;18;1.016,7;7,6;7,2;17,4;4;94;360;5;10;0;;
16726;1996;12;13;21;1.017;5,8;5,4;;;94;350;5;10;0;;
16726;1996;12;14;0;1.016,7;5;4,6;;;94;360;6;10;0;;
16726;1996;12;14;3;1.016,2;5;4,6;;;94;20;6;10;1;;
16726;1996;12;14;6;1.016;6,4;6;8;4;94;0;0;10;7;;
16726;1996;12;14;9;1.016,7;13;11;;;77;0;0;10;6;;
16726;1996;12;14;12;1.014,5;17;14;;;70;200;6;10;5;;
16726;1996;12;14;15;1.013,7;15,8;13,6;;;77;210;7;8;7;0,3;
16726;1996;12;14;18;1.013,4;14,8;13,8;17,2;6,4;89;190;7;8;7;1,8;
16726;1996;12;14;21;1.013,2;13,2;12,6;;;93;210;4;8;4;;
16726;1996;12;15;0;1.012,5;14,8;13,2;;;83;230;6;8;6;;
16726;1996;12;15;3;1.011;10,6;10,4;;;97;0;0;10;3;;
16726;1996;12;15;6;1.011,4;10,6;10,2;15;10,2;95;0;0;8;8;;
16726;1996;12;15;9;1.011,2;14,6;13;;;83;140;12;4;8;0,2;
16726;1996;12;15;12;1.010;18;14;;;62;220;8;8;6;6,2;
16726;1996;12;15;15;1.010,2;15,4;13;;;75;330;5;8;7;0,1;
16726;1996;12;15;18;1.011;10,4;10;18;10,4;95;350;6;8;5;6,5;
16726;1996;12;15;21;1.011,7;9,6;9,4;;;97;360;5;10;5;;
16726;1996;12;16;0;1.012,2;8,2;8;;;97;350;5;10;4;;
16726;1996;12;16;3;1.012,5;8;7,8;;;97;350;8;10;3;;
16726;1996;12;16;6;1.014;7,4;7,4;10,4;7,2;100;0;0;8;2;;
16726;1996;12;16;9;1.015,7;14;13;;;89;350;4;8;2;;
16726;1996;12;16;12;1.015;18,6;14,4;;;61;350;5;10;2;;
16726;1996;12;16;15;1.015,9;17;14,4;;;74;200;4;10;2;;
16726;1996;12;16;18;1.018,4;13,2;12,2;19,6;7;88;20;5;10;6;;
16726;1996;12;16;21;1.020,2;10;9,6;;;95;360;5;10;2;;
16726;1996;12;17;0;1.020,7;8,6;8,2;;;94;360;6;10;3;;
16726;1996;12;17;3;1.021;8;7,8;;;97;360;6;10;4;;
16726;1996;12;17;6;1.021,4;8;7,8;13,6;8;97;20;6;10;2;;
16726;1996;12;17;9;1.022,2;15;12;;;68;30;5;10;2;;
16726;1996;12;17;12;1.021,2;18,2;14;;;61;190;4;10;3;;
16726;1996;12;17;15;1.020,4;16;13,8;;;77;0;0;10;5;;
16726;1996;12;17;18;1.020,7;10,6;10,2;18,6;8;95;350;5;10;3;;
16726;1996;12;17;21;1.020,7;9;8,8;;;97;0;0;10;4;;
16726;1996;12;18;0;1.019,2;9,8;9,6;;;97;0;0;10;5;;
16726;1996;12;18;3;1.017,7;10,4;9,8;;;92;0;0;10;6;;
16726;1996;12;18;6;1.017,7;10,8;10,4;11,4;9;95;30;4;2;8;3,3;
16726;1996;12;18;9;1.017,2;12;11,6;;;95;30;5;4;8;42,2;
16726;1996;12;18;12;1.013,4;15,4;14;;;85;190;20;2;8;27,4;
16726;1996;12;18;15;1.013;12;11,8;;;98;20;17;1;8;10;
16726;1996;12;18;18;1.012,7;9,8;9,8;16,4;9,2;100;300;7;8;4;85,5;
16726;1996;12;18;21;1.013,2;8,8;8,6;;;97;360;5;8;6;;
16726;1996;12;19;0;1.013;8,2;8,2;;;100;10;5;8;3;;
16726;1996;12;19;3;1.013;8;8;;;100;0;0;10;3;0,3;
16726;1996;12;19;6;1.013;6,6;6,4;10,4;6,4;97;350;5;10;2;0,3;
16726;1996;12;19;9;1.014,2;13,6;12,4;;;86;0;0;10;2;;
16726;1996;12;19;12;1.012,2;17,6;14;;;65;200;5;10;5;;
16726;1996;12;19;15;1.012,4;15;13,6;;;85;140;4;10;5;;
16726;1996;12;19;18;1.013,2;11,6;11,2;17,6;6,6;95;360;5;10;2;;
16726;1996;12;19;21;1.014,2;9;8,6;;;95;350;8;10;1;;
16726;1996;12;20;0;1.014,4;7,2;7,2;;;100;10;5;10;1;;
16726;1996;12;20;3;1.014;8,4;8,2;;;97;350;6;10;3;;
16726;1996;12;20;6;1.014,9;6,6;6,2;13;6,4;94;360;5;8;3;;
16726;1996;12;20;9;1.016,2;13,2;12;;;86;0;0;8;6;;
16726;1996;12;20;12;1.014;17;12,8;;;59;0;0;10;5;;
16726;1996;12;20;15;1.014;15,2;13,6;;;83;0;0;10;7;;
16726;1996;12;20;18;1.014,4;13,8;12,2;17,4;6,2;82;170;5;10;7;;
16726;1996;12;20;21;1.013,7;12,6;11,8;;;91;0;0;10;7;;
16726;1996;12;21;0;1.013;16,2;14,6;;;83;170;12;10;7;;
16726;1996;12;21;3;1.012;16,4;14,6;;;82;170;11;10;6;;
16726;1996;12;21;6;1.013;14,8;14,4;16,6;12;95;0;0;8;5;;
16726;1996;12;21;9;1.014,9;18,6;16;;;75;0;0;8;2;;
16726;1996;12;21;12;1.014,7;19;15;;;63;20;8;10;3;;
16726;1996;12;21;15;1.015,5;16,6;13,6;;;70;20;7;10;4;;
16726;1996;12;21;18;1.016,7;12,6;11,6;20;12,4;88;350;5;10;2;;
16726;1996;12;21;21;1.019;9,2;9;;;97;30;5;10;2;;
16726;1996;12;22;0;1.019,2;8,2;8;;;97;350;5;10;2;;
16726;1996;12;22;3;1.020;7,6;7,6;;;100;20;5;10;2;;
16726;1996;12;22;6;1.020,2;7,6;7,4;13;7;97;350;5;8;3;;
16726;1996;12;22;9;1.021,7;14;12,8;;;87;0;0;8;6;;
16726;1996;12;22;12;1.020,5;18,8;15;;;65;0;0;10;5;;
16726;1996;12;22;15;1.019,9;16,2;14,4;;;81;0;0;10;6;;
16726;1996;12;22;18;1.020,2;12,6;12;19,2;7,2;93;0;0;10;3;;
16726;1996;12;22;21;1.020,5;10,4;10,2;;;97;0;0;10;6;;
16726;1996;12;23;0;1.019,5;10,4;10,4;;;100;0;0;10;6;;
16726;1996;12;23;3;1.018;9,6;9,6;;;100;350;4;8;2;;
16726;1996;12;23;6;1.018;9,2;9;13,4;9,2;97;0;0;6;6;;
16726;1996;12;23;9;1.018,5;13,6;13,2;;;95;0;0;3;8;;
16726;1996;12;23;12;1.016,2;18;16;;;80;190;4;8;8;;
16726;1996;12;23;15;1.014,5;16,8;16;;;92;240;5;8;8;;
16726;1996;12;23;18;1.014,4;12,4;12,4;18,2;9,2;100;0;0;0,1;6;;
16726;1996;12;23;21;1.014;11;10,8;;;97;250;5;3;5;;
16726;1996;12;24;0;1.014;12,4;12,2;;;98;0;0;8;8;;
16726;1996;12;24;3;1.013,2;12,6;12,4;;;98;60;5;8;8;;
16726;1996;12;24;6;1.012,2;14,2;14;14,6;10,4;98;150;4;8;8;;
16726;1996;12;24;9;1.011,9;16;14,6;;;85;0;0;8;8;;
16726;1996;12;24;12;1.009,5;17,2;15;;;78;190;6;8;8;;
16726;1996;12;24;15;1.008,2;18,4;15,4;;;71;200;13;8;8;0,3;
16726;1996;12;24;18;1.007,7;16,4;15;19,4;14,2;85;180;12;7;8;0,3;
16726;1996;12;24;21;1.008;14;13,4;;;93;170;7;8;4;;
16726;1996;12;25;0;1.007,7;13,2;12,6;;;93;160;4;8;4;;
16726;1996;12;25;3;1.007;12;11,8;;;98;0;0;8;6;;
16726;1996;12;25;6;1.006,5;10,4;10,2;17,4;10,4;97;0;0;6;6;;
16726;1996;12;25;9;1.006,4;15,8;14,8;;;89;0;0;6;5;;
16726;1996;12;25;12;1.004,4;17,4;15,4;;;80;190;12;8;7;;
16726;1996;12;25;15;1.003;16,4;15;;;85;180;12;8;7;;
16726;1996;12;25;18;1.001,4;15,6;14,6;18,6;10;89;210;18;5;8;0,5;
16726;1996;12;25;21;1.003;10;9,4;;;92;0;0;10;8;10,1;
16726;1996;12;26;0;1.002,9;9,4;9,2;;;97;50;5;10;5;;
16726;1996;12;26;3;1.001,2;12;11;;;88;150;5;5;7;4,1;
16726;1996;12;26;6;1.001,2;13,2;11,8;16,2;9;84;0;0;8;6;14,5;
16726;1996;12;26;9;1.003;16;13,6;;;75;230;5;8;5;;
16726;1996;12;26;12;1.002,4;15,2;12,8;;;75;50;5;8;7;0,7;
16726;1996;12;26;15;1.002,4;13,2;12;;;86;0;0;10;6;0,4;
16726;1996;12;26;18;1.003;10;9,8;16,2;10;97;350;6;10;4;1,1;
16726;1996;12;26;21;1.003,7;8,8;8,6;;;97;0;0;10;7;;
16726;1996;12;27;0;1.003,5;9,2;9;;;97;360;5;10;8;0;
16726;1996;12;27;3;1.003;9,2;8,2;;;87;360;8;8;8;2,5;
16726;1996;12;27;6;1.003,9;7,4;6,4;10,6;7,4;85;360;14;8;8;3,1;
16726;1996;12;27;9;1.005,2;7,4;6,4;;;85;10;12;8;7;3,5;
16726;1996;12;27;12;1.003,7;8,4;5,8;;;65;360;10;10;7;0,3;
16726;1996;12;27;15;1.004,2;7,8;5;;;62;350;10;10;8;0;
16726;1996;12;27;18;1.004,2;7,8;5;9;7,4;62;90;25;8;8;4;
16726;1996;12;27;21;1.004,2;7,8;4,6;;;57;70;25;10;8;0,3;
16726;1996;12;28;0;1.004,7;8;5;;;59;50;15;10;8;0,4;
16726;1996;12;28;3;1.005;7;4,6;;;66;40;15;10;8;;
16726;1996;12;28;6;1.006,2;6;3,8;8,6;5,4;67;340;6;10;3;0,7;
16726;1996;12;28;9;1.007,7;10;6,2;;;52;50;15;10;1;;
16726;1996;12;28;12;1.008,7;12,4;7,6;;;47;360;7;10;2;;
16726;1996;12;28;15;1.011,2;10;6,6;;;58;360;7;10;5;;
16726;1996;12;28;18;1.013;5,2;3,8;12,4;5,2;78;360;4;10;1;;
16726;1996;12;28;21;1.014,9;5;3,6;;;78;20;4;10;7;;
16726;1996;12;29;0;1.015;4,6;3,6;;;84;340;6;10;6;;
16726;1996;12;29;3;1.015;5,2;4,2;;;84;20;5;10;7;;
16726;1996;12;29;6;1.015,5;5,6;4,6;5,8;3,4;85;20;4;10;8;;
16726;1996;12;29;9;1.016,2;7,8;7;;;89;20;5;7;8;;
16726;1996;12;29;12;1.015;10,8;9;;;78;0;0;7;8;;
16726;1996;12;29;15;1.013,7;9,2;8,6;;;92;340;5;6;8;0,7;
16726;1996;12;29;18;1.011,4;9,2;8,4;11;5;89;0;0;6;8;0,7;
16726;1996;12;29;21;1.012,2;13,4;11,4;;;77;200;8;8;8;0,7;
16726;1996;12;30;0;1.011;12,6;11,2;;;83;150;8;8;8;0,2;
16726;1996;12;30;3;1.010,2;12,6;11,8;;;91;210;7;6;8;2,6;
16726;1996;12;30;6;1.009,2;12,2;11,6;14,5;9;93;160;4;6;8;3,7;
16726;1996;12;30;9;1.010;15,6;14,2;;;85;180;7;8;5;;
16726;1996;12;30;12;1.009;17,2;13,2;;;61;210;10;10;4;;
16726;1996;12;30;15;1.009,4;15,2;12,6;;;73;220;7;10;5;;
16726;1996;12;30;18;1.010,5;11,8;10,8;17,6;11,8;88;170;4;10;2;;
16726;1996;12;30;21;1.011,5;12,6;11,8;;;91;200;5;10;3;;
16726;1996;12;31;0;1.012,4;12;11,4;;;93;0;0;10;4;;
16726;1996;12;31;3;1.011,9;10,6;10,4;;;97;160;4;10;7;2,3;
16726;1996;12;31;6;1.013;9,8;9,6;12,6;9,8;97;0;0;8;5;2,3;
16726;1996;12;31;9;1.015,2;13,6;12,6;;;89;0;0;8;6;;
16726;1996;12;31;12;1.014,9;17,6;15;;;74;200;13;8;3;;
16726;1996;12;31;15;1.016;16,2;14,6;;;83;220;9;8;2;;
16726;1996;12;31;18;1.018;13;12,6;17,6;9,8;95;0;0;8;2;;
16726;1996;12;31;21;1.019,4;10;10;;;100;300;4;8;1;;
16726;1997;1;1;0;1.020,2;8,8;8,8;;;100;20;5;6;1;;
16726;1997;1;1;3;1.020,5;7,8;7,8;;;100;10;5;8;1;;
16726;1997;1;1;6;1.021,7;6,8;6,6;18;6,8;97;0;0;10;3;;
16726;1997;1;1;9;1.023,2;14,6;12,4;;;76;0;0;10;2;;
16726;1997;1;1;12;1.022,9;17,6;14,4;;;68;200;5;10;2;;
16726;1997;1;1;15;1.022,9;16;14,4;;;83;210;4;10;2;;
16726;1997;1;1;18;1.023,9;12,4;12,2;18;6,5;98;0;0;9;3;;
16726;1997;1;1;21;1.023,9;9,4;9,2;;;97;0;0;3;1;;
16726;1997;1;2;0;1.023,9;7,4;7,4;;;100;340;5;6;1;;
16726;1997;1;2;3;1.023,9;6,2;6,2;;;100;350;7;8;0;;
16726;1997;1;2;6;1.024,8;5;5;13;5;100;350;4;8;0;;
16726;1997;1;2;9;1.024,3;12,6;11,6;;;88;0;0;8;0;;
16726;1997;1;2;12;1.023;17;13,4;;;64;200;4;10;2;;
16726;1997;1;2;15;1.023;15,6;13,6;;;79;0;0;10;3;;
16726;1997;1;2;18;1.023,4;9,6;9,4;17,4;5;97;0;0;10;1;;
16726;1997;1;2;21;1.023,4;7,2;7;;;97;30;6;10;1;;
16726;1997;1;3;0;1.022,4;8,4;8,2;;;97;330;5;8;4;;
16726;1997;1;3;3;1.021;6,8;6,6;;;97;0;0;8;2;;
16726;1997;1;3;6;1.022;7,8;7,6;9,8;5,8;97;10;6;8;6;;
16726;1997;1;3;9;1.022;13,2;11,8;;;84;0;0;8;3;;
16726;1997;1;3;12;1.019,2;16,6;13,2;;;66;0;0;10;7;;
16726;1997;1;3;15;1.018;14,8;13;;;80;0;0;10;6;;
16726;1997;1;3;18;1.018;10,8;10,4;17,8;7,8;95;0;0;10;6;;
16726;1997;1;3;21;1.018;8,8;8,6;;;97;0;0;10;2;;
16726;1997;1;4;0;1.017,5;8;8;;;100;20;7;10;0;;
16726;1997;1;4;3;1.016,5;8;8;;;100;340;5;10;0;;
16726;1997;1;4;6;1.016,2;7,6;7,4;11,5;7,6;97;20;4;8;2;;
16726;1997;1;4;9;1.015,7;17;14,6;;;76;200;15;10;2;;
16726;1997;1;4;12;1.013,7;17,8;15,8;;;80;200;15;10;3;;
16726;1997;1;4;15;1.013,2;15,8;14,6;;;87;190;15;10;4;;
16726;1997;1;4;18;1.013,2;16;14,2;18;7;81;160;12;10;7;;
16726;1997;1;4;21;1.013,4;16;14,8;;;87;200;8;8;7;;
16726;1997;1;5;0;1.013,2;14,6;14;;;93;0;0;8;5;;
16726;1997;1;5;3;1.013,4;9,8;9,6;;;97;350;4;8;1;;
16726;1997;1;5;6;1.014;7,4;7,2;16,2;7,4;97;350;5;8;1;;
16726;1997;1;5;9;1.015,5;14,2;12,8;;;85;0;0;8;2;;
16726;1997;1;5;12;1.014,5;18,4;13,6;;;56;80;5;8;2;;
16726;1997;1;5;15;1.014;16,8;12,6;;;59;20;4;10;4;;
16726;1997;1;5;18;1.015,4;9;8,2;18,4;7;89;350;5;10;4;;
16726;1997;1;5;21;1.016,4;6,2;6;;;97;30;4;10;4;;
16726;1997;1;6;0;1.015,7;5,8;5,4;;;94;350;7;10;2;;
16726;1997;1;6;3;1.015,7;6,2;6;;;97;350;8;10;2;;
16726;1997;1;6;6;1.015,7;5,2;5;10,4;5;97;350;8;10;4;;
16726;1997;1;6;9;1.016,2;12,8;10,6;;;75;40;7;8;1;;
16726;1997;1;6;12;1.014,7;16,6;12;;;55;150;7;10;5;;
16726;1997;1;6;15;1.014,7;14;11,2;;;69;190;5;10;7;;
16726;1997;1;6;18;1.015,2;9,2;8,4;17,6;5,2;89;350;4;10;5;;
16726;1997;1;6;21;1.015,7;7,6;7,2;;;94;340;7;10;3;;
16726;1997;1;7;0;1.014,5;8,4;7,4;;;86;10;6;10;6;;
16726;1997;1;7;3;1.013,7;8,6;7,6;;;87;360;6;10;6;;
16726;1997;1;7;6;1.013;8;7,2;10,2;7,6;89;330;6;10;6;;
16726;1997;1;7;9;1.012,5;11;9,4;;;80;350;5;10;7;;
16726;1997;1;7;12;1.009,4;14,4;11,4;;;67;0;0;8;8;;
16726;1997;1;7;15;1.009,2;11,4;10,8;;;93;340;5;6;8;9,1;
16726;1997;1;7;18;1.008,7;11;10,4;14,6;8;92;350;5;8;8;9,4;
16726;1997;1;7;21;1.007,7;9;8,8;;;97;30;6;8;7;;
16726;1997;1;8;0;1.006,5;9,8;9,6;;;97;0;0;8;8;0,1;
16726;1997;1;8;3;1.006,5;9,6;9,4;;;97;340;5;8;8;15,7;
16726;1997;1;8;6;1.006,4;8,4;8,4;11,6;8,4;100;0;0;8;4;16,5;
16726;1997;1;8;9;1.007,4;9,4;9;;;95;50;6;6;8;1,4;
16726;1997;1;8;12;1.006,5;12,8;10,6;;;75;40;8;8;6;0,9;
16726;1997;1;8;15;1.006,5;12,2;10,8;;;83;0;0;8;4;0,1;
16726;1997;1;8;18;1.008,7;7,8;7,6;14;7,8;97;360;6;10;1;2,4;
16726;1997;1;8;21;1.011,7;5,8;5;;;88;360;5;10;2;;
16726;1997;1;9;0;1.013;4,8;4;;;87;360;5;10;2;;
16726;1997;1;9;3;1.013;4,2;4;;;97;350;8;10;2;;
16726;1997;1;9;6;1.014,5;5,6;5,4;14;4,2;97;350;4;8;6;;
16726;1997;1;9;9;1.015,5;10,4;8,8;;;80;30;5;8;6;;
16726;1997;1;9;12;1.014,5;14,2;11,4;;;69;230;4;10;7;;
16726;1997;1;9;15;1.014;13,6;12,4;;;86;0;0;10;6;0,2;
16726;1997;1;9;18;1.014,5;11;10;16;5,6;88;0;0;8;5;0,2;
16726;1997;1;9;21;1.014,4;11;10,6;;;95;130;5;8;8;1;
16726;1997;1;10;0;1.013,7;10,4;10,2;;;97;0;0;8;7;1;
16726;1997;1;10;3;1.013,7;10,4;10,2;;;97;0;0;8;7;1;
16726;1997;1;10;6;1.014;12,8;12,4;13,5;10;95;140;7;8;7;3,4;
16726;1997;1;10;9;1.015,2;15,4;14,4;;;89;190;13;6;6;;
16726;1997;1;10;12;1.014,4;17;15;;;80;180;14;8;6;;
16726;1997;1;10;15;1.014;16,2;13,8;;;75;170;11;10;5;;
16726;1997;1;10;18;1.014,9;14,4;13;18;12,2;85;160;9;10;5;;
16726;1997;1;10;21;1.015;11,6;9,6;;;76;320;4;10;4;;
16726;1997;1;11;0;1.015;10,8;9;;;78;50;8;10;6;;
16726;1997;1;11;3;1.014,7;11,8;10,6;;;86;180;7;10;6;;
16726;1997;1;11;6;1.014,4;15;12;15,4;10,4;68;200;10;10;7;;
16726;1997;1;11;9;1.015,5;16,8;13,4;;;66;200;10;10;7;;
16726;1997;1;11;12;1.014;18,2;14,8;;;68;190;14;10;6;;
16726;1997;1;11;15;1.012,5;16,8;13,8;;;70;190;7;10;8;;
16726;1997;1;11;18;1.012,7;14,4;12,4;18,6;14,2;78;20;5;10;8;;
16726;1997;1;11;21;1.011,2;11,6;10,4;;;85;30;6;10;7;;
16726;1997;1;12;0;1.010,2;12,4;11;;;83;360;4;10;8;;
16726;1997;1;12;3;1.008,5;13;11,8;;;86;10;5;10;8;0,2;
16726;1997;1;12;6;1.008;13;11,6;15;11,6;84;320;5;8;8;1,9;
16726;1997;1;12;9;1.009;11,2;10,8;;;95;10;14;8;7;8,5;
16726;1997;1;12;12;1.006,5;13,6;12,2;;;84;0;0;8;7;0;
16726;1997;1;12;15;1.007,4;13,4;11,8;;;82;40;5;8;7;0,5;
16726;1997;1;12;18;1.009;11,6;10,2;16,4;10,8;83;20;9;8;8;9,8;
16726;1997;1;12;21;1.010,2;10,6;9,4;;;85;30;7;10;8;0,4;
16726;1997;1;13;0;1.010,9;9,4;9;;;95;20;7;10;8;3,9;
16726;1997;1;13;3;1.010,9;10;9,2;;;90;20;4;10;8;2,5;
16726;1997;1;13;6;1.011;9,6;8,8;13;9,4;90;350;8;10;5;6,8;
16726;1997;1;13;9;1.012,4;14;12;;;78;360;5;10;4;;
16726;1997;1;13;12;1.012;17,2;13,2;;;61;210;4;10;4;;
16726;1997;1;13;15;1.012,7;14,8;10,6;;;57;340;5;10;6;;
16726;1997;1;13;18;1.014,2;12,4;8,6;17,6;9,4;57;20;10;10;2;;
16726;1997;1;13;21;1.015,2;10;7,2;;;64;360;10;10;2;;
16726;1997;1;14;0;1.015;10,2;7,2;;;62;360;10;10;2;;
16726;1997;1;14;3;1.014,9;9,8;7;;;64;360;10;10;1;;
16726;1997;1;14;6;1.016;8;6;12,6;7;72;20;8;10;3;;
16726;1997;1;14;9;1.017;14;9,8;;;55;360;6;10;2;;
16726;1997;1;14;12;1.016;15,6;10,4;;;47;350;8;10;6;;
16726;1997;1;14;15;1.016,7;12,2;9,4;;;67;330;5;10;5;;
16726;1997;1;14;18;1.017,7;10,6;7,8;17;7,4;66;350;8;10;6;;
16726;1997;1;14;21;1.019;9,4;7;;;69;360;9;10;7;;
16726;1997;1;15;0;1.018,9;8,8;6,4;;;68;360;9;10;3;;
16726;1997;1;15;3;1.019;8,8;6;;;63;20;10;10;2;;
16726;1997;1;15;6;1.020,2;8;5,6;11;8;68;20;8;10;5;;
16726;1997;1;15;9;1.021,5;12;8;;;54;20;7;10;3;;
16726;1997;1;15;12;1.020,4;16;10;;;41;0;0;10;1;;
16726;1997;1;15;15;1.020,7;13,4;9,8;;;61;190;5;10;1;;
16726;1997;1;15;18;1.021,4;6,8;6;17;6,8;88;350;6;10;0;;
16726;1997;1;15;21;1.022;7,6;5,4;;;69;350;7;10;0;;
16726;1997;1;16;0;1.022;5,2;3,8;;;78;10;7;10;0;;
16726;1997;1;16;3;1.022,5;3,4;2,4;;;83;350;7;10;0;;
16726;1997;1;16;6;1.022,7;3;2;8,4;2;83;340;6;10;0;;
16726;1997;1;16;9;1.023,4;10,6;7;;;56;0;0;10;0;;
16726;1997;1;16;12;1.021,7;15,4;10,2;;;47;0;0;10;0;;
16726;1997;1;16;15;1.020,7;14;10,6;;;64;0;0;10;0;;
16726;1997;1;16;18;1.021,7;7,4;6,8;16,2;2,6;91;10;5;10;0;;
16726;1997;1;16;21;1.022,5;5;5;;;100;350;8;8;0;;
16726;1997;1;17;0;1.021,7;3,6;3,4;;;97;350;9;8;0;;
16726;1997;1;17;3;1.021,4;2,6;2,6;;;100;350;7;8;0;;
16726;1997;1;17;6;1.021;1,6;1,4;8;1,6;96;0;0;8;0;;
16726;1997;1;17;9;1.022;10;8,4;;;79;0;0;8;0;;
16726;1997;1;17;12;1.020,7;14,8;11,6;;;66;220;6;8;0;;
16726;1997;1;17;15;1.020,2;13,8;11,6;;;76;210;4;8;0;;
16726;1997;1;17;18;1.021,2;7,4;7;15,4;1,4;94;360;5;8;0;;
16726;1997;1;17;21;1.021,7;5,2;5;;;97;350;8;6;0;;
16726;1997;1;18;0;1.022,2;3,6;3,4;;;97;20;4;6;0;;
16726;1997;1;18;3;1.021,5;3,4;3,4;;;100;10;5;6;0;;
16726;1997;1;18;6;1.021,4;2,2;2;7,6;2,2;96;10;5;6;0;;
16726;1997;1;18;9;1.021,7;11;9,6;;;83;0;0;6;2;;
16726;1997;1;18;12;1.020,7;15,8;11;;;52;200;6;10;2;;
16726;1997;1;18;15;1.020,2;14,6;12,2;;;74;200;5;10;0;;
16726;1997;1;18;18;1.020,5;8,6;8,2;16,2;2,2;94;10;5;8;2;;
16726;1997;1;18;21;1.021,7;7,2;6,8;;;94;20;4;8;5;;
16726;1997;1;19;0;1.021,4;6,4;6;;;94;340;4;8;5;;
16726;1997;1;19;3;1.020,5;4,8;4,4;;;93;350;5;8;5;;
16726;1997;1;19;6;1.021;4,8;4,8;9,6;4,8;100;350;7;7;0;;
16726;1997;1;19;9;1.022;11,6;9,8;;;78;0;0;6;0;;
16726;1997;1;19;12;1.020,7;15,4;12,2;;;66;220;4;8;1;;
16726;1997;1;19;15;1.020,4;14,4;12,2;;;76;0;0;8;1;;
16726;1997;1;19;18;1.021;9;8,6;16,2;4,8;95;350;7;8;0;;
16726;1997;1;19;21;1.021,7;7,2;7;;;97;350;6;8;0;;
16726;1997;1;20;0;1.022;6,4;6,2;;;97;350;8;10;0;;
16726;1997;1;20;3;1.021,5;6,2;6;;;97;350;9;10;0;;
16726;1997;1;20;6;1.022,5;7,8;7,2;9;6;91;20;11;10;0;;
16726;1997;1;20;9;1.024,3;13;11;;;77;30;14;8;1;;
16726;1997;1;20;12;1.023;16,4;12,2;;;58;20;12;10;0;;
16726;1997;1;20;15;1.023,4;15;11,2;;;60;20;12;10;1;;
16726;1997;1;20;18;1.024,4;11;9,4;17;7,8;80;30;11;10;2;;
16726;1997;1;20;21;1.025,4;8,2;7,4;;;89;330;5;10;0;;
16726;1997;1;21;0;1.025,6;8,4;7,4;;;86;20;5;10;0;;
16726;1997;1;21;3;1.025,4;8,4;7,8;;;92;20;4;10;4;;
16726;1997;1;21;6;1.026;10,6;10;11,4;6,8;92;340;4;10;4;;
16726;1997;1;21;9;1.027;15,6;12,8;;;71;30;10;8;3;;
16726;1997;1;21;12;1.026;18,2;13,8;;;59;330;5;8;5;;
16726;1997;1;21;15;1.025,4;15,8;13,2;;;73;30;8;10;7;;
16726;1997;1;21;18;1.026,6;12;11;19,2;10,4;88;30;6;10;5;;
16726;1997;1;21;21;1.027,5;11,6;10,6;;;88;20;4;10;5;;
16726;1997;1;22;0;1.027,4;10;9,4;;;92;0;0;10;4;;
16726;1997;1;22;3;1.027,8;8,4;8;;;94;350;7;10;3;;
16726;1997;1;22;6;1.029;7,4;7,2;13,4;7;97;350;5;10;6;;
16726;1997;1;22;9;1.030,1;13,2;11,2;;;77;0;0;8;5;;
16726;1997;1;22;12;1.028,8;18,2;14,2;;;62;0;0;8;6;;
16726;1997;1;22;15;1.029;15,4;13;;;75;0;0;8;4;;
16726;1997;1;22;18;1.030;13;11;19;7,4;77;20;6;6;7;;
16726;1997;1;22;21;1.030,4;11,2;8,6;;;69;360;9;8;4;;
16726;1997;1;23;0;1.030;9,6;7;;;67;360;8;10;1;;
16726;1997;1;23;3;1.029;8;5,8;;;70;20;11;10;0;;
16726;1997;1;23;6;1.030;7,6;5,2;13,4;7;66;350;7;10;0;;
16726;1997;1;23;9;1.030,4;12,4;8,4;;;54;30;5;8;0;;
16726;1997;1;23;12;1.028,3;15,2;10,4;;;50;210;5;8;0;;
16726;1997;1;23;15;1.027,8;14,2;10,2;;;57;200;6;10;0;;
16726;1997;1;23;18;1.027,8;7,4;6,6;17;7,4;89;350;7;10;0;;
16726;1997;1;23;21;1.027,9;4,4;4;;;93;10;5;10;0;;
16726;1997;1;24;0;1.027,5;2,4;2;;;93;350;5;10;0;;
16726;1997;1;24;3;1.027;2,2;2;;;96;350;5;10;0;;
16726;1997;1;24;6;1.028,3;1;0,8;7,6;1;96;360;4;10;0;;
16726;1997;1;24;9;1.029,4;11;8,6;;;71;0;0;7;1;;
16726;1997;1;24;12;1.026,9;16;12;;;60;180;5;8;0;;
16726;1997;1;24;15;1.026;15,2;11,6;;;63;210;4;10;0;;
16726;1997;1;24;18;1.026,5;9;8,4;17,6;1;92;20;4;8;0;;
16726;1997;1;24;21;1.027;7,4;7,2;;;97;20;7;7;0;;
16726;1997;1;25;0;1.026,5;5,6;5,6;;;100;20;5;6;0;;
16726;1997;1;25;3;1.024,3;4,6;4,4;;;97;350;7;7;2;;
16726;1997;1;25;6;1.024,5;3,8;3,6;10,6;3,8;97;20;6;2;3;;
16726;1997;1;25;9;1.024,6;10,8;10,2;;;92;0;0;6;3;;
16726;1997;1;25;12;1.022,5;17,6;12,6;;;53;0;0;8;6;;
16726;1997;1;25;15;1.022;15;12,4;;;72;100;5;7;8;;
16726;1997;1;25;18;1.021,5;10,6;9,6;18,2;3,4;88;350;5;8;8;;
16726;1997;1;25;21;1.021;7,6;7,4;;;97;350;4;8;8;;
16726;1997;1;26;0;1.020,7;5,8;5,6;;;97;20;4;8;4;;
16726;1997;1;26;3;1.020,7;5;4,8;;;97;0;0;8;4;;
16726;1997;1;26;6;1.021,4;8,4;6;11,4;4,8;68;340;8;8;6;;
16726;1997;1;26;9;1.021,7;13;9;;;55;80;20;9;7;;
16726;1997;1;26;12;1.021,2;13,4;9;;;52;60;10;10;8;;
16726;1997;1;26;15;1.021;10,8;7;;;54;80;8;10;8;;
16726;1997;1;26;18;1.021;10;6;14;8,4;50;60;8;9;8;;
16726;1997;1;26;21;1.021,4;9,6;4;;;39;40;25;10;7;;
16726;1997;1;27;0;1.021;6,8;2,6;;;42;350;15;10;8;;
16726;1997;1;27;3;1.020,7;7;2,8;;;42;30;14;10;8;;
16726;1997;1;27;6;1.022,2;6;2,4;14;5,4;46;360;10;10;6;;
16726;1997;1;27;9;1.023,2;10;5;;;39;360;12;10;4;;
16726;1997;1;27;12;1.022,5;13,4;7,2;;;34;360;5;10;4;;
16726;1997;1;27;15;1.022,9;13;8;;;45;190;4;10;1;;
16726;1997;1;27;18;1.024,8;5,8;3,2;14,8;5,2;61;320;4;10;0;;
16726;1997;1;27;21;1.025,6;3,2;1,2;;;66;350;10;10;0;;
16726;1997;1;28;0;1.025,8;1,6;-0,2;;;70;360;7;10;0;;
16726;1997;1;28;3;1.026;0;-1,8;;;67;350;8;10;0;;
16726;1997;1;28;6;1.026,6;0;-1,6;7;0;70;350;8;10;0;;
16726;1997;1;28;9;1.027,3;10,4;5;;;35;30;5;10;0;;
16726;1997;1;28;12;1.025,6;14,2;7,6;;;33;210;5;10;0;;
16726;1997;1;28;15;1.025,4;13,2;9,6;;;61;180;10;10;1;;
16726;1997;1;28;18;1.026,1;8,2;7;14,4;-0,6;83;130;8;10;0;;
16726;1997;1;28;21;1.027,3;5;4,8;;;97;360;6;10;0;;
16726;1997;1;29;0;1.027;2;1,8;;;96;360;8;10;0;;
16726;1997;1;29;3;1.025,5;1,4;1,2;;;96;360;8;10;0;;
16726;1997;1;29;6;1.024,4;1;0,6;8,6;1;92;360;7;10;1;;
16726;1997;1;29;9;1.023,9;11,6;8;;;58;30;12;8;0;;
16726;1997;1;29;12;1.022;15,4;10;;;46;30;10;10;0;;
16726;1997;1;29;15;1.021,4;14;9,2;;;49;20;12;10;0;;
16726;1997;1;29;18;1.022,9;8,4;6,6;16;1;76;20;7;10;0;;
16726;1997;1;29;21;1.024;4,6;3,6;;;84;330;5;10;0;;
16726;1997;1;30;0;1.024,1;4,2;3,2;;;84;350;8;10;2;;
16726;1997;1;30;3;1.024,3;7,4;5,6;;;75;360;8;10;6;;
16726;1997;1;30;6;1.025,4;8,4;5,6;16;3,6;63;350;10;10;7;;
16726;1997;1;30;9;1.027;9;6,4;;;65;360;10;8;7;;
16726;1997;1;30;12;1.026,9;10;7,4;;;67;20;5;8;8;;
16726;1997;1;30;15;1.026,4;9,6;8,2;;;82;0;0;6;7;;
16726;1997;1;30;18;1.027,4;7,2;6,8;10,2;7,2;94;0;0;6;6;;
16726;1997;1;30;21;1.028,1;6,6;5,2;;;79;20;7;7;5;;
16726;1997;1;31;0;1.027,8;6;4,6;;;79;20;5;8;5;;
16726;1997;1;31;3;1.027,9;6,6;5;;;77;20;6;8;6;;
16726;1997;1;31;6;1.028,3;6,2;5;7,2;4,4;82;20;5;8;7;;
16726;1997;1;31;9;1.028,6;9;7;;;73;0;0;6;7;;
16726;1997;1;31;12;1.027,6;10,4;7,8;;;68;0;0;5;8;;
16726;1997;1;31;15;1.026,5;10,2;8;;;72;20;5;5;8;;
16726;1997;1;31;18;1.026;8,6;7,4;11,2;6,2;83;0;0;5;8;;
16726;1997;1;31;21;1.025,5;8;7,4;;;91;340;4;6;8;0,4;
16726;1997;2;1;0;1.024,5;7,4;7;;;94;0;0;6;8;;
16726;1997;2;1;3;1.023,2;7,2;7;;;97;40;4;7;7;;
16726;1997;2;1;6;1.022,7;6,4;6,2;9,6;6,4;97;30;8;7;4;0,4;
16726;1997;2;1;9;1.022,2;12,4;10;;;72;20;5;8;0;;
16726;1997;2;1;12;1.019,9;15,8;10,2;;;44;30;12;10;3;;
16726;1997;2;1;15;1.019,4;13,8;9,6;;;55;40;13;10;3;;
16726;1997;2;1;18;1.020;8,8;7,6;16,2;6,4;84;340;5;9;3;;
16726;1997;2;1;21;1.019,7;5,2;4,4;;;87;360;6;10;0;;
16726;1997;2;2;0;1.019,5;5;4,4;;;90;20;7;10;0;;
16726;1997;2;2;3;1.018,5;3,2;3;;;97;340;7;10;0;;
16726;1997;2;2;6;1.018;3,6;3,2;9;2,4;93;340;6;8;3;;
16726;1997;2;2;9;1.019,7;8,6;7,2;;;81;30;5;8;7;;
16726;1997;2;2;12;1.018,2;13;9;;;55;360;10;10;4;;
16726;1997;2;2;15;1.017,2;13;9;;;55;30;10;10;5;;
16726;1997;2;2;18;1.018,7;7,4;6;14;2,8;80;0;0;10;4;;
16726;1997;2;2;21;1.020;6;4,8;;;82;360;5;10;4;;
16726;1997;2;3;0;1.020,7;4,6;3,2;;;77;20;8;10;4;;
16726;1997;2;3;3;1.020,7;4,8;3,2;;;74;20;6;8;7;0,4;
16726;1997;2;3;6;1.022,5;2,6;1,6;8,4;2,6;83;0;0;10;5;0,4;
16726;1997;2;3;9;1.023,7;6,8;4,4;;;65;40;5;8;6;;
16726;1997;2;3;12;1.023,7;9;6;;;61;0;0;8;7;;
16726;1997;2;3;15;1.023,7;9,8;7,4;;;69;180;5;8;3;;
16726;1997;2;3;18;1.025,4;5,6;4,8;10,2;2,6;88;30;4;8;4;;
16726;1997;2;3;21;1.026,1;2,8;2,2;;;89;350;7;9;3;;
16726;1997;2;4;0;1.026,9;1,8;1;;;85;20;6;9;3;;
16726;1997;2;4;3;1.027,3;3,6;2,2;;;76;350;8;10;3;;
16726;1997;2;4;6;1.028,5;4;2,4;7,4;1,4;73;20;9;10;6;;
16726;1997;2;4;9;1.029,6;7,8;5;;;62;30;6;10;7;;
16726;1997;2;4;12;1.029;11,4;7,4;;;52;270;4;10;7;;
16726;1997;2;4;15;1.028,4;10,4;7,6;;;66;0;0;10;7;;
16726;1997;2;4;18;1.029,3;7,4;6,2;12;4;83;0;0;10;7;;
16726;1997;2;4;21;1.029,4;6,2;5,4;;;88;0;0;10;6;;
16726;1997;2;5;0;1.029;6,6;5,8;;;88;20;4;10;7;;
16726;1997;2;5;3;1.028,8;6,6;6,4;;;97;30;5;8;8;0,6;
16726;1997;2;5;6;1.028,1;6,6;6,4;12,2;4,4;97;30;4;4;8;1,2;
16726;1997;2;5;9;1.027,8;9,6;8,6;;;87;0;0;8;4;0,5;
16726;1997;2;5;12;1.026,1;13,2;10;;;64;210;5;8;6;;
16726;1997;2;5;15;1.025;11;9;;;75;20;5;10;7;;
16726;1997;2;5;18;1.025;7;6,4;13,6;6,4;91;340;5;10;3;0,5;
16726;1997;2;5;21;1.025;4;3,8;;;97;350;7;8;2;;
16726;1997;2;6;0;1.025,4;5,4;5;;;94;330;7;8;6;;
16726;1997;2;6;3;1.024,5;6;5,6;;;94;320;5;8;6;;
16726;1997;2;6;6;1.025,4;2,8;2,6;7;2,8;97;350;7;8;2;;
16726;1997;2;6;9;1.026,4;10,6;8,4;;;72;350;5;8;1;;
16726;1997;2;6;12;1.025,4;15;10,8;;;57;200;6;10;2;;
16726;1997;2;6;15;1.025;14;10,2;;;59;180;6;10;4;;
16726;1997;2;6;18;1.026,5;7,8;7;15,6;2,4;89;360;4;10;3;;
16726;1997;2;6;21;1.027,6;5,8;5,2;;;91;350;7;10;3;;
16726;1997;2;7;0;1.027,9;4,8;4,2;;;90;350;5;10;0;;
16726;1997;2;7;3;1.028;3,6;3,2;;;93;350;6;10;2;;
16726;1997;2;7;6;1.028,6;3;2,8;8,2;3;97;350;8;8;0;;
16726;1997;2;7;9;1.029,6;12,4;9,8;;;70;0;0;8;2;;
16726;1997;2;7;12;1.028,5;15,4;10;;;46;200;8;10;2;;
16726;1997;2;7;15;1.027,5;13,2;11,2;;;77;170;8;10;7;;
16726;1997;2;7;18;1.027,6;10,4;9,8;16,2;2,4;92;140;4;7;5;4,2;
16726;1997;2;7;21;1.028,6;8,6;6,2;;;68;360;5;8;8;8,5;
16726;1997;2;8;0;1.028,8;7,4;4,6;;;62;190;10;10;8;;
16726;1997;2;8;3;1.027,9;6,8;3,6;;;55;360;4;10;3;;
16726;1997;2;8;6;1.027,6;6,6;3,6;10,6;6,6;57;30;7;10;2;8,5;
16726;1997;2;8;9;1.028,1;8,8;4,8;;;48;40;14;10;6;;
16726;1997;2;8;12;1.027;9,4;5,6;;;52;20;11;10;6;;
16726;1997;2;8;15;1.025;10,8;6,4;;;46;60;10;10;6;;
16726;1997;2;8;18;1.025,4;9;5,4;10,8;6,6;53;80;9;10;7;;
16726;1997;2;8;21;1.025,3;7,4;4,6;;;62;30;10;10;3;;
16726;1997;2;9;0;1.025,3;8,2;5,2;;;59;40;10;10;2;;
16726;1997;2;9;3;1.023,9;6,8;4,2;;;62;20;12;10;2;;
16726;1997;2;9;6;1.024,1;7;4,2;11,6;5,4;60;20;10;10;2;;
16726;1997;2;9;9;1.025,4;14;8,8;;;45;0;0;10;1;;
16726;1997;2;9;12;1.024,5;15,2;10,2;;;49;180;6;10;1;;
16726;1997;2;9;15;1.024;15;10,8;;;57;180;6;10;1;;
16726;1997;2;9;18;1.026;8,8;7,6;16,2;7;84;120;5;10;0;;
16726;1997;2;9;21;1.026,6;5,6;4,8;;;88;350;8;10;0;;
16726;1997;2;10;0;1.026,6;3,8;3;;;87;350;9;10;0;;
16726;1997;2;10;3;1.026,5;2,8;1,8;;;83;20;5;10;0;;
16726;1997;2;10;6;1.027;0,8;0,4;9,4;0,8;92;350;7;10;1;;
16726;1997;2;10;9;1.027,5;12;8;;;54;0;0;10;2;;
16726;1997;2;10;12;1.026,6;16;10;;;41;180;5;10;1;;
16726;1997;2;10;15;1.026;14,6;11,4;;;65;190;6;10;0;;
16726;1997;2;10;18;1.026,5;8,6;7,6;16,4;0,8;87;330;4;10;0;;
16726;1997;2;10;21;1.026,6;5,2;5;;;97;350;8;10;0;;
16726;1997;2;11;0;1.026,5;4;3,8;;;97;20;5;10;0;;
16726;1997;2;11;3;1.026;3,2;3;;;97;10;7;10;0;;
16726;1997;2;11;6;1.026;3,6;3,2;8,6;3,2;93;350;7;10;2;;
16726;1997;2;11;9;1.026;12,8;10;;;68;350;4;8;0;;
16726;1997;2;11;12;1.024,5;16,8;12,2;;;55;200;5;10;0;;
16726;1997;2;11;15;1.023,5;15,2;12,2;;;68;180;4;10;0;;
16726;1997;2;11;18;1.024,5;10,6;9,2;17,4;3;82;30;7;8;0;;
16726;1997;2;11;21;1.025;7,4;7;;;94;350;7;8;0;;
16726;1997;2;12;0;1.025;5,8;5,4;;;94;340;6;8;0;;
16726;1997;2;12;3;1.024,4;5,2;5;;;97;350;7;8;0;;
16726;1997;2;12;6;1.023,9;4,6;4,2;11;4,4;93;350;8;8;0;;
16726;1997;2;12;9;1.024;14;10,8;;;65;360;5;8;0;;
16726;1997;2;12;12;1.023;16,4;12;;;56;40;10;8;1;;
16726;1997;2;12;15;1.021,5;15,4;11,6;;;61;30;13;8;1;;
16726;1997;2;12;18;1.022;11;9,4;16,4;4,6;80;30;7;8;2;;
16726;1997;2;12;21;1.022,5;7,2;6,8;;;94;340;8;8;1;;
16726;1997;2;13;0;1.022,2;6,4;6,2;;;97;350;7;8;3;;
16726;1997;2;13;3;1.021;7,4;7;;;94;340;4;7;5;;
16726;1997;2;13;6;1.020,7;7;6,6;11,6;5,6;94;340;7;2;7;;
16726;1997;2;13;9;1.020,7;10,4;9;;;82;30;5;5;8;;
16726;1997;2;13;12;1.019,2;13,4;10,8;;;71;0;0;6;8;;
16726;1997;2;13;15;1.017,7;13;10,6;;;73;50;7;7;7;;
16726;1997;2;13;18;1.017,4;10,6;9,8;14,2;7;90;0;0;7;7;;
16726;1997;2;13;21;1.017;10;9,6;;;95;0;0;8;7;;
16726;1997;2;14;0;1.015,5;11,2;10;;;85;180;5;8;6;;
16726;1997;2;14;3;1.013,4;11,8;11;;;90;180;5;8;6;;
16726;1997;2;14;6;1.012,7;12,4;11,6;12,6;10;91;0;0;5;6;;
16726;1997;2;14;9;1.013;16,2;13,6;;;74;270;5;8;6;;
16726;1997;2;14;12;1.012,2;18;13;;;53;310;9;10;6;;
16726;1997;2;14;15;1.011,7;18;13,2;;;55;300;7;10;6;;
16726;1997;2;14;18;1.012,7;14,2;11,8;19;12,4;74;0;0;10;6;;
16726;1997;2;14;21;1.013,7;10,2;9,4;;;90;0;0;10;3;;
16726;1997;2;15;0;1.014;8,2;7,8;;;94;350;5;10;3;;
16726;1997;2;15;3;1.013,7;7,2;7;;;97;10;4;10;1;;
16726;1997;2;15;6;1.014,5;6,6;6,4;14,6;6;97;30;5;8;3;;
16726;1997;2;15;9;1.015,5;14,6;12,4;;;76;0;0;8;7;;
16726;1997;2;15;12;1.014,2;16,2;12,8;;;66;190;4;8;7;;
16726;1997;2;15;15;1.013,5;16,2;12,8;;;66;180;7;10;6;;
16726;1997;2;15;18;1.014,2;13;11,4;18,6;6;81;280;4;10;4;;
16726;1997;2;15;21;1.014,9;9,2;8,6;;;92;330;4;9;4;;
16726;1997;2;16;0;1.014,9;10,8;10,4;;;95;0;0;8;8;;
16726;1997;2;16;3;1.014;10,8;10,4;;;95;0;0;8;8;;
16726;1997;2;16;6;1.013,7;10,4;10,2;13;9,2;97;30;4;3;7;;
16726;1997;2;16;9;1.014,5;12;11,6;;;95;180;10;3;8;0,5;
16726;1997;2;16;12;1.012,4;16,6;14,6;;;80;200;14;10;6;;
16726;1997;2;16;15;1.011;15,4;14,2;;;87;190;10;10;7;;
16726;1997;2;16;18;1.009,4;13,6;12,8;17;10,4;91;30;9;10;7;0,5;
16726;1997;2;16;21;1.008,2;11,4;10,5;;;88;360;7;10;3;;
16726;1997;2;17;0;1.007,7;10,8;9,8;;;88;30;5;10;5;;
16726;1997;2;17;3;1.007,5;12,2;11,6;;;93;160;5;10;3;;
16726;1997;2;17;6;1.009;11;10,4;13,6;10,2;92;20;6;8;6;;
16726;1997;2;17;9;1.011,9;14;13;;;89;160;4;4;7;0,2;
16726;1997;2;17;12;1.012,2;17;14;;;70;340;4;8;5;0,1;
16726;1997;2;17;15;1.013,4;14,6;12,8;;;80;300;5;8;5;0,8;
16726;1997;2;17;18;1.015,5;11,2;10,2;17,6;11;88;350;6;10;4;1,1;
16726;1997;2;17;21;1.018,2;9,4;8,4;;;87;10;5;10;3;;
16726;1997;2;18;0;1.019,2;7,4;6,6;;;89;350;7;10;2;;
16726;1997;2;18;3;1.018,5;8;7;;;86;20;8;10;4;;
16726;1997;2;18;6;1.018,9;9,6;8,4;12;7,4;84;30;8;8;8;;
16726;1997;2;18;9;1.020;10,4;9,8;;;92;10;4;5;8;0,1;
16726;1997;2;18;12;1.019,4;10,8;10;;;90;40;6;4;8;2,3;
16726;1997;2;18;15;1.019,4;10;9,8;;;97;360;4;2;8;5;
16726;1997;2;18;18;1.020,2;8,6;8,2;11;8,6;94;30;8;5;7;8,6;
16726;1997;2;18;21;1.020,7;8;7,2;;;89;30;5;6;8;0,6;
16726;1997;2;19;0;1.020,5;7,6;7,2;;;94;350;5;6;8;0,5;
16726;1997;2;19;3;1.019,9;7,8;7;;;89;30;5;8;8;;
16726;1997;2;19;6;1.019;7,4;7;9,4;7,4;94;0;0;8;6;2,6;
16726;1997;2;19;9;1.019;12;10,6;;;83;350;6;8;4;;
16726;1997;2;19;12;1.016,2;13,2;11,8;;;84;180;5;6;7;0,3;
16726;1997;2;19;15;1.014,5;12;9,2;;;67;50;7;10;6;0,1;
16726;1997;2;19;18;1.012,7;9,6;9;14,4;7,4;92;0;0;10;6;0,4;
16726;1997;2;19;21;1.011,9;7,8;7,4;;;94;360;7;6;8;5,1;
16726;1997;2;20;0;1.010,9;7,6;7;;;91;20;12;8;8;3,4;
16726;1997;2;20;3;1.012;9,2;6,2;;;61;40;10;10;7;0,1;
16726;1997;2;20;6;1.015,4;7;5;11;7;71;30;10;10;3;8,6;
16726;1997;2;20;9;1.017;11,6;7,4;;;50;50;8;10;2;;
16726;1997;2;20;12;1.017,7;11,4;7;;;48;50;10;10;5;;
16726;1997;2;20;15;1.017,4;11,2;7,4;;;54;50;5;10;7;;
16726;1997;2;20;18;1.019,4;7,8;5,4;13,6;7;66;20;6;10;3;;
16726;1997;2;20;21;1.020,7;4,4;3;;;77;20;5;10;0;;
16726;1997;2;21;0;1.021,4;3,4;2;;;76;20;5;10;0;;
16726;1997;2;21;3;1.021,7;2,4;1;;;75;340;5;10;0;;
16726;1997;2;21;6;1.022;1,6;0,2;8;1;74;350;8;10;0;;
16726;1997;2;21;9;1.023;12;6,4;;;36;30;7;10;0;;
16726;1997;2;21;12;1.021,7;15;8;;;30;340;12;10;0;;
16726;1997;2;21;15;1.021,5;14,6;8;;;33;340;11;10;1;;
16726;1997;2;21;18;1.023,9;9,2;5,4;15,6;0,8;51;350;6;10;1;;
16726;1997;2;21;21;1.026;5,4;3,2;;;66;360;5;10;0;;
16726;1997;2;22;0;1.026,6;2;1;;;82;350;10;10;0;;
16726;1997;2;22;3;1.026,5;0,8;0;;;85;350;7;10;0;;
16726;1997;2;22;6;1.027;1,2;0,2;9,4;0,8;81;350;9;10;1;;
16726;1997;2;22;9;1.027,5;13,4;7,6;;;39;10;7;10;0;;
16726;1997;2;22;12;1.026;17,4;9,6;;;30;30;10;10;0;;
16726;1997;2;22;15;1.025,3;16;10;;;41;40;13;10;1;;
16726;1997;2;22;18;1.026,1;11,4;8;18;1,2;60;30;12;10;0;;
16726;1997;2;22;21;1.026;6,8;5,6;;;83;350;10;10;0;;
16726;1997;2;23;0;1.025,6;6,2;5;;;82;350;10;10;0;;
16726;1997;2;23;3;1.024;7;6;;;85;20;7;10;0;;
16726;1997;2;23;6;1.023,7;7;5,6;11,4;5;80;350;8;10;0;;
16726;1997;2;23;9;1.024,4;15;12;;;68;30;12;10;0;;
16726;1997;2;23;12;1.023,9;17;13;;;61;210;8;10;1;;
16726;1997;2;23;15;1.022,5;16;12,4;;;63;190;7;10;1;;
16726;1997;2;23;18;1.023,5;11,2;9,6;18;7;81;360;4;10;0;;
16726;1997;2;23;21;1.023,7;8,6;8;;;92;350;7;10;0;;
16726;1997;2;24;0;1.023,7;6,2;5,8;;;94;360;5;10;0;;
16726;1997;2;24;3;1.023,2;4,4;4,2;;;97;350;8;10;0;;
16726;1997;2;24;6;1.023,5;4,8;4,6;12,6;4,4;97;360;5;8;0;;
16726;1997;2;24;9;1.024,1;15;12,6;;;75;0;0;8;0;;
16726;1997;2;24;12;1.024,1;16,6;13;;;64;190;10;8;2;;
16726;1997;2;24;15;1.025;14,8;12,4;;;74;180;8;8;5;;
16726;1997;2;24;18;1.026;13,8;12;17,4;4,8;80;280;6;6;7;;
16726;1997;2;24;21;1.027,5;10,4;9,6;;;90;10;5;6;1;;
16726;1997;2;25;0;1.027,9;9;8,4;;;92;20;4;6;6;;
16726;1997;2;25;3;1.027,5;10,6;9,4;;;85;0;0;6;5;;
16726;1997;2;25;6;1.027,8;8,4;7,8;14,4;8;92;360;7;6;1;;
16726;1997;2;25;9;1.028,1;15,4;12,4;;;68;340;4;8;2;;
16726;1997;2;25;12;1.026,6;15,4;12,6;;;71;200;9;8;3;;
16726;1997;2;25;15;1.026;15,8;13,2;;;73;140;5;8;6;;
16726;1997;2;25;18;1.026,5;12,2;10,4;18;8,4;78;40;10;8;3;;
16726;1997;2;25;21;1.027,4;9;8,4;;;92;360;5;10;1;;
16726;1997;2;26;0;1.027;8,4;8;;;94;360;5;10;1;;
16726;1997;2;26;3;1.025,5;7,2;7;;;97;20;5;10;2;;
16726;1997;2;26;6;1.025,5;7,2;7;12,2;5,8;97;340;6;8;1;;
16726;1997;2;26;9;1.024,5;15,4;12,4;;;68;20;13;8;1;;
16726;1997;2;26;12;1.022,9;18,4;13,6;;;56;20;8;10;2;;
16726;1997;2;26;15;1.022;17,4;13;;;58;30;13;10;4;;
16726;1997;2;26;18;1.022,2;12,6;11,4;19,4;7;86;20;10;8;4;;
16726;1997;2;26;21;1.021,7;12,2;11,2;;;88;360;6;10;3;;
16726;1997;2;27;0;1.021,2;9,8;9,4;;;95;310;5;10;2;;
16726;1997;2;27;3;1.019,2;9;8,8;;;97;350;4;10;0;;
16726;1997;2;27;6;1.018,7;6,4;6,4;14,4;6,4;100;20;7;8;0;;
16726;1997;2;27;9;1.018;15,6;13;;;73;0;0;8;2;;
16726;1997;2;27;12;1.016,4;17,4;14,6;;;73;200;12;10;2;;
16726;1997;2;27;15;1.014;16,4;14,4;;;79;170;10;8;2;;
16726;1997;2;27;18;1.013,4;13;12,2;18;6,4;91;200;7;8;1;;
16726;1997;2;27;21;1.013,4;10,4;9,8;;;92;160;4;8;2;;
16726;1997;2;28;0;1.013;9,6;9,2;;;95;0;0;6;2;;
16726;1997;2;28;3;1.011,9;10,2;9,2;;;87;270;6;8;7;;
16726;1997;2;28;6;1.012,2;10;9;14;8;87;140;6;8;7;0,8;
16726;1997;2;28;9;1.013,7;12;10,6;;;83;170;5;8;6;1,3;
16726;1997;2;28;12;1.013,4;13,2;11;;;75;180;14;8;6;2,4;
16726;1997;2;28;15;1.013;12,4;10,4;;;76;180;11;8;6;0;
16726;1997;2;28;18;1.015;10,2;9,4;14;10;90;50;8;8;7;4,3;
16726;1997;2;28;21;1.016,2;10;7;;;62;350;8;10;3;0,1;
16726;1997;3;1;0;1.017,2;10,4;7;;;58;90;5;10;4;;
16726;1997;3;1;3;1.017,7;10,2;6,6;;;56;30;14;10;4;;
16726;1997;3;1;6;1.018,7;10;6,2;11,2;10;52;10;13;10;2;0,1;
16726;1997;3;1;9;1.020,7;13,6;8,4;;;44;50;12;10;3;;
16726;1997;3;1;12;1.020,4;14,6;9;;;42;70;11;10;6;;
16726;1997;3;1;15;1.021;11,4;7,8;;;58;340;8;10;6;;
16726;1997;3;1;18;1.022;9,4;6;15,8;8,6;56;10;7;10;5;;
16726;1997;3;1;21;1.022,5;8,8;5,4;;;55;10;9;10;4;;
16726;1997;3;2;0;1.022;8,4;5,4;;;59;330;6;10;6;;
16726;1997;3;2;3;1.021;9,6;6,2;;;56;80;6;10;7;;
16726;1997;3;2;6;1.021;8,6;5,4;10;7,2;57;20;8;10;6;;
16726;1997;3;2;9;1.022;13,6;8,6;;;47;40;10;10;3;;
16726;1997;3;2;12;1.020,7;16,8;10,8;;;43;0;0;10;3;;
16726;1997;3;2;15;1.019,7;15,2;10,6;;;53;160;7;10;4;;
16726;1997;3;2;18;1.021,2;12,4;9,6;17,2;8,6;68;110;4;10;5;;
16726;1997;3;2;21;1.022,4;10,8;7;;;54;20;12;10;4;;
16726;1997;3;3;0;1.022;12,4;7;;;40;40;18;10;3;;
16726;1997;3;3;3;1.021;10,8;6,2;;;45;30;4;10;4;;
16726;1997;3;3;6;1.021,2;10,6;5,8;17,2;8,2;43;30;6;10;6;;
16726;1997;3;3;9;1.022;15,6;9;;;35;30;5;10;2;;
16726;1997;3;3;12;1.021,5;19;13;;;46;190;9;10;1;;
16726;1997;3;3;15;1.021;16,6;12;;;55;220;5;10;1;;
16726;1997;3;3;18;1.022,7;9,6;8,4;20,8;9,6;84;0;0;10;0;;
16726;1997;3;3;21;1.023,5;7,2;5,2;;;71;0;0;10;0;;
16726;1997;3;4;0;1.023,2;7,8;4;;;48;30;5;10;0;;
16726;1997;3;4;3;1.023,7;5,4;2,8;;;61;0;0;10;0;;
16726;1997;3;4;6;1.024,5;4,6;2,6;9,6;3,4;69;350;6;10;0;;
16726;1997;3;4;9;1.025,4;17;11,6;;;49;190;5;10;0;;
16726;1997;3;4;12;1.024,6;19;12;;;38;180;7;10;0;;
16726;1997;3;4;15;1.024;17,8;11,6;;;44;170;10;10;0;;
16726;1997;3;4;18;1.025;10,8;8,8;19,4;2,4;75;20;5;10;0;;
16726;1997;3;4;21;1.025,8;6,4;5,4;;;85;360;8;10;0;;
16726;1997;3;5;0;1.024,8;5;3,6;;;78;340;6;10;0;;
16726;1997;3;5;3;1.023,9;4,2;3;;;80;350;4;10;0;;
16726;1997;3;5;6;1.023,4;5;3,6;11;4;78;0;0;10;0;;
16726;1997;3;5;9;1.023,2;17,8;12;;;46;0;0;10;0;;
16726;1997;3;5;12;1.021,7;18;12,8;;;52;200;6;10;1;;
16726;1997;3;5;15;1.020;18;13,8;;;61;230;5;10;1;;
16726;1997;3;5;18;1.020,2;11,8;11;19,4;5;90;0;0;10;0;;
16726;1997;3;5;21;1.020,5;7,8;7,6;;;97;360;6;10;0;;
16726;1997;3;6;0;1.019,7;6;5,6;;;94;360;5;10;0;;
16726;1997;3;6;3;1.019;5,8;5,6;;;97;360;5;10;1;;
16726;1997;3;6;6;1.019,9;7;6,8;13;5,2;97;340;4;8;5;;
16726;1997;3;6;9;1.021;15;12;;;68;0;0;8;5;;
16726;1997;3;6;12;1.020,4;17,4;13,8;;;65;210;7;8;3;;
16726;1997;3;6;15;1.020,2;15,4;12,8;;;73;210;12;8;4;;
16726;1997;3;6;18;1.021,5;14;11,8;17,6;7;76;240;9;7;7;;
16726;1997;3;6;21;1.023,4;13,4;11,2;;;75;10;5;8;7;;
16726;1997;3;7;0;1.024,1;10;8,8;;;85;360;7;10;2;;
16726;1997;3;7;3;1.024,1;8,2;6,6;;;78;350;4;10;1;;
16726;1997;3;7;6;1.025,4;8;6;14,6;8;72;350;5;10;1;;
16726;1997;3;7;9;1.025,6;15,2;9;;;38;20;5;10;1;;
16726;1997;3;7;12;1.025,5;16;11;;;50;200;8;10;2;;
16726;1997;3;7;15;1.024;14,6;9,6;;;49;220;10;10;3;;
16726;1997;3;7;18;1.024,6;11,6;9;17;8;69;330;5;10;4;;
16726;1997;3;7;21;1.024,6;9,2;8,2;;;87;0;0;10;3;;
16726;1997;3;8;0;1.023,7;6;5,6;;;94;0;0;10;0;;
16726;1997;3;8;3;1.022,7;5;4,6;;;94;340;6;10;0;;
16726;1997;3;8;6;1.021,7;5,4;5;12,2;4,4;94;20;4;10;6;;
16726;1997;3;8;9;1.021,5;12;10;;;76;0;0;8;8;;
16726;1997;3;8;12;1.020;15,6;12,4;;;66;210;7;6;5;;
16726;1997;3;8;15;1.019;14;11;;;67;270;5;6;8;;
16726;1997;3;8;18;1.020,5;8,4;8,2;16;5,4;97;0;0;5;8;4,2;
16726;1997;3;8;21;1.020,5;8;7,8;;;97;360;5;6;6;;
16726;1997;3;9;0;1.020;9;6,6;;;69;350;10;8;6;;
16726;1997;3;9;3;1.019,4;9;6,4;;;65;40;12;10;6;0,2;
16726;1997;3;9;6;1.020,2;8,8;6,6;10;8;71;360;4;10;8;0,2;
16726;1997;3;9;9;1.020,7;11;7,4;;;56;0;0;10;8;;
16726;1997;3;9;12;1.019,7;11,8;8,4;;;60;340;8;10;8;;
16726;1997;3;9;15;1.019,4;11,6;7,8;;;56;360;12;10;8;0;
16726;1997;3;9;18;1.019,7;11,2;7,8;12,6;8,8;60;50;10;10;8;0;
16726;1997;3;9;21;1.020,2;11,2;7;;;50;20;13;10;8;;
16726;1997;3;10;0;1.020,5;11,2;7,4;;;54;20;16;10;8;;
16726;1997;3;10;3;1.019,5;10,4;7;;;58;30;24;10;5;;
16726;1997;3;10;6;1.019,7;10,8;7,4;13,4;10;58;30;12;10;4;;
16726;1997;3;10;9;1.019,7;15;10;;;49;50;7;10;2;;
16726;1997;3;10;12;1.018;16,2;10,6;;;46;50;13;10;4;;
16726;1997;3;10;15;1.016,7;14;9;;;47;40;15;10;4;;
16726;1997;3;10;18;1.018;11;6,8;17;10,8;50;40;20;10;5;;
16726;1997;3;10;21;1.018;9,6;5,8;;;52;60;20;10;4;;
16726;1997;3;11;0;1.017,7;9,2;5,2;;;48;160;5;10;6;;
16726;1997;3;11;3;1.016,7;9,6;5,6;;;50;40;5;10;6;;
16726;1997;3;11;6;1.016,4;10;6;11;8,8;50;60;20;10;7;;
16726;1997;3;11;9;1.018;10,8;7;;;54;20;20;10;8;;
16726;1997;3;11;12;1.017,7;12;8,4;;;58;20;17;10;7;;
16726;1997;3;11;15;1.018,9;11;9;;;75;350;7;7;7;0,5;
16726;1997;3;11;18;1.019,7;10;8,4;13;9,8;79;0;0;6;8;1,2;
16726;1997;3;11;21;1.020,2;11;8,8;;;73;100;6;8;7;0,8;
16726;1997;3;12;0;1.020,7;11,4;9,2;;;73;20;23;10;5;;
16726;1997;3;12;3;1.020;10,4;7,4;;;62;10;20;10;7;;
16726;1997;3;12;6;1.020,5;11,2;7,6;12;9,8;58;320;6;10;6;0,8;
16726;1997;3;12;9;1.021,5;15,4;10;;;46;20;10;10;5;;
16726;1997;3;12;12;1.021;19;12,6;;;44;10;6;10;1;;
16726;1997;3;12;15;1.020,2;18,4;12,2;;;44;350;7;10;1;;
16726;1997;3;12;18;1.021,7;11,2;8,4;19;11;66;20;10;10;0;;
16726;1997;3;12;21;1.022,5;7,4;5,6;;;75;350;8;10;0;;
16726;1997;3;13;0;1.022,5;5,8;4,2;;;76;350;7;10;0;;
16726;1997;3;13;3;1.021,7;5;3,2;;;71;350;9;10;0;;
16726;1997;3;13;6;1.021;5,8;3,4;12;4;63;360;8;8;2;;
16726;1997;3;13;9;1.021,2;14,8;8,8;;;39;0;0;8;2;;
16726;1997;3;13;12;1.019,5;16;11;;;50;180;10;10;2;;
16726;1997;3;13;15;1.018,9;15,2;12;;;66;170;10;10;3;;
16726;1997;3;13;18;1.018,9;9,8;8,4;16,6;5,8;82;10;5;10;3;;
16726;1997;3;13;21;1.018,5;6,8;6,4;;;94;350;6;10;0;;
16726;1997;3;14;0;1.017,4;4,4;4;;;93;350;8;10;0;;
16726;1997;3;14;3;1.016,2;4,2;3,4;;;87;0;0;10;0;;
16726;1997;3;14;6;1.016,2;3,6;3;11,4;2,4;90;360;4;8;1;;
16726;1997;3;14;9;1.016,4;14,6;10;;;52;150;4;8;1;;
16726;1997;3;14;12;1.015,4;16,6;12;;;55;180;7;10;2;;
16726;1997;3;14;15;1.013,5;16,8;13;;;63;170;6;10;2;;
16726;1997;3;14;18;1.014;12,2;9,6;17,4;3,6;70;20;8;10;3;;
16726;1997;3;14;21;1.014;9,4;8,2;;;84;350;6;10;3;;
16726;1997;3;15;0;1.014;7,4;7,2;;;97;350;5;10;2;;
16726;1997;3;15;3;1.013,7;6,4;6;;;94;350;7;10;2;;
16726;1997;3;15;6;1.014;5;4,8;14,4;5;97;360;7;7;6;;
16726;1997;3;15;9;1.014;16,4;11,8;;;55;120;4;10;2;;
16726;1997;3;15;12;1.014;16,6;13;;;64;200;10;10;4;;
16726;1997;3;15;15;1.014;15,2;12;;;66;190;8;8;7;;
16726;1997;3;15;18;1.014,4;11,8;11,2;18;5;93;350;4;8;7;0,9;
16726;1997;3;15;21;1.015,2;8,2;7,6;;;92;360;4;8;1;;
16726;1997;3;16;0;1.015,4;6;5,8;;;97;340;8;8;1;;
16726;1997;3;16;3;1.014,9;5,2;4,8;;;94;350;6;8;1;;
16726;1997;3;16;6;1.015,4;5,8;5,2;12;5;91;350;8;8;0;;
16726;1997;3;16;9;1.016;16,6;12;;;55;50;4;8;1;;
16726;1997;3;16;12;1.014,9;18,4;13,4;;;53;210;11;8;4;;
16726;1997;3;16;15;1.013,5;18,6;13;;;49;30;13;10;2;;
16726;1997;3;16;18;1.014,9;13;11;19;5;77;20;8;8;3;;
16726;1997;3;16;21;1.015,5;10,4;9,4;;;87;360;5;8;3;;
16726;1997;3;17;0;1.015,5;7,4;7;;;94;360;7;7;2;;
16726;1997;3;17;3;1.015;6,4;6,2;;;97;0;0;7;0;;
16726;1997;3;17;6;1.015,4;6,6;6,2;13,2;6;94;0;0;5;1;;
16726;1997;3;17;9;1.016;17;12,6;;;58;150;6;8;3;;
16726;1997;3;17;12;1.014,7;18;13,8;;;61;170;7;10;3;;
16726;1997;3;17;15;1.013,7;20;12,6;;;38;360;6;10;2;;
16726;1997;3;17;18;1.014,5;14,6;11,4;20;6,6;65;20;9;10;1;;
16726;1997;3;17;21;1.015;10,4;9,4;;;87;0;0;10;0;;
16726;1997;3;18;0;1.014,7;8,2;7,8;;;94;360;5;10;0;;
16726;1997;3;18;3;1.013,7;7;6,6;;;94;350;5;8;0;;
16726;1997;3;18;6;1.014,4;7;6,8;14,6;6,2;97;360;5;4;0;;
16726;1997;3;18;9;1.014,9;18;14,4;;;65;0;0;6;1;;
16726;1997;3;18;12;1.014,2;18,8;15,4;;;68;190;8;8;2;;
16726;1997;3;18;15;1.014;18,8;15,4;;;68;0;0;8;2;;
16726;1997;3;18;18;1.015,7;14;12,4;19,4;6,4;82;170;12;8;2;;
16726;1997;3;18;21;1.016,7;12,4;11,2;;;86;170;6;8;6;;
16726;1997;3;19;0;1.017,4;11,2;10,4;;;90;0;0;8;6;;
16726;1997;3;19;3;1.017,4;10,6;9,6;;;88;0;0;8;6;;
16726;1997;3;19;6;1.018,5;10,6;9,6;14,4;10,2;88;0;0;8;6;;
16726;1997;3;19;9;1.018,9;14,6;11;;;62;210;10;8;5;;
16726;1997;3;19;12;1.017,2;15;11,6;;;65;190;11;8;5;;
16726;1997;3;19;15;1.015,5;15;12;;;68;170;11;10;2;;
16726;1997;3;19;18;1.014;13,2;12;16;10;86;180;10;8;3;;
16726;1997;3;19;21;1.013,4;13,2;12;;;86;160;10;8;5;;
16726;1997;3;20;0;1.011,7;14,2;12,6;;;83;170;12;8;7;;
16726;1997;3;20;3;1.010;14;13;;;89;170;12;8;5;;
16726;1997;3;20;6;1.008,4;13,8;12,2;16;12;82;200;10;8;5;;
16726;1997;3;20;9;1.007,5;15;13;;;79;200;15;8;6;;
16726;1997;3;20;12;1.006;16,6;14;;;74;160;18;8;5;;
16726;1997;3;20;15;1.003,9;15,6;14;;;83;170;15;8;6;;
16726;1997;3;20;18;1.003,4;12,6;11,8;18;12,6;91;120;12;6;7;1,9;
16726;1997;3;20;21;1.003;13,2;12,4;;;91;220;4;5;5;;
16726;1997;3;21;0;1.003,2;10;9,6;;;95;20;5;7;7;1,4;
16726;1997;3;21;3;1.003,2;9;8,6;;;95;350;5;10;7;0,2;
16726;1997;3;21;6;1.004,4;8,2;7,8;13,2;8;94;330;5;10;4;1,6;
16726;1997;3;21;9;1.006,2;15;11,4;;;62;350;10;10;3;;
16726;1997;3;21;12;1.006,5;17,4;12,2;;;50;10;8;10;4;;
16726;1997;3;21;15;1.007,4;16;10,4;;;44;330;10;10;4;;
16726;1997;3;21;18;1.009,5;10,4;8,2;18;8;72;0;0;10;3;;
16726;1997;3;21;21;1.011,5;6,2;5,6;;;91;0;0;10;1;;
16726;1997;3;22;0;1.011,7;7,2;6,8;;;94;0;0;8;8;0,4;
16726;1997;3;22;3;1.011,5;6,4;6,2;;;97;340;5;8;3;2,2;
16726;1997;3;22;6;1.012,2;7,6;7,2;10,4;6,2;94;0;0;8;6;2,6;
16726;1997;3;22;9;1.013;14;9;;;47;350;13;9;3;;
16726;1997;3;22;12;1.012,7;16;10,4;;;44;330;7;10;2;;
16726;1997;3;22;15;1.013,2;15;9,4;;;42;330;12;10;2;;
16726;1997;3;22;18;1.014,5;9,2;6,4;16;6;63;360;5;10;2;;
16726;1997;3;22;21;1.015,7;7,4;5,2;;;69;10;7;10;3;;
16726;1997;3;23;0;1.016,7;5;4;;;84;350;4;10;2;;
16726;1997;3;23;3;1.016,7;4;3,6;;;93;360;6;10;2;;
16726;1997;3;23;6;1.017;4,2;3,8;9,6;2,4;93;350;6;8;7;;
16726;1997;3;23;9;1.017,4;9,6;8;;;79;150;4;8;7;;
16726;1997;3;23;12;1.016,4;10,8;8,2;;;68;170;10;10;5;;
16726;1997;3;23;15;1.015;12,6;9,4;;;63;0;0;10;4;;
16726;1997;3;23;18;1.014,7;8;5,6;13;4,2;68;10;4;10;4;;
16726;1997;3;23;21;1.014,9;4,4;3,8;;;90;0;0;10;2;;
16726;1997;3;24;0;1.014,5;1,8;1,4;;;92;360;5;10;2;;
16726;1997;3;24;3;1.013,5;0,6;0,4;;;96;0;0;10;2;;
16726;1997;3;24;6;1.014,4;3;2;9,6;0,4;83;0;0;10;2;;
16726;1997;3;24;9;1.014,7;13;7,2;;;37;0;0;10;4;;
16726;1997;3;24;12;1.014;15;9,6;;;46;250;7;10;6;;
16726;1997;3;24;15;1.013,2;11,8;8,6;;;63;150;13;10;7;;
16726;1997;3;24;18;1.013,5;10;8,4;16,4;3;79;160;8;10;8;;
16726;1997;3;24;21;1.014,4;9;8,2;;;89;210;5;10;8;;
16726;1997;3;25;0;1.013,7;9,4;8;;;82;0;0;10;7;;
16726;1997;3;25;3;1.012,4;8,4;7,6;;;89;360;5;10;6;;
16726;1997;3;25;6;1.012,2;8;7,8;11,2;8;97;20;5;10;8;;
16726;1997;3;25;9;1.012,4;11,8;9,2;;;69;20;5;10;8;;
16726;1997;3;25;12;1.012,2;12,4;9,6;;;68;190;10;10;8;;
16726;1997;3;25;15;1.011;12,8;9,2;;;59;140;15;10;8;;
16726;1997;3;25;18;1.010,4;12,4;10;14;3,4;72;180;10;8;8;;
16726;1997;3;25;21;1.011,4;10;9,2;;;90;10;9;8;8;0,3;
16726;1997;3;26;0;1.011,4;8,8;8,6;;;97;350;4;8;8;;
16726;1997;3;26;3;1.010,9;9;8,2;;;89;350;6;8;8;0,2;
16726;1997;3;26;6;1.011;9,4;8,8;13;8,8;92;360;4;10;7;0,9;
16726;1997;3;26;9;1.012,5;10,8;9,6;;;85;360;6;8;8;0,1;
16726;1997;3;26;12;1.012,2;12,6;10,8;;;79;360;9;8;8;0,7;
16726;1997;3;26;15;1.012,2;10,6;9,2;;;82;350;10;8;8;0;
16726;1997;3;26;18;1.013,7;9,2;8,6;13,2;9,2;92;330;5;6;7;3,4;
16726;1997;3;26;21;1.015,9;9,2;8;;;84;0;0;8;6;0;
16726;1997;3;27;0;1.016,4;7,6;6;;;77;20;5;8;4;;
16726;1997;3;27;3;1.016,2;7,8;5,2;;;64;360;6;10;2;;
16726;1997;3;27;6;1.016,7;8,6;6,6;13;6;73;350;8;10;3;0;
16726;1997;3;27;9;1.018;15;10,4;;;52;360;8;10;2;;
16726;1997;3;27;12;1.018;15;11,2;;;60;210;11;10;4;;
16726;1997;3;27;15;1.018,2;13,2;10,2;;;66;170;8;10;6;;
16726;1997;3;27;18;1.018,5;10,4;9;16;7,4;82;100;8;10;2;;
16726;1997;3;27;21;1.019,5;6,4;5,8;;;91;0;0;10;1;;
16726;1997;3;28;0;1.018,9;4;4;;;100;360;7;8;0;;
16726;1997;3;28;3;1.016,7;3,4;3,4;;;100;350;8;8;0;;
16726;1997;3;28;6;1.016,5;5,8;5,2;11,1;3,4;91;360;5;8;0;;
16726;1997;3;28;9;1.015,7;16;12;;;60;10;10;8;0;;
16726;1997;3;28;12;1.014,4;17;12,8;;;59;180;7;8;0;;
16726;1997;3;28;15;1.012,2;16;12;;;60;160;6;9;1;;
16726;1997;3;28;18;1.011,5;12;9,6;17;4,2;72;10;7;8;0;;
16726;1997;3;28;21;1.011,7;7,8;7;;;89;360;4;8;0;;
16726;1997;3;29;0;1.010,5;7;6,6;;;94;360;4;8;0;;
16726;1997;3;29;3;1.009;4;4;;;100;0;0;8;2;;
16726;1997;3;29;6;1.008,2;6,8;6,6;12;4;97;0;0;5;2;;
16726;1997;3;29;9;1.007,4;15;10;;;49;150;6;8;7;;
16726;1997;3;29;12;1.006,2;15,2;13,2;;;79;180;5;8;7;0,3;
16726;1997;3;29;15;1.004,2;15,2;13,2;;;79;230;5;8;6;0,3;
16726;1997;3;29;18;1.004,2;13,4;12,4;15,4;6,8;88;0;0;7;6;0,6;
16726;1997;3;29;21;1.003,2;13,4;13;;;95;190;10;8;8;7,6;
16726;1997;3;30;0;1.002;14;13,4;;;93;200;10;7;8;2,1;
16726;1997;3;30;3;1.000,2;14;13,4;;;93;200;12;8;8;5,6;
16726;1997;3;30;6;1.001,9;11,6;10,6;14,8;10,8;88;10;4;8;5;15,3;
16726;1997;3;30;9;1.003,7;13,2;10,2;;;66;270;10;8;7;0,2;
16726;1997;3;30;12;1.004,2;12,6;10;;;70;300;9;8;6;0;
16726;1997;3;30;15;1.004,2;13;9,4;;;59;310;10;10;6;;
16726;1997;3;30;18;1.005,7;9;7,4;15;9;78;180;4;8;5;0,2;
16726;1997;3;30;21;1.007,5;5,8;5;;;88;0;0;10;2;;
16726;1997;3;31;0;1.008,2;5,8;5,6;;;97;340;13;8;5;1,7;
16726;1997;3;31;3;1.007,9;5;5;;;100;0;0;6;6;1,6;
16726;1997;3;31;6;1.007,7;5;5;9,6;4;100;0;0;8;4;3,5;
16726;1997;3;31;9;1.008,7;11;8;;;64;180;5;8;7;1,3;
16726;1997;3;31;12;1.008,7;9;7,4;;;78;140;8;6;7;1,4;
16726;1997;3;31;15;1.008,2;9,6;8,2;;;82;0;0;6;7;0,7;
16726;1997;3;31;18;1.008,9;8;7,4;12,4;4,6;91;360;4;10;4;3,4;
16726;1997;3;31;21;1.010,2;5,2;5,2;;;100;360;4;10;0;;
16726;1997;4;1;0;1.010,2;3;3;;;100;350;5;10;0;;
16726;1997;4;1;3;1.009;2,8;2,8;;;100;340;6;10;0;;
16726;1997;4;1;6;1.009,4;4,2;4;9;2,4;97;360;4;10;3;;
16726;1997;4;1;9;1.010,5;13;9;;;55;180;4;10;3;;
16726;1997;4;1;12;1.010,2;13,2;8,6;;;50;200;10;10;4;;
16726;1997;4;1;15;1.009,5;14;9,8;;;55;210;10;10;3;;
16726;1997;4;1;18;1.010,2;10,6;8,2;15;4,2;70;0;0;10;4;;
16726;1997;4;1;21;1.011;7,4;6,6;;;89;350;7;10;3;;
16726;1997;4;2;0;1.010,9;5;5;;;100;360;7;10;2;;
16726;1997;4;2;3;1.010,2;4,2;4;;;97;350;6;10;2;;
16726;1997;4;2;6;1.010,4;6,6;5,8;11,2;3,8;88;350;6;10;6;;
16726;1997;4;2;9;1.011;14;9,6;;;54;0;0;10;6;;
16726;1997;4;2;12;1.010;15,6;11;;;53;200;10;10;6;;
16726;1997;4;2;15;1.010,2;10;9;;;87;160;6;5;7;6,8;
16726;1997;4;2;18;1.011;9;8;16;6,6;87;130;4;7;7;6,8;
16726;1997;4;2;21;1.011,5;7,4;7;;;94;360;4;8;7;;
16726;1997;4;3;0;1.011;6;6;;;100;350;6;8;5;;
16726;1997;4;3;3;1.010;4;4;;;100;360;4;8;3;;
16726;1997;4;3;6;1.010;5,2;5;9,4;4;97;0;0;8;2;;
16726;1997;4;3;9;1.010;13;10,4;;;70;360;5;10;3;;
16726;1997;4;3;12;1.008,5;14;11;;;67;80;5;10;6;0,1;
16726;1997;4;3;15;1.007,9;14;9,8;;;55;160;4;10;4;;
16726;1997;4;3;18;1.007,9;10;8;16;4;74;350;4;10;4;0,1;
16726;1997;4;3;21;1.007,9;6,8;6;;;88;0;0;10;2;;
16726;1997;4;4;0;1.005,7;9;8,4;;;92;330;5;8;8;1,5;
16726;1997;4;4;3;1.004,2;8,4;7,4;;;86;20;7;10;6;9,7;
16726;1997;4;4;6;1.005,7;8;7,2;11,4;6,6;89;360;5;8;5;11,2;
16726;1997;4;4;9;1.006,4;14;10;;;57;20;7;10;3;;
16726;1997;4;4;12;1.006,2;16;10;;;41;350;13;10;3;;
16726;1997;4;4;15;1.005,4;16,6;10,6;;;43;10;14;10;2;;
16726;1997;4;4;18;1.006,2;12;9,8;17,4;8;74;10;8;10;1;;
16726;1997;4;4;21;1.007,5;8,4;7,6;;;89;0;0;10;1;;
16726;1997;4;5;0;1.007,4;7;6,4;;;91;10;7;10;1;;
16726;1997;4;5;3;1.006,5;7;6,2;;;88;10;6;10;3;;
16726;1997;4;5;6;1.006,2;8;7,6;13;6;94;0;0;5;5;;
16726;1997;4;5;9;1.005,7;13;11,6;;;84;210;7;5;7;0;
16726;1997;4;5;12;1.003,9;17;13,4;;;64;330;7;10;6;0,1;
16726;1997;4;5;15;1.003,9;15;10;;;49;340;15;10;6;;
16726;1997;4;5;18;1.006;11,4;6,6;18,4;8;45;340;10;10;2;0,1;
16726;1997;4;5;21;1.010,5;9,6;4,4;;;35;360;10;10;2;;
16726;1997;4;6;0;1.011,4;5,4;2,6;;;58;30;5;10;0;;
16726;1997;4;6;3;1.011,7;3,4;1;;;60;360;8;10;0;;
16726;1997;4;6;6;1.012,7;4;1,6;12;2;62;360;5;10;3;;
16726;1997;4;6;9;1.013,2;13,6;7;;;31;330;5;10;3;;
16726;1997;4;6;12;1.011,2;15,4;8,4;;;30;30;8;10;5;;
16726;1997;4;6;15;1.010,9;14,6;9,6;;;49;360;15;10;2;;
16726;1997;4;6;18;1.010,9;11,2;8;16,4;2;61;360;5;10;6;;
16726;1997;4;6;21;1.010,9;9,2;7,4;;;76;330;4;10;6;0,4;
16726;1997;4;7;0;1.009,7;8;7,4;;;91;360;5;10;3;;
16726;1997;4;7;3;1.008,7;5,8;5,6;;;97;0;0;10;1;;
16726;1997;4;7;6;1.009;8,6;7,6;12;5,8;87;340;6;8;6;0,4;
16726;1997;4;7;9;1.010;14;11;;;67;360;11;10;2;1;
16726;1997;4;7;12;1.008,7;17;9,2;;;28;340;10;10;2;;
16726;1997;4;7;15;1.008,5;13,6;7;;;31;350;15;10;2;;
16726;1997;4;7;18;1.010,5;9,2;5;17,4;8,4;46;360;7;10;3;1;
16726;1997;4;7;21;1.011,7;7;4;;;57;360;10;10;2;;
16726;1997;4;8;0;1.012,7;5,8;2,4;;;49;20;7;10;0;;
16726;1997;4;8;3;1.014;0,6;-0,8;;;75;350;6;10;0;;
16726;1997;4;8;6;1.016,4;3;-0,6;9,6;0;43;10;5;10;2;;
16726;1997;4;8;9;1.018,2;11;4;;;20;10;10;10;0;;
16726;1997;4;8;12;1.018,2;13,8;6;;;20;350;8;10;3;;
16726;1997;4;8;15;1.019,5;13;6,8;;;34;180;12;10;4;;
16726;1997;4;8;18;1.022,2;8;5,2;15,4;0;62;130;4;10;2;;
16726;1997;4;8;21;1.024,6;4;3;;;84;360;8;10;1;;
16726;1997;4;9;0;1.025,6;2,4;1,4;;;82;350;7;10;0;;
16726;1997;4;9;3;1.026;1,4;0,8;;;89;360;5;10;0;;
16726;1997;4;9;6;1.026,6;4,8;3,4;8,6;1,2;77;0;0;10;2;;
16726;1997;4;9;9;1.027,3;13,6;8;;;40;150;8;10;4;;
16726;1997;4;9;12;1.026,5;15;9,4;;;42;210;8;10;3;;
16726;1997;4;9;15;1.025,5;15,6;10;;;44;300;8;10;4;;
16726;1997;4;9;18;1.026,6;10,6;7,2;17;4,4;58;20;5;10;3;;
16726;1997;4;9;21;1.028,5;6,4;5,2;;;82;20;5;10;2;;
16726;1997;4;10;0;1.029;5,4;4,4;;;84;360;6;10;4;;
16726;1997;4;10;3;1.029;6,6;5,6;;;85;360;5;10;4;;
16726;1997;4;10;6;1.029,6;9,8;7,6;11,2;5,4;72;340;5;8;5;;
16726;1997;4;10;9;1.030;14;9,4;;;50;210;5;8;6;;
16726;1997;4;10;12;1.029,4;14,6;9,8;;;50;230;12;10;6;;
16726;1997;4;10;15;1.028,8;11,4;8;;;60;220;7;10;7;;
16726;1997;4;10;18;1.028,1;11;8;15,4;9,8;64;230;5;8;8;;
16726;1997;4;10;21;1.029;10;8;;;74;0;0;10;6;;
16726;1997;4;11;0;1.028;9,6;8;;;79;360;4;10;6;;
16726;1997;4;11;3;1.026;8,8;8;;;89;30;4;10;8;;
16726;1997;4;11;6;1.025,5;8,8;8;11,6;8;89;360;5;8;8;;
16726;1997;4;11;9;1.025,5;11;9,6;;;83;0;0;8;7;0,4;
16726;1997;4;11;12;1.022,4;15,8;11,8;;;60;0;0;10;5;;
16726;1997;4;11;15;1.019,2;15;11,4;;;62;90;5;10;5;;
16726;1997;4;11;18;1.018,4;12,4;9,4;16,8;8,8;65;20;10;10;2;0,4;
16726;1997;4;11;21;1.018,2;8,4;7;;;81;360;8;10;1;;
16726;1997;4;12;0;1.017,5;5,6;5;;;91;340;5;10;3;;
16726;1997;4;12;3;1.016,2;4;3,8;;;97;360;5;10;4;;
16726;1997;4;12;6;1.015,7;7;6;13;4;85;0;0;3;3;;
16726;1997;4;12;9;1.014,7;16;11,4;;;53;170;5;10;4;;
16726;1997;4;12;12;1.014,2;16;12,6;;;66;150;10;10;4;;
16726;1997;4;12;15;1.012,2;17,4;13;;;58;320;8;10;4;;
16726;1997;4;12;18;1.012,7;13,8;11,8;18,2;7;78;0;0;8;6;;
16726;1997;4;12;21;1.013,5;11,6;10,6;;;88;130;8;8;3;;
16726;1997;4;13;0;1.013;10,2;9,4;;;90;0;0;8;4;;
16726;1997;4;13;3;1.011,7;7;6,6;;;94;0;0;8;3;;
16726;1997;4;13;6;1.011,2;9;8,8;13,8;6,4;97;350;4;8;5;;
16726;1997;4;13;9;1.011;15;12;;;68;180;12;9;7;;
16726;1997;4;13;12;1.009,2;12;11;;;88;280;10;6;7;2,8;
16726;1997;4;13;15;1.009,2;11,6;10,6;;;88;20;12;8;7;0,2;
16726;1997;4;13;18;1.010;9;7;15,2;9;73;0;0;8;3;3;
16726;1997;4;13;21;1.011,5;5,4;4,8;;;91;0;0;10;3;;
16726;1997;4;14;0;1.012,2;4,8;4,6;;;97;360;7;10;2;;
16726;1997;4;14;3;1.012,7;3;2,8;;;97;360;9;10;3;;
16726;1997;4;14;6;1.014,5;6;4,6;10;2,6;79;350;7;10;2;;
16726;1997;4;14;9;1.015;13;7;;;35;350;12;10;4;;
16726;1997;4;14;12;1.014,5;15;8;;;30;320;10;10;4;;
16726;1997;4;14;15;1.014;13,8;7,8;;;37;340;12;10;2;;
16726;1997;4;14;18;1.015,5;9,2;5,8;15,6;6;56;360;5;10;2;;
16726;1997;4;14;21;1.017;5,8;3,8;;;70;360;7;10;2;;
16726;1997;4;15;0;1.017,2;3,4;2,2;;;79;350;9;10;2;;
16726;1997;4;15;3;1.017,5;2;1;;;82;360;5;10;0;;
16726;1997;4;15;6;1.018;5;3,2;9,6;1,6;71;360;4;8;3;;
16726;1997;4;15;9;1.018;13,6;7,8;;;39;40;4;9;5;;
16726;1997;4;15;12;1.016,5;15,4;9;;;37;350;7;10;4;;
16726;1997;4;15;15;1.015,2;16;8,4;;;26;10;6;10;2;;
16726;1997;4;15;18;1.016,2;10,4;6,8;17;5;56;10;7;10;0;;
16726;1997;4;15;21;1.016,5;5,4;4,4;;;84;360;4;10;3;;
16726;1997;4;16;0;1.015,7;5;4;;;84;0;0;10;2;;
16726;1997;4;16;3;1.013,7;4,6;4,2;;;93;10;5;10;6;;
16726;1997;4;16;6;1.013;7,8;7;12;3,4;89;0;0;8;4;;
16726;1997;4;16;9;1.012,2;14,8;12,2;;;72;240;10;8;7;0;
16726;1997;4;16;12;1.011,4;16,6;12;;;55;290;15;10;7;;
16726;1997;4;16;15;1.010,5;14,4;11,8;;;72;20;8;10;7;;
16726;1997;4;16;18;1.010,9;12,2;10,2;19;7,8;76;10;5;10;3;0;
16726;1997;4;16;21;1.012,7;11,4;10,2;;;85;10;5;10;6;;
16726;1997;4;17;0;1.011,7;8,8;8,2;;;92;10;6;10;1;;
16726;1997;4;17;3;1.011,5;6,2;6;;;97;350;4;10;1;;
16726;1997;4;17;6;1.012,5;8,4;7,8;13,2;6,2;92;0;0;8;6;;
16726;1997;4;17;9;1.012,4;16,2;11,4;;;52;200;5;10;3;;
16726;1997;4;17;12;1.012,5;15;11,6;;;65;200;8;10;6;;
16726;1997;4;17;15;1.012,2;13;11;;;77;0;0;6;8;0;
16726;1997;4;17;18;1.012,7;11,8;10,4;17,8;8,4;83;20;15;8;7;0,4;
16726;1997;4;17;21;1.014,9;8,6;7,6;;;87;360;5;10;3;;
16726;1997;4;18;0;1.015,7;6,4;6;;;94;350;10;10;0;;
16726;1997;4;18;3;1.015,7;5,6;4,6;;;85;360;8;10;0;;
16726;1997;4;18;6;1.015,2;9;6,8;13,6;5,6;71;360;10;10;0;;
16726;1997;4;18;9;1.017,4;16;7,8;;;22;20;10;10;6;;
16726;1997;4;18;12;1.016,5;15,4;10,4;;;49;150;5;10;6;;
16726;1997;4;18;15;1.016,2;16,4;10,4;;;41;200;4;10;6;;
16726;1997;4;18;18;1.014,5;13,4;9,4;17,4;9;55;280;4;10;7;;
16726;1997;4;18;21;1.015;12,4;10;;;72;0;0;10;7;;
16726;1997;4;19;0;1.014,4;10,4;9,4;;;87;360;5;10;6;;
16726;1997;4;19;3;1.013,4;10,4;10;;;95;10;8;10;6;0,7;
16726;1997;4;19;6;1.013,4;10,4;10;14;9,4;95;10;5;5;8;3,8;
16726;1997;4;19;9;1.011,7;15,2;13,2;;;79;350;7;8;6;0;
16726;1997;4;19;12;1.009,7;16,2;14,8;;;85;0;0;8;8;0,2;
16726;1997;4;19;15;1.006;19,2;14,4;;;56;10;10;10;5;0;
16726;1997;4;19;18;1.005,4;15,4;12,2;20;10,4;66;360;7;10;7;0,2;
16726;1997;4;19;21;1.005,2;15;11,6;;;65;10;13;10;8;;
16726;1997;4;20;0;1.004,5;14,6;11,2;;;64;10;8;10;7;;
16726;1997;4;20;3;1.004,5;13,2;11;;;75;10;4;10;7;;
16726;1997;4;20;6;1.005,2;14;11,8;15,4;11,4;76;350;6;8;0;;
16726;1997;4;20;9;1.006;21;16;;;57;180;9;8;2;;
16726;1997;4;20;12;1.006,5;20,4;15;;;53;190;7;10;5;;
16726;1997;4;20;15;1.006,5;19,4;15,2;;;62;180;7;10;5;;
16726;1997;4;20;18;1.007,5;15,8;13;21,4;14;71;10;5;10;3;;
16726;1997;4;20;21;1.009,4;12;11,4;;;93;0;0;10;3;;
16726;1997;4;21;0;1.008,2;10,4;10,2;;;97;360;5;10;3;;
16726;1997;4;21;3;1.007,2;10,4;10,2;;;97;0;0;10;4;;
16726;1997;4;21;6;1.007,7;11,4;11;16,8;8,6;95;0;0;8;6;;
16726;1997;4;21;9;1.008,7;16,2;14;;;77;210;5;8;7;;
16726;1997;4;21;12;1.006;16,6;14,4;;;77;200;7;8;8;;
16726;1997;4;21;15;1.006;16,4;14,4;;;79;0;0;8;8;;
16726;1997;4;21;18;1.004,2;15,4;13,6;18;11,4;81;10;6;8;8;;
16726;1997;4;21;21;1.001;15,2;13,2;;;79;270;6;8;7;;
16726;1997;4;22;0;1.001,4;16;12,8;;;68;340;5;8;8;;
16726;1997;4;22;3;1.000,7;14,6;13,4;;;87;150;4;8;8;;
16726;1997;4;22;6;1.002,4;17,4;15,4;18;14,6;80;210;5;5;7;;
16726;1997;4;22;9;1.003,5;19;17;;;81;180;11;5;8;;
16726;1997;4;22;12;1.003,7;20,6;16,6;;;65;180;10;2;6;;
16726;1997;4;22;15;1.003,5;18,8;16;;;74;200;10;2;8;;
16726;1997;4;22;18;1.005,4;16,6;14,6;22,4;16,6;80;200;5;4;6;;
16726;1997;4;22;21;1.007,2;15,2;12,8;;;75;220;5;8;4;;
16726;1997;4;23;0;1.008,2;12,8;11,4;;;83;0;0;8;2;;
16726;1997;4;23;3;1.008;11,6;10,6;;;88;140;5;8;4;;
16726;1997;4;23;6;1.009;13,8;12,4;16,6;11,6;84;0;0;8;3;;
16726;1997;4;23;9;1.010,5;18;12,6;;;51;0;0;8;4;;
16726;1997;4;23;12;1.010,5;19,2;13;;;45;20;12;10;4;;
16726;1997;4;23;15;1.008,7;19;12,4;;;41;360;12;10;3;;
16726;1997;4;23;18;1.011;15;11;20,4;11;58;20;12;10;5;;
16726;1997;4;23;21;1.013;13,4;11,2;;;75;20;10;10;4;;
16726;1997;4;24;0;1.013,5;9;8;;;87;350;8;10;0;;
16726;1997;4;24;3;1.013,5;7,8;7,4;;;94;350;6;10;0;;
16726;1997;4;24;6;1.014,2;11;9,6;16,2;7,4;83;0;0;10;1;;
16726;1997;4;24;9;1.015;18;10,6;;;34;20;8;10;2;;
16726;1997;4;24;12;1.014,7;20,4;11,4;;;26;20;8;10;3;;
16726;1997;4;24;15;1.014,7;17,2;11,8;;;49;30;17;10;3;;
16726;1997;4;24;18;1.015,5;14;10,6;21;11;64;20;15;10;6;;
16726;1997;4;24;21;1.017;14;11,2;;;69;30;8;10;7;;
16726;1997;4;25;0;1.017,7;12,8;11,4;;;83;0;0;8;8;;
16726;1997;4;25;3;1.017,7;12;11,4;;;93;0;0;8;8;;
16726;1997;4;25;6;1.017,7;11,2;10,8;15;11,2;95;0;0;8;7;2,7;
16726;1997;4;25;9;1.018,5;15;12;;;68;0;0;10;7;0,2;
16726;1997;4;25;12;1.018,5;15,2;12,4;;;70;240;8;10;8;0,2;
16726;1997;4;25;15;1.018,4;12,8;11,4;;;83;200;5;8;8;0,2;
16726;1997;4;25;18;1.018,2;12,8;11,8;17;11;88;0;0;6;8;0,6;
16726;1997;4;25;21;1.019,2;11,6;11;;;93;0;0;6;8;2,3;
16726;1997;4;26;0;1.018,5;9,2;9;;;97;360;4;6;6;;
16726;1997;4;26;3;1.018,2;7;7;;;100;340;4;6;6;;
16726;1997;4;26;6;1.018,4;9,2;9;13,6;7;97;0;0;8;7;2,3;
16726;1997;4;26;9;1.018,5;15,6;12;;;63;0;0;10;4;;
16726;1997;4;26;12;1.017,7;18;13,2;;;55;320;8;10;4;;
16726;1997;4;26;15;1.016,7;18;10,4;;;31;320;6;10;2;;
16726;1997;4;26;18;1.017;13,4;10;19,4;9,2;62;20;11;10;2;;
16726;1997;4;26;21;1.018,5;10;8,6;;;82;350;5;10;2;;
16726;1997;4;27;0;1.018,7;8;7,6;;;94;360;4;10;0;;
16726;1997;4;27;3;1.018,4;6,4;6;;;94;0;0;10;0;;
16726;1997;4;27;6;1.018,5;10;9;14;6,4;87;350;5;8;0;;
16726;1997;4;27;9;1.018,9;18,2;12,2;;;45;10;12;8;1;;
16726;1997;4;27;12;1.017,7;19,2;14;;;53;220;8;10;2;;
16726;1997;4;27;15;1.016,7;20;11;;;26;20;14;10;2;;
16726;1997;4;27;18;1.017,4;14;11;21;10;67;20;8;10;4;;
16726;1997;4;27;21;1.019;11;10;;;88;350;7;8;3;;
16726;1997;4;28;0;1.018,5;8,4;7,6;;;89;350;6;8;3;;
16726;1997;4;28;3;1.018,5;5,8;5,6;;;97;0;0;8;3;;
16726;1997;4;28;6;1.019,2;10,2;9;16,6;5,8;85;0;0;7;4;;
16726;1997;4;28;9;1.019;17,8;12,8;;;53;200;8;10;3;;
16726;1997;4;28;12;1.017,7;17,8;14,4;;;67;210;12;10;5;;
16726;1997;4;28;15;1.017,7;17;12,4;;;55;200;14;10;7;;
16726;1997;4;28;18;1.017;15,4;13,4;18;10;79;100;5;8;8;;
16726;1997;4;28;21;1.016,7;13;12;;;88;0;0;8;7;;
16726;1997;4;29;0;1.017;13;12;;;88;0;0;8;8;;
16726;1997;4;29;3;1.013,7;11,6;11,2;;;95;0;0;7;8;;
16726;1997;4;29;6;1.014;12,4;11,8;15,4;11,2;93;0;0;6;8;;
16726;1997;4;29;9;1.013,7;15,4;13,2;;;77;210;8;8;8;;
16726;1997;4;29;12;1.012,7;15,8;13,2;;;73;210;10;8;7;0,1;
16726;1997;4;29;15;1.011;16,2;13,2;;;69;210;9;8;7;;
16726;1997;4;29;18;1.010,5;13,4;11,6;17,4;11,4;80;220;5;8;3;0,1;
16726;1997;4;29;21;1.010;12,2;11,8;;;95;0;0;5;8;1;
16726;1997;4;30;0;1.008;11,4;11,2;;;97;0;0;6;8;5,5;
16726;1997;4;30;3;1.005,7;13,2;12,8;;;95;180;5;4;8;11,1;
16726;1997;4;30;6;1.005,7;12,4;12;14,4;11,4;95;130;8;5;8;59,6;
16726;1997;4;30;9;1.005,5;13,6;12,6;;;89;170;15;9;7;9,1;
16726;1997;4;30;12;1.004,7;15,4;14;;;85;180;17;8;7;0,2;
16726;1997;4;30;15;1.004,7;15,2;13,8;;;85;180;10;8;6;7,1;
16726;1997;4;30;18;1.005,5;13,6;12,6;16,2;12;89;200;7;8;8;16,4;
16726;1997;4;30;21;1.007,7;12,6;12,2;;;95;0;0;8;8;0,4;
16726;1997;5;1;0;1.007,9;12;11,8;;;98;350;8;8;6;0,7;
16726;1997;5;1;3;1.008;12;12;;;100;350;4;8;8;0,1;
16726;1997;5;1;6;1.009,7;12,8;12,6;13,6;12;98;360;4;6;7;1,8;
16726;1997;5;1;9;1.011;14,4;13,6;;;91;170;8;7;8;3,1;
16726;1997;5;1;12;1.011,4;15,8;13,6;;;77;200;7;8;6;0;
16726;1997;5;1;15;1.011;16,4;14;;;75;170;5;10;4;;
16726;1997;5;1;18;1.011,9;15;14;17,4;12;89;200;5;8;7;3,1;
16726;1997;5;1;21;1.013,7;14;13,4;;;93;0;0;8;7;0,2;
16726;1997;5;2;0;1.013,7;13,6;13,4;;;98;0;0;8;7;;
16726;1997;5;2;3;1.013,4;13;11,4;;;81;350;7;10;6;;
16726;1997;5;2;6;1.014,5;14;11,6;15,2;12,8;74;360;6;10;7;0,3;
16726;1997;5;2;9;1.015,4;18,4;12,4;;;45;0;0;10;6;0,4;
16726;1997;5;2;12;1.014,9;18,2;14,8;;;68;170;12;10;7;;
16726;1997;5;2;15;1.014,5;17;14;;;70;100;5;10;6;;
16726;1997;5;2;18;1.015,2;15;12,2;20;12;70;0;0;10;6;0,4;
16726;1997;5;2;21;1.016,5;12;10,8;;;86;340;4;10;1;;
16726;1997;5;3;0;1.016,2;9,8;8;;;77;360;7;10;1;;
16726;1997;5;3;3;1.015,7;7,6;6,6;;;86;340;10;10;1;;
16726;1997;5;3;6;1.015,7;11,4;9,6;15;7,6;78;350;7;10;1;;
16726;1997;5;3;9;1.016,2;21,4;13,4;;;35;350;4;10;3;;
16726;1997;5;3;12;1.015;20,8;15,2;;;52;170;8;10;5;;
16726;1997;5;3;15;1.014,7;19;13;;;46;20;12;10;5;;
16726;1997;5;3;18;1.014,9;17;12,8;23;11,4;59;20;7;10;3;;
16726;1997;5;3;21;1.015,7;12,4;12;;;95;350;7;8;0;;
16726;1997;5;4;0;1.015,5;11;10,6;;;95;350;5;8;0;;
16726;1997;5;4;3;1.014,9;11;10,6;;;95;350;8;8;0;;
16726;1997;5;4;6;1.015,4;15,6;13,6;17;11;79;0;0;8;0;;
16726;1997;5;4;9;1.015,9;21,6;15;;;46;0;0;8;0;;
16726;1997;5;4;12;1.015,7;20,8;16,4;;;61;230;5;10;1;;
16726;1997;5;4;15;1.015,2;23,2;16,2;;;45;360;6;10;1;;
16726;1997;5;4;18;1.015,7;18,4;12,8;23,2;15,6;49;10;10;10;0;;
16726;1997;5;4;21;1.017,7;13,6;12,8;;;91;360;8;10;0;;
16726;1997;5;5;0;1.017;11;10,6;;;95;360;8;10;0;;
16726;1997;5;5;3;1.016,7;10,8;10,4;;;95;360;5;10;0;;
16726;1997;5;5;6;1.017,2;15,4;13;18,4;10,4;75;350;4;8;0;;
16726;1997;5;5;9;1.018,4;20;16,2;;;66;200;6;10;0;;
16726;1997;5;5;12;1.017,4;22;17;;;58;180;7;10;0;;
16726;1997;5;5;15;1.016,7;22,4;16,2;;;50;180;7;10;0;;
16726;1997;5;5;18;1.016,7;18;14;23;15,4;62;20;5;10;0;;
16726;1997;5;5;21;1.017,5;13;11;;;77;360;5;10;0;;
16726;1997;5;6;0;1.017;10;9;;;87;350;5;10;0;;
16726;1997;5;6;3;1.017;7,8;7,4;;;94;360;4;10;0;;
16726;1997;5;6;6;1.018;13;11;19,2;7,8;77;0;0;10;1;;
16726;1997;5;6;9;1.019;21,6;13,4;;;34;190;5;10;2;;
16726;1997;5;6;12;1.018;22,8;15,4;;;41;170;8;10;3;;
16726;1997;5;6;15;1.016,7;20;15;;;56;200;8;10;4;;
16726;1997;5;6;18;1.016,7;16;14,6;23;12,4;85;0;0;10;3;;
16726;1997;5;6;21;1.017,4;12,4;12;;;95;0;0;10;3;;
16726;1997;5;7;0;1.017;11;10,8;;;97;350;4;10;2;;
16726;1997;5;7;3;1.016,4;9,2;9;;;97;350;5;10;2;;
16726;1997;5;7;6;1.016,7;13,4;12,4;16;9,2;88;0;0;8;2;;
16726;1997;5;7;9;1.017;21,6;14;;;39;220;4;10;2;;
16726;1997;5;7;12;1.016,4;22;15,6;;;48;240;10;10;0;;
16726;1997;5;7;15;1.015,4;20,8;16;;;58;230;12;10;2;;
16726;1997;5;7;18;1.015,4;16,6;14;23,4;13,4;74;0;0;10;3;;
16726;1997;5;7;21;1.015,7;13,6;12;;;82;360;6;10;3;;
16726;1997;5;8;0;1.014,9;11,2;10,6;;;93;350;4;10;0;;
16726;1997;5;8;3;1.013,5;10,8;10;;;90;330;5;10;0;;
16726;1997;5;8;6;1.013,2;14;12,2;17,6;10,8;80;360;5;10;6;;
16726;1997;5;8;9;1.012;21,6;16,6;;;58;230;10;10;6;;
16726;1997;5;8;12;1.013,7;22,6;16;;;47;240;15;10;6;;
16726;1997;5;8;15;1.012,2;20;15;;;56;260;11;10;8;;
16726;1997;5;8;18;1.012,7;20;15;24,4;14;56;200;8;10;6;;
16726;1997;5;8;21;1.013,7;17;14;;;70;160;6;10;3;;
16726;1997;5;9;0;1.014;13;12,8;;;98;0;0;8;1;;
16726;1997;5;9;3;1.014;15;13;;;79;360;6;8;1;;
16726;1997;5;9;6;1.015,4;17,2;15;20,4;12,6;78;350;7;8;1;;
16726;1997;5;9;9;1.016,7;21,6;14;;;39;360;9;10;0;;
16726;1997;5;9;12;1.015,4;24;15,2;;;34;20;14;10;0;;
16726;1997;5;9;15;1.014,9;22;15,6;;;48;20;15;10;0;;
16726;1997;5;9;18;1.015,7;17,8;13,2;25;17,2;56;20;15;10;0;;
16726;1997;5;9;21;1.017;15;12,8;;;77;20;17;10;0;;
16726;1997;5;10;0;1.016,7;14;11,4;;;71;20;15;10;0;;
16726;1997;5;10;3;1.016,5;13,2;11;;;75;10;10;10;0;;
16726;1997;5;10;6;1.016,7;15,6;12,8;18,2;12,8;71;360;10;8;3;;
16726;1997;5;10;9;1.016,7;22;15,2;;;45;30;4;10;4;;
16726;1997;5;10;12;1.016,5;21,8;16,4;;;54;210;5;10;3;;
16726;1997;5;10;15;1.016,2;21;16;;;57;180;6;10;2;;
16726;1997;5;10;18;1.017;18;13,2;22,6;15,6;55;20;7;10;0;;
16726;1997;5;10;21;1.017,7;15;13;;;79;350;4;10;0;;
16726;1997;5;11;0;1.017,7;14;12,2;;;80;360;6;10;0;;
16726;1997;5;11;3;1.017;12;11,2;;;90;350;7;10;0;;
16726;1997;5;11;6;1.016,4;17;14;19;11,6;70;360;9;10;0;;
16726;1997;5;11;9;1.016,7;21,4;15,4;;;49;180;8;10;0;;
16726;1997;5;11;12;1.017;21,8;16,4;;;54;200;10;10;0;;
16726;1997;5;11;15;1.016,5;23,4;15,8;;;42;180;8;10;0;;
16726;1997;5;11;18;1.017,7;18,4;15,8;24,2;17;75;0;0;10;1;;
16726;1997;5;11;21;1.019,4;14;13,4;;;93;0;0;10;0;;
16726;1997;5;12;0;1.018,9;13,2;12,2;;;88;360;5;10;0;;
16726;1997;5;12;3;1.018;12;11,2;;;90;0;0;10;0;;
16726;1997;5;12;6;1.018;15,2;13,4;19,8;10,4;80;0;0;10;0;;
16726;1997;5;12;9;1.018;22;15;;;43;160;8;10;0;;
16726;1997;5;12;12;1.018;22,4;16,8;;;54;200;7;10;0;;
16726;1997;5;12;15;1.018,4;22,6;16;;;47;160;7;10;0;;
16726;1997;5;12;18;1.018;19;15,8;23,4;15,2;70;0;0;10;0;;
16726;1997;5;12;21;1.017,7;12,8;12,4;;;95;0;0;10;0;;
16726;1997;5;13;0;1.017,4;12;11;;;88;0;0;10;0;;
16726;1997;5;13;3;1.016;10,4;10,2;;;97;0;0;10;0;;
16726;1997;5;13;6;1.016,2;17;15;20,6;10,4;80;0;0;10;0;;
16726;1997;5;13;9;1.016,5;22;16,4;;;53;180;8;10;0;;
16726;1997;5;13;12;1.016,2;23,6;17;;;48;180;8;10;1;;
16726;1997;5;13;15;1.015,4;22;17;;;58;190;6;10;0;;
16726;1997;5;13;18;1.015,4;19;14,6;24;17;60;0;0;10;0;;
16726;1997;5;13;21;1.016,5;15,4;14,4;;;89;0;0;10;0;;
16726;1997;5;14;0;1.015,5;12,4;12;;;95;360;5;10;0;;
16726;1997;5;14;3;1.014,5;11;10,8;;;97;0;0;10;0;;
16726;1997;5;14;6;1.015;17;15,6;19;11;86;0;0;8;0;;
16726;1997;5;14;9;1.015;22,4;18,2;;;65;200;5;10;0;;
16726;1997;5;14;12;1.014,7;24;17,6;;;51;210;8;10;1;;
16726;1997;5;14;15;1.014,4;23,4;17,8;;;56;220;5;10;1;;
16726;1997;5;14;18;1.014,5;19,6;18;25,4;17;85;0;0;10;0;;
16726;1997;5;14;21;1.015,4;15;14;;;89;0;0;10;0;;
16726;1997;5;15;0;1.015;13,6;13,4;;;98;0;0;8;0;;
16726;1997;5;15;3;1.014,4;11,4;11;;;95;0;0;10;0;;
16726;1997;5;15;6;1.014;16,8;16;20;11,2;92;0;0;8;0;;
16726;1997;5;15;9;1.014,9;23,8;18;;;54;180;6;10;0;;
16726;1997;5;15;12;1.014,5;24,4;17,2;;;45;180;10;10;2;;
16726;1997;5;15;15;1.014,2;24,4;17,2;;;45;180;7;10;6;;
16726;1997;5;15;18;1.014,5;19,8;18,4;25,4;16,8;87;0;0;10;6;;
16726;1997;5;15;21;1.015;17;16,4;;;94;100;4;8;4;;
16726;1997;5;16;0;1.015;15;15;;;100;350;4;8;3;;
16726;1997;5;16;3;1.014,2;13,6;13,2;;;95;0;0;3;6;;
16726;1997;5;16;6;1.014,9;16;15,4;20,6;13,6;93;0;0;8;6;;
16726;1997;5;16;9;1.015,4;24;17,2;;;47;0;0;10;6;;
16726;1997;5;16;12;1.015;26;18,2;;;43;180;5;10;6;;
16726;1997;5;16;15;1.013;23,4;18,2;;;58;240;4;10;6;;
16726;1997;5;16;18;1.013,7;20;18;26,4;16;81;0;0;10;0;;
16726;1997;5;16;21;1.014,9;16,8;15,8;;;90;10;5;10;0;;
16726;1997;5;17;0;1.013,4;14,6;14;;;93;0;0;10;2;;
16726;1997;5;17;3;1.012,5;14,2;13,6;;;93;140;4;10;2;;
16726;1997;5;17;6;1.014;18;16;27;13,6;80;0;0;8;1;;
16726;1997;5;17;9;1.014;24,6;18,6;;;54;0;0;8;0;;
16726;1997;5;17;12;1.013;25,6;18,8;;;50;170;8;10;1;;
16726;1997;5;17;15;1.012;25,4;18,4;;;48;170;11;10;0;;
16726;1997;5;17;18;1.012,7;21;18,4;26,2;18;77;0;0;8;0;;
16726;1997;5;17;21;1.013,4;18,4;16,4;;;80;360;4;8;0;;
16726;1997;5;18;0;1.013;16,8;15,8;;;90;0;0;8;0;;
16726;1997;5;18;3;1.013;15;14;;;89;350;4;8;0;;
16726;1997;5;18;6;1.012,4;17,6;15,8;26,4;15;82;0;0;6;0;;
16726;1997;5;18;9;1.013,2;25,8;18,8;;;49;210;5;10;0;;
16726;1997;5;18;12;1.013;25,2;19,2;;;54;180;5;10;2;;
16726;1997;5;18;15;1.012;24;19;;;60;190;6;10;2;;
16726;1997;5;18;18;1.012,2;20,8;18,2;26;17,2;77;0;0;10;1;;
16726;1997;5;18;21;1.013,2;16,8;15,8;;;90;340;4;10;0;;
16726;1997;5;19;0;1.013;15;14;;;89;360;4;10;0;;
16726;1997;5;19;3;1.012,2;16,2;14,2;;;79;350;7;10;0;;
16726;1997;5;19;6;1.013;20,6;17;22,2;15;68;350;6;8;0;;
16726;1997;5;19;9;1.013;28;19,2;;;40;20;10;10;0;;
16726;1997;5;19;12;1.012,4;30,6;18,2;;;26;350;10;10;1;;
16726;1997;5;19;15;1.011,5;27,6;18,6;;;39;20;16;10;1;;
16726;1997;5;19;18;1.011,9;23,2;16,8;31;20,6;50;360;10;10;1;;
16726;1997;5;19;21;1.012,4;18;15,2;;;73;360;6;10;0;;
16726;1997;5;20;0;1.011;16;14,8;;;87;360;6;10;0;;
16726;1997;5;20;3;1.011;16,6;15;;;83;10;8;8;1;;
16726;1997;5;20;6;1.011,5;22,2;17,2;23,6;16;58;10;11;10;0;;
16726;1997;5;20;9;1.011,5;28;19;;;39;10;12;10;1;;
16726;1997;5;20;12;1.010,5;30;19;;;31;20;8;10;1;;
16726;1997;5;20;15;1.009,7;29;17;;;25;360;12;10;1;;
16726;1997;5;20;18;1.009,4;24,6;17,4;31;22,2;45;10;12;10;3;;
16726;1997;5;20;21;1.011;21;16,6;;;62;360;8;10;0;;
16726;1997;5;21;0;1.010,9;17;15;;;80;350;8;10;0;;
16726;1997;5;21;3;1.010,2;15;13;;;79;360;8;10;3;;
16726;1997;5;21;6;1.011;21,6;16,8;25;15;60;360;5;10;0;;
16726;1997;5;21;9;1.010,9;30,6;19;;;29;0;0;10;1;;
16726;1997;5;21;12;1.010,9;27,2;20,2;;;50;180;8;10;0;;
16726;1997;5;21;15;1.010;28;19;;;39;170;5;10;0;;
16726;1997;5;21;18;1.010,4;23;18,8;31;21,6;66;0;0;10;0;;
16726;1997;5;21;21;1.010,9;18;16;;;80;0;0;10;0;;
16726;1997;5;22;0;1.009,7;16;14;;;79;0;0;10;0;;
16726;1997;5;22;3;1.009,7;15;14;;;89;0;0;10;0;;
16726;1997;5;22;6;1.010;20;17,4;23,4;15;76;20;4;10;3;;
16726;1997;5;22;9;1.010,5;27;20,4;;;52;210;6;10;4;;
16726;1997;5;22;12;1.010;26,6;21;;;59;210;7;10;1;;
16726;1997;5;22;15;1.009,2;29;21;;;46;220;4;10;3;;
16726;1997;5;22;18;1.009;24;18,2;30;20;54;20;5;10;3;;
16726;1997;5;22;21;1.010,2;19;16;;;72;350;6;10;3;;
16726;1997;5;23;0;1.010,5;19,4;15,4;;;63;10;8;10;3;;
16726;1997;5;23;3;1.009,7;16;15;;;89;350;7;10;0;;
16726;1997;5;23;6;1.010;22;18;24;16;66;10;10;10;0;;
16726;1997;5;23;9;1.010,5;26,8;18,6;;;43;20;12;10;2;;
16726;1997;5;23;12;1.010;29;18;;;30;360;8;10;2;;
16726;1997;5;23;15;1.010,2;27,4;18;;;36;20;11;10;3;;
16726;1997;5;23;18;1.010,7;23,4;16,2;29,4;17;44;20;14;10;5;;
16726;1997;5;23;21;1.012;19;15,4;;;66;360;7;10;2;;
16726;1997;5;24;0;1.012,2;18;16,8;;;88;10;7;10;0;;
16726;1997;5;24;3;1.013,2;14;13;;;89;0;0;10;0;;
16726;1997;5;24;6;1.014,9;20;16;24,2;13,4;64;0;0;10;0;;
16726;1997;5;24;9;1.015,4;25,6;18,4;;;46;190;7;10;2;;
16726;1997;5;24;12;1.015,7;25,4;19;;;52;180;11;10;4;;
16726;1997;5;24;15;1.015,7;24,4;18,4;;;53;150;12;10;3;;
16726;1997;5;24;18;1.015,7;23;17,4;25,6;20;54;160;4;10;2;;
16726;1997;5;24;21;1.016,4;17,6;16;;;84;0;0;10;2;;
16726;1997;5;25;0;1.015,9;14,8;14;;;91;360;7;10;2;;
16726;1997;5;25;3;1.015,9;13,6;12,6;;;89;0;0;10;0;;
16726;1997;5;25;6;1.016;19;16;23;13,6;72;20;4;10;0;;
16726;1997;5;25;9;1.017;24,6;18,2;;;51;170;8;10;0;;
16726;1997;5;25;12;1.017;25,2;18,6;;;51;180;10;10;2;;
16726;1997;5;25;15;1.016;25,4;17,6;;;43;160;10;10;1;;
16726;1997;5;25;18;1.016,2;21,4;18;26,2;18,8;70;150;4;10;2;;
16726;1997;5;25;21;1.017;17;15,4;;;83;360;4;10;0;;
16726;1997;5;26;0;1.016,2;15;14;;;89;350;5;10;0;;
16726;1997;5;26;3;1.015,2;14,6;13;;;83;360;5;10;0;;
16726;1997;5;26;6;1.016,2;20;16;22;14;64;0;0;10;2;;
16726;1997;5;26;9;1.016,2;25,6;19;;;51;180;6;10;2;;
16726;1997;5;26;12;1.015,7;25,6;19;;;51;180;10;10;3;;
16726;1997;5;26;15;1.014,7;25,6;18;;;44;180;10;10;2;;
16726;1997;5;26;18;1.014,2;21,6;17,8;26,2;20;67;0;0;10;4;;
16726;1997;5;26;21;1.014;20;16;;;64;10;8;10;3;;
16726;1997;5;27;0;1.013;17,2;16;;;88;10;6;10;2;;
16726;1997;5;27;3;1.012,5;15;14;;;89;360;6;10;0;;
16726;1997;5;27;6;1.012,2;21,2;17;22,8;13,2;64;0;0;10;0;;
16726;1997;5;27;9;1.011,9;28;18,4;;;35;360;5;10;0;;
16726;1997;5;27;12;1.011,4;28,4;19,6;;;41;180;5;10;0;;
16726;1997;5;27;15;1.011,2;25,2;19,4;;;55;170;12;10;0;;
16726;1997;5;27;18;1.012,2;20,8;18;30,2;20,8;75;190;7;10;0;;
16726;1997;5;27;21;1.013,7;17;16,4;;;94;0;0;10;0;;
16726;1997;5;28;0;1.014,2;17,4;16,8;;;94;0;0;8;4;;
16726;1997;5;28;3;1.014;15,6;15,2;;;96;360;4;8;4;;
16726;1997;5;28;6;1.014,5;19;16,4;21,4;15;75;20;4;6;4;;
16726;1997;5;28;9;1.014,4;23;19;;;67;230;5;8;2;;
16726;1997;5;28;12;1.014;23,8;19,4;;;64;210;5;10;2;;
16726;1997;5;28;15;1.013,4;22,8;18,6;;;66;200;5;10;2;;
16726;1997;5;28;18;1.014;20;18,4;24,6;19;85;180;8;10;4;;
16726;1997;5;28;21;1.014;18;17;;;90;0;0;8;0;;
16726;1997;5;29;0;1.013,7;14;14;;;100;340;6;8;4;;
16726;1997;5;29;3;1.013,5;13,6;13,6;;;100;360;6;8;2;;
16726;1997;5;29;6;1.013;17;16;20,8;13;90;0;0;8;0;;
16726;1997;5;29;9;1.013,5;24,8;18;;;49;250;5;10;4;;
16726;1997;5;29;12;1.013;24,8;20,4;;;65;180;10;10;2;;
16726;1997;5;29;15;1.012,2;25,2;18;;;46;20;14;10;6;;
16726;1997;5;29;18;1.013;21;14,8;26,4;15,8;48;20;13;10;4;;
16726;1997;5;29;21;1.013,7;17,4;14,6;;;73;10;5;10;0;;
16726;1997;5;30;0;1.013,7;15;10,8;;;57;10;7;10;0;;
16726;1997;5;30;3;1.013,5;10,6;9;;;80;350;5;10;0;;
16726;1997;5;30;6;1.014,7;14;12;21;9,6;78;0;0;10;5;;
16726;1997;5;30;9;1.015;21,4;15,4;;;49;190;8;10;2;;
16726;1997;5;30;12;1.014;23,4;16,2;;;44;200;12;10;3;;
16726;1997;5;30;15;1.012,7;22;16;;;51;170;13;10;3;;
16726;1997;5;30;18;1.012,2;19,4;15,2;23,4;13,4;62;50;11;10;3;;
16726;1997;5;30;21;1.012,5;15;14,6;;;96;0;0;10;2;;
16726;1997;5;31;0;1.012;12,4;11,2;;;86;360;6;10;0;;
16726;1997;5;31;3;1.011;11,8;10,2;;;81;360;8;10;0;;
16726;1997;5;31;6;1.012;17;13;22;11,6;61;20;9;10;0;;
16726;1997;5;31;9;1.011,9;22;15;;;43;160;7;10;2;;
16726;1997;5;31;12;1.011,4;22,6;15,4;;;42;170;8;10;2;;
16726;1997;5;31;15;1.011,4;23,8;15;;;34;350;14;10;2;;
16726;1997;5;31;18;1.012,4;18,6;12,6;25;17;46;360;5;10;2;;
16726;1997;5;31;21;1.014;15,6;10,2;;;46;10;10;10;0;;
16726;1997;6;1;0;1.014,2;12;9;;;65;360;10;10;0;;
16726;1997;6;1;3;1.014,5;13,4;9;;;52;360;8;10;0;;
16726;1997;6;1;6;1.016,2;17;12;19,6;10,4;52;10;4;10;0;;
16726;1997;6;1;9;1.017,5;23;13,6;;;30;170;6;10;0;;
16726;1997;6;1;12;1.017,7;23;16;;;45;170;9;10;0;;
16726;1997;6;1;15;1.017,5;21,8;16,8;;;58;180;13;10;2;;
16726;1997;6;1;18;1.018,7;18,8;16,2;23,2;17;75;120;5;10;6;;
16726;1997;6;1;21;1.019,5;14,8;13,8;;;89;0;0;10;1;;
16726;1997;6;2;0;1.017,4;15;14;;;89;0;0;10;7;;
16726;1997;6;2;3;1.017,5;15,4;14,2;;;87;360;4;10;4;;
16726;1997;6;2;6;1.018,2;19;15,6;19,6;14;69;0;0;10;4;;
16726;1997;6;2;9;1.019;24;17;;;46;210;5;10;5;;
16726;1997;6;2;12;1.018,5;21,8;17;;;60;220;7;10;8;;
16726;1997;6;2;15;1.017,7;23,6;16;;;42;220;5;10;4;;
16726;1997;6;2;18;1.017,7;20;16,8;25,4;19;71;10;4;10;8;;
16726;1997;6;2;21;1.017,7;16,4;15,2;;;87;10;5;10;0;;
16726;1997;6;3;0;1.015,2;15;13,4;;;83;360;5;10;3;;
16726;1997;6;3;3;1.013;16;14;;;79;360;14;10;6;1,4;
16726;1997;6;3;6;1.014,9;18,2;15;26;14,4;69;100;7;10;6;1,6;
16726;1997;6;3;9;1.014,5;23,6;17,2;;;50;140;4;10;5;0,1;
16726;1997;6;3;12;1.012,7;27,6;17;;;30;170;7;10;2;;
16726;1997;6;3;15;1.012;25,6;16,4;;;34;190;8;10;2;;
16726;1997;6;3;18;1.012,2;22,2;17;28;18,2;57;0;0;10;0;0,1;
16726;1997;6;3;21;1.013;17;14;;;70;350;7;10;0;;
16726;1997;6;4;0;1.012,2;15,4;13,2;;;77;350;8;10;0;;
16726;1997;6;4;3;1.012;14,6;13,2;;;85;350;8;10;0;;
16726;1997;6;4;6;1.012,4;20,4;16,4;22,8;14;64;360;7;10;0;;
16726;1997;6;4;9;1.012,2;27,2;19,6;;;47;360;5;10;2;;
16726;1997;6;4;12;1.012,4;26;19;;;49;200;8;10;5;;
16726;1997;6;4;15;1.012,2;27,4;19,6;;;46;220;6;10;3;;
16726;1997;6;4;18;1.012,7;23;19,2;28,2;20,4;68;300;5;10;0;;
16726;1997;6;4;21;1.014,9;18,4;16,2;;;79;360;7;10;0;;
16726;1997;6;5;0;1.014,2;16,2;14,8;;;85;360;6;10;0;;
16726;1997;6;5;3;1.014;14,6;13,4;;;87;350;5;10;5;;
16726;1997;6;5;6;1.014,9;18,6;17;23,4;13,4;84;0;0;10;7;;
16726;1997;6;5;9;1.015,4;25,4;19,2;;;53;0;0;10;5;;
16726;1997;6;5;12;1.015,4;25,8;20;;;56;140;7;10;5;;
16726;1997;6;5;15;1.014,9;23,8;19,2;;;63;200;8;10;5;;
16726;1997;6;5;18;1.015,4;20,8;18,8;27;18,4;82;0;0;10;5;;
16726;1997;6;5;21;1.014,9;18,4;17,2;;;88;0;0;10;5;;
16726;1997;6;6;0;1.013;18,4;17,4;;;90;0;0;10;6;;
16726;1997;6;6;3;1.011,7;17,8;16,6;;;88;30;6;10;7;;
16726;1997;6;6;6;1.011,9;19;17,8;21,4;17,4;88;120;8;6;8;0,2;
16726;1997;6;6;9;1.012,4;24;19,6;;;65;0;0;8;6;0,1;
16726;1997;6;6;12;1.011,9;24;19,6;;;65;130;5;10;8;0,3;
16726;1997;6;6;15;1.010,9;22,2;18,6;;;70;180;8;10;6;;
16726;1997;6;6;18;1.010;19,8;18,4;26;19;87;0;0;10;3;0,4;
16726;1997;6;6;21;1.010;16,2;15,8;;;96;0;0;10;0;;
16726;1997;6;7;0;1.009,5;14,2;14,2;;;100;0;0;10;0;;
16726;1997;6;7;3;1.009;13,8;13,8;;;100;360;5;10;0;;
16726;1997;6;7;6;1.009,5;20;17,6;20,4;13,6;78;360;5;10;1;;
16726;1997;6;7;9;1.009,5;24;19,4;;;63;160;7;10;3;;
16726;1997;6;7;12;1.009,7;24;19,4;;;63;180;9;10;4;;
16726;1997;6;7;15;1.010,4;23,4;18,8;;;63;150;15;10;6;;
16726;1997;6;7;18;1.011,5;22;18,6;25,6;20;71;0;0;10;6;;
16726;1997;6;7;21;1.013,4;20;18,2;;;83;0;0;10;6;;
16726;1997;6;8;0;1.013,4;16,4;15,6;;;92;360;6;10;1;;
16726;1997;6;8;3;1.013,4;14,6;14,2;;;95;360;5;10;0;;
16726;1997;6;8;6;1.013,7;20;17,8;23;14,6;80;350;6;10;0;;
16726;1997;6;8;9;1.014;25;20,8;;;67;200;10;10;1;;
16726;1997;6;8;12;1.014;25,2;20,4;;;62;200;12;10;2;;
16726;1997;6;8;15;1.014,2;25,8;20;;;56;200;12;10;3;;
16726;1997;6;8;18;1.015;22;18;26,4;20;66;250;4;10;2;;
16726;1997;6;8;21;1.016,2;18,2;17,4;;;92;0;0;10;0;;
16726;1997;6;9;0;1.016,2;16,4;15,6;;;92;350;4;10;0;;
16726;1997;6;9;3;1.016,2;15,4;15;;;96;0;0;10;2;;
16726;1997;6;9;6;1.017;19,4;17,6;23;15,4;83;0;0;8;3;;
16726;1997;6;9;9;1.017;24,2;19,6;;;64;150;10;8;3;;
16726;1997;6;9;12;1.017;25;20;;;61;160;14;10;4;;
16726;1997;6;9;15;1.017;22,6;19;;;70;160;8;10;7;;
16726;1997;6;9;18;1.016,7;21,6;18,6;25,6;19,4;74;0;0;10;5;;
16726;1997;6;9;21;1.016,2;17,6;17;;;94;0;0;10;1;;
16726;1997;6;10;0;1.015,5;15,6;15,2;;;96;0;0;10;0;;
16726;1997;6;10;3;1.014,5;15;14,4;;;93;350;9;10;1;;
16726;1997;6;10;6;1.014,4;20,8;17,6;22,2;15;72;360;5;10;0;;
16726;1997;6;10;9;1.013,5;29;18,6;;;33;350;4;10;1;;
16726;1997;6;10;12;1.012,2;25,8;20;;;56;150;10;10;4;;
16726;1997;6;10;15;1.011,4;27;20;;;50;170;6;10;4;;
16726;1997;6;10;18;1.011;25,4;18,4;30,4;20,8;48;20;10;10;4;;
16726;1997;6;10;21;1.011;20;17,4;;;76;0;0;10;0;;
16726;1997;6;11;0;1.011;18,2;17,4;;;92;10;4;10;0;;
16726;1997;6;11;3;1.010,9;16;15;;;89;0;0;10;3;;
16726;1997;6;11;6;1.011,2;21,4;18;26;15,4;70;0;0;10;2;;
16726;1997;6;11;9;1.010,9;27,4;19,6;;;46;170;6;10;2;;
16726;1997;6;11;12;1.010,4;26,8;20,4;;;53;180;11;10;3;;
16726;1997;6;11;15;1.010,4;27;20,6;;;54;170;13;10;3;;
16726;1997;6;11;18;1.010,5;22,4;20;28;21,2;79;0;0;10;3;;
16726;1997;6;11;21;1.011,2;19;18,2;;;92;360;4;10;1;;
16726;1997;6;12;0;1.010,9;16,6;16,2;;;96;350;4;10;0;;
16726;1997;6;12;3;1.010,7;15,6;15,4;;;98;360;4;8;1;;
16726;1997;6;12;6;1.011,4;20,2;18,6;23;15,6;85;0;0;8;0;;
16726;1997;6;12;9;1.010,9;26;21;;;62;210;8;10;2;;
16726;1997;6;12;12;1.010,9;26;21;;;62;190;11;10;2;;
16726;1997;6;12;15;1.010,4;27;20,4;;;52;200;7;10;5;;
16726;1997;6;12;18;1.010,5;25;20;28,4;20,2;61;0;0;10;5;;
16726;1997;6;12;21;1.010,5;19,6;16,6;;;73;360;5;10;2;;
16726;1997;6;13;0;1.010,5;17;15;;;80;350;4;10;0;;
16726;1997;6;13;3;1.010,2;15,4;15;;;96;0;0;8;4;;
16726;1997;6;13;6;1.010,7;20;17;25,4;15;73;0;0;8;2;;
16726;1997;6;13;9;1.010,7;26;19;;;49;170;7;10;2;;
16726;1997;6;13;12;1.010,5;27,4;20;;;48;200;8;10;4;;
16726;1997;6;13;15;1.009,4;25;22;;;76;200;8;10;4;;
16726;1997;6;13;18;1.009,7;22,4;21,4;28;20;91;0;0;8;6;;
16726;1997;6;13;21;1.009,4;20,2;19,8;;;96;0;0;8;6;;
16726;1997;6;14;0;1.008,4;17,6;17,4;;;98;0;0;8;2;;
16726;1997;6;14;3;1.007,7;15,4;15,2;;;98;360;4;8;6;;
16726;1997;6;14;6;1.008,7;21;19,6;22,8;15,2;87;50;6;8;6;;
16726;1997;6;14;9;1.010;25,6;21,4;;;67;160;7;8;4;;
16726;1997;6;14;12;1.009,4;27;20,6;;;54;180;9;10;4;;
16726;1997;6;14;15;1.009,2;26;21;;;62;170;6;10;2;;
16726;1997;6;14;18;1.010;23;20,4;27,6;21;78;0;0;10;0;;
16726;1997;6;14;21;1.010,2;19;18,4;;;94;0;0;10;0;;
16726;1997;6;15;0;1.011;17;16;;;90;350;5;10;0;;
16726;1997;6;15;3;1.010,4;15,2;15;;;98;10;7;10;0;;
16726;1997;6;15;6;1.010,9;21;19;24,5;15;82;0;0;8;0;;
16726;1997;6;15;9;1.011;27,6;20,8;;;52;180;5;10;0;;
16726;1997;6;15;12;1.011;27,6;22;;;59;190;10;10;0;;
16726;1997;6;15;15;1.010,5;28,8;22;;;53;190;5;10;0;;
16726;1997;6;15;18;1.010,9;25;22,2;29,4;21;77;290;4;10;0;;
16726;1997;6;15;21;1.012;21;18,8;;;80;300;5;10;0;;
16726;1997;6;16;0;1.012,2;19;17,6;;;87;0;0;10;0;;
16726;1997;6;16;3;1.011,7;19,4;18;;;87;360;5;10;0;;
16726;1997;6;16;6;1.012,7;24,6;20,6;25,2;16;68;0;0;8;0;;
16726;1997;6;16;9;1.013;27,4;22,4;;;63;160;8;10;0;;
16726;1997;6;16;12;1.014;29,8;21,2;;;43;180;9;10;0;;
16726;1997;6;16;15;1.014;30;21,4;;;43;180;7;10;0;;
16726;1997;6;16;18;1.014,4;27;21,1;31,6;24,6;57;0;0;10;0;;
16726;1997;6;16;21;1.014,5;20,6;19,2;;;87;360;4;10;0;;
16726;1997;6;17;0;1.014,2;18,6;17;;;84;350;4;10;0;;
16726;1997;6;17;3;1.014;16,6;15,6;;;90;360;4;10;0;;
16726;1997;6;17;6;1.015,5;22,8;19,4;27;16,6;71;0;0;8;0;;
16726;1997;6;17;9;1.015,5;27,4;22,6;;;65;210;5;8;0;;
16726;1997;6;17;12;1.016,2;29;23;;;58;200;10;10;0;;
16726;1997;6;17;15;1.015,9;28;22,8;;;63;200;7;10;0;;
16726;1997;6;17;18;1.015,5;26;22,2;29,4;22,8;70;0;0;10;1;;
16726;1997;6;17;21;1.016;20;19,2;;;92;360;5;10;0;;
16726;1997;6;18;0;1.015;17,6;17,4;;;98;360;5;10;0;;
16726;1997;6;18;3;1.014,2;19;18,2;;;92;350;7;10;0;;
16726;1997;6;18;6;1.014,2;25,2;20,4;26;17,6;62;0;0;8;0;;
16726;1997;6;18;9;1.014,5;28,8;22,8;;;58;150;5;8;0;;
16726;1997;6;18;12;1.013,2;30;22,6;;;51;190;8;10;0;;
16726;1997;6;18;15;1.012,7;30,2;22;;;46;190;6;10;0;;
16726;1997;6;18;18;1.012,5;27;21,6;31,2;25,2;61;0;0;10;0;;
16726;1997;6;18;21;1.013,4;24,6;17,6;;;48;360;7;10;0;;
16726;1997;6;19;0;1.011,9;22,4;17,4;;;58;360;8;10;0;;
16726;1997;6;19;3;1.011;20;16,8;;;71;360;5;10;0;;
16726;1997;6;19;6;1.012,5;26,4;21;27,2;20;60;20;5;10;0;;
16726;1997;6;19;9;1.011,4;37,4;22,6;;;24;360;5;10;0;;
16726;1997;6;19;12;1.010,9;39;23,8;;;26;40;12;10;1;;
16726;1997;6;19;15;1.009,7;34,4;24,8;;;44;200;5;10;2;;
16726;1997;6;19;18;1.010;31;29;39,4;26,4;86;20;14;10;0;;
16726;1997;6;19;21;1.010,5;26,4;17,4;;;36;360;5;10;0;;
16726;1997;6;20;0;1.009;21;16;;;57;360;6;10;0;;
16726;1997;6;20;3;1.009;20;15;;;56;350;7;8;0;;
16726;1997;6;20;6;1.009,2;23,6;18;31;18;56;350;5;8;0;;
16726;1997;6;20;9;1.008,7;34,6;22,2;;;32;220;5;10;3;;
16726;1997;6;20;12;1.008,4;33,4;23,4;;;40;180;9;10;5;;
16726;1997;6;20;15;1.007;30,2;22,6;;;50;150;8;10;1;;
16726;1997;6;20;18;1.007,2;26;23,2;35;23,6;78;0;0;10;1;;
16726;1997;6;20;21;1.008,4;22;21;;;91;0;0;10;0;;
16726;1997;6;21;0;1.008;20,4;19,8;;;94;0;0;10;0;;
16726;1997;6;21;3;1.008;22,4;21,6;;;93;360;7;10;1;;
16726;1997;6;21;6;1.010;26;22;26,2;20,4;69;20;5;18;1;;
16726;1997;6;21;9;1.010;30,8;20,6;;;38;360;10;10;0;;
16726;1997;6;21;12;1.009,4;32,6;21,8;;;35;20;16;10;0;;
16726;1997;6;21;15;1.009,4;32,2;22,2;;;39;20;16;10;0;;
16726;1997;6;21;18;1.010,5;26;21;33;26;62;30;12;10;0;;
16726;1997;6;21;21;1.010,5;23;19;;;67;360;9;10;0;;
16726;1997;6;22;0;1.010,5;20;18,4;;;85;20;10;10;0;;
16726;1997;6;22;3;1.010,5;20;17,4;;;76;10;9;10;0;;
16726;1997;6;22;6;1.010,9;24;19,4;26;18,6;63;20;5;10;0;;
16726;1997;6;22;9;1.011,7;28;20;;;45;150;5;10;0;;
16726;1997;6;22;12;1.011,4;29,2;22,6;;;55;180;7;10;0;;
16726;1997;6;22;15;1.010,5;30,2;21,8;;;45;180;5;10;0;;
16726;1997;6;22;18;1.010,9;26,8;21,8;30,6;24;63;0;0;10;0;;
16726;1997;6;22;21;1.011,2;23;18,6;;;64;350;6;10;0;;
16726;1997;6;23;0;1.010;18,6;16,4;;;79;0;0;10;0;;
16726;1997;6;23;3;1.009,7;16,6;15,2;;;85;0;0;10;0;;
16726;1997;6;23;6;1.011,5;23,2;19;27,2;16,6;66;360;5;10;4;;
16726;1997;6;23;9;1.010;31,8;22,6;;;43;0;0;10;0;;
16726;1997;6;23;12;1.008,2;33;23;;;40;170;8;10;3;;
16726;1997;6;23;15;1.007,4;29;23,8;;;63;190;7;10;0;;
16726;1997;6;23;18;1.006,7;26,2;22;33,4;23,2;68;0;0;10;2;;
16726;1997;6;23;21;1.006,7;20;18,6;;;87;360;4;10;2;;
16726;1997;6;24;0;1.005;18;15,6;;;77;350;7;10;0;;
16726;1997;6;24;3;1.005;17;14,6;;;76;360;9;10;0;;
16726;1997;6;24;6;1.005,4;25,4;20,6;27,2;17;63;360;5;10;0;;
16726;1997;6;24;9;1.004,5;31,6;21,8;;;39;30;11;10;0;;
16726;1997;6;24;12;1.003,5;31,6;22,4;;;42;10;18;10;1;;
16726;1997;6;24;15;1.003,4;30;22;;;47;350;16;10;1;;
16726;1997;6;24;18;1.004,5;25;20;33;25;61;360;12;10;0;;
16726;1997;6;24;21;1.005;21,8;18,6;;;73;10;8;10;0;;
16726;1997;6;25;0;1.004,7;21;17,8;;;72;10;15;10;0;;
16726;1997;6;25;3;1.004;20,2;17;;;71;360;10;10;0;;
16726;1997;6;25;6;1.003,4;22,8;19;25,4;18,6;68;10;17;10;0;;
16726;1997;6;25;9;1.003,7;28;20,4;;;47;10;13;10;0;;
16726;1997;6;25;12;1.003,4;30,4;19,8;;;34;350;17;10;0;;
16726;1997;6;25;15;1.003,5;29;18,6;;;33;350;14;10;0;;
16726;1997;6;25;18;1.003,9;25;18;30,4;22,8;48;350;11;10;0;;
16726;1997;6;25;21;1.005,7;20,8;18,8;;;82;20;10;10;1;;
16726;1997;6;26;0;1.004,2;18;15,6;;;77;20;8;10;0;;
16726;1997;6;26;3;1.004,5;20;16,2;;;66;20;10;10;0;;
16726;1997;6;26;6;1.005,5;22,2;18,4;26;18;67;10;12;10;0;;
16726;1997;6;26;9;1.005,7;26;19,6;;;53;210;4;10;2;;
16726;1997;6;26;12;1.005,5;26,8;21;;;57;200;6;10;2;;
16726;1997;6;26;15;1.005,5;28,4;20,6;;;47;0;0;10;2;;
16726;1997;6;26;18;1.005,4;25;18;29,6;22,2;48;10;14;10;2;;
16726;1997;6;26;21;1.007;22;18;;;66;10;10;10;0;;
16726;1997;6;27;0;1.006,5;17;15,8;;;88;340;7;10;0;;
16726;1997;6;27;3;1.007;15,8;14,6;;;87;350;7;10;0;;
16726;1997;6;27;6;1.008,2;21,4;16,2;29,6;15,8;56;360;5;10;2;;
16726;1997;6;27;9;1.008,2;28,8;19,6;;;40;220;5;10;1;;
16726;1997;6;27;12;1.009;27,8;19,8;;;45;200;10;10;0;;
16726;1997;6;27;15;1.009;28;20;;;45;210;10;10;0;;
16726;1997;6;27;18;1.009;26,4;18,6;29,4;21,4;45;0;0;10;0;;
16726;1997;6;27;21;1.010;18;15,6;;;77;0;0;10;0;;
16726;1997;6;28;0;1.010;16;15;;;89;0;0;10;0;;
16726;1997;6;28;3;1.010,4;15;14,2;;;91;350;7;10;0;;
16726;1997;6;28;6;1.010,5;21,8;18,6;27,2;15;73;0;0;8;0;;
16726;1997;6;28;9;1.011,2;29,4;21,6;;;48;0;0;10;0;;
16726;1997;6;28;12;1.010,9;28,2;22,2;;;57;200;12;10;0;;
16726;1997;6;28;15;1.010;27,8;22,2;;;59;190;6;10;0;;
16726;1997;6;28;18;1.010,5;25,6;21,4;30;21,8;67;0;0;10;3;;
16726;1997;6;28;21;1.010;20,6;19,4;;;89;0;0;10;2;;
16726;1997;6;29;0;1.008,5;19;18,2;;;92;0;0;10;2;;
16726;1997;6;29;3;1.007,7;20;18,8;;;89;230;4;10;3;;
16726;1997;6;29;6;1.008,4;23,6;20,6;26;19;75;0;0;10;0;;
16726;1997;6;29;9;1.007;31,2;24;;;53;170;6;10;0;;
16726;1997;6;29;12;1.006;32,6;23,2;;;42;210;8;10;0;;
16726;1997;6;29;15;1.004,4;30,2;22,8;;;51;220;7;10;0;;
16726;1997;6;29;18;1.005;27,4;23,4;33,2;23,6;70;0;0;10;0;;
16726;1997;6;29;21;1.005;23,6;20;;;70;0;0;10;0;;
16726;1997;6;30;0;1.005;20;19,6;;;96;0;0;10;0;;
16726;1997;6;30;3;1.004,7;18,8;18;;;92;0;0;8;0;;
16726;1997;6;30;6;1.005;22,6;20,4;28,2;18,4;81;0;0;8;0;;
16726;1997;6;30;9;1.005,5;29;22,8;;;57;150;5;10;0;;
16726;1997;6;30;12;1.005,7;30;23,4;;;55;170;10;10;0;;
16726;1997;6;30;15;1.005,2;31,2;22,6;;;46;140;9;10;0;;
16726;1997;6;30;18;1.006;26,4;22;31,4;22,6;67;10;8;10;0;;
16726;1997;6;30;21;1.006,7;22,4;19,4;;;74;350;6;10;0;;
16726;1997;7;1;0;1.006,5;22;21;;;91;360;7;10;0;;
16726;1997;7;1;3;1.006,5;20,8;19,6;;;89;360;7;10;0;;
16726;1997;7;1;6;1.007,5;24,4;20,6;27,6;20,4;70;10;15;8;0;;
16726;1997;7;1;9;1.007,4;29,4;22,6;;;54;350;12;8;0;;
16726;1997;7;1;12;1.007;32,4;22;;;37;20;16;10;0;;
16726;1997;7;1;15;1.007;30,6;21,2;;;40;10;12;10;0;;
16726;1997;7;1;18;1.008,2;25;19;32,6;24,4;54;10;13;10;0;;
16726;1997;7;1;21;1.010;21,4;16,2;;;56;10;15;10;0;;
16726;1997;7;2;0;1.009,7;22;17;;;58;20;14;10;0;;
16726;1997;7;2;3;1.009,4;22;17;;;58;10;11;10;0;;
16726;1997;7;2;6;1.010,4;24,2;18,2;25,4;21,4;53;360;10;10;0;;
16726;1997;7;2;9;1.011,7;27,8;20,6;;;50;180;5;10;0;;
16726;1997;7;2;12;1.012,2;28,4;22;;;55;150;10;10;1;;
16726;1997;7;2;15;1.011,9;30;22,4;;;49;170;8;10;1;;
16726;1997;7;2;18;1.012,7;26,8;21,4;31,4;24,2;60;150;4;10;3;;
16726;1997;7;2;21;1.014,7;21;19;;;82;350;4;10;0;;
16726;1997;7;3;0;1.014,4;19,6;17,6;;;81;350;6;10;0;;
16726;1997;7;3;3;1.013,7;19,2;17;;;79;360;7;10;0;;
16726;1997;7;3;6;1.014,9;25;19;27,2;18,4;54;350;7;10;0;;
16726;1997;7;3;9;1.014,9;30,6;23;;;50;200;7;10;0;;
16726;1997;7;3;12;1.014,5;30,6;23;;;50;200;11;10;0;;
16726;1997;7;3;15;1.013,7;30,8;23,2;;;50;220;5;10;0;;
16726;1997;7;3;18;1.014;25,4;22,4;32,4;25;76;0;0;10;0;;
16726;1997;7;3;21;1.015,2;22;20;;;82;0;0;10;0;;
16726;1997;7;4;0;1.015;18,2;17,6;;;94;0;0;10;0;;
16726;1997;7;4;3;1.014,4;16,2;16,2;;;100;0;0;10;0;;
16726;1997;7;4;6;1.015,4;23;21,4;26,6;16,2;86;0;0;8;0;;
16726;1997;7;4;9;1.015,9;28;22,4;;;59;180;8;8;0;;
16726;1997;7;4;12;1.015,2;30;23,2;;;54;190;7;10;0;;
16726;1997;7;4;15;1.014,5;31,2;23,2;;;48;210;5;10;0;;
16726;1997;7;4;18;1.014,9;27;22,2;31,6;23;64;0;0;10;0;;
16726;1997;7;4;21;1.015;22,2;18,8;;;71;0;0;10;0;;
16726;1997;7;5;0;1.014;19,6;18;;;85;360;4;10;0;;
16726;1997;7;5;3;1.013;20,2;17,4;;;74;350;5;10;0;;
16726;1997;7;5;6;1.013,7;25,4;21,2;27,4;19,4;67;0;0;10;0;;
16726;1997;7;5;9;1.014;32,6;23,4;;;43;200;6;10;0;;
16726;1997;7;5;12;1.014;31,4;24,2;;;53;190;12;10;0;;
16726;1997;7;5;15;1.013,5;32,4;23,4;;;44;210;8;10;0;;
16726;1997;7;5;18;1.013;28;23;33,4;25,4;64;0;0;10;0;;
16726;1997;7;5;21;1.013,5;22,4;19;;;71;360;5;10;0;;
16726;1997;7;6;0;1.013,2;20,4;18,2;;;80;0;0;10;0;;
16726;1997;7;6;3;1.012;18,8;17;;;83;360;4;10;0;;
16726;1997;7;6;6;1.013;24,2;19,6;28;18,8;64;0;0;8;0;;
16726;1997;7;6;9;1.012,4;32;24,6;;;53;170;5;8;0;;
16726;1997;7;6;12;1.010,2;32,4;23,4;;;44;170;7;8;1;;
16726;1997;7;6;15;1.008,5;34;25,4;;;48;190;4;8;1;;
16726;1997;7;6;18;1.008,4;30,8;20;36,4;24,2;32;10;10;10;0;;
16726;1997;7;6;21;1.009;26;19;;;49;10;10;10;0;;
16726;1997;7;7;0;1.009;24;19,4;;;63;20;14;10;0;;
16726;1997;7;7;3;1.008,4;22,6;18;;;62;10;9;10;0;;
16726;1997;7;7;6;1.007,9;24,4;19;30,8;22;58;10;15;10;0;;
16726;1997;7;7;9;1.008;28,6;20,4;;;44;10;12;10;0;;
16726;1997;7;7;12;1.008,2;30,4;19,8;;;34;340;12;10;0;;
16726;1997;7;7;15;1.008,2;27,6;19,2;;;42;360;15;10;0;;
16726;1997;7;7;18;1.008,4;24,2;19;30,6;24,2;59;20;15;10;0;;
16726;1997;7;7;21;1.009,4;20,4;18,2;;;80;10;10;10;0;;
16726;1997;7;8;0;1.009;18,8;17;;;83;360;6;10;0;;
16726;1997;7;8;3;1.008,5;18;16,2;;;82;360;7;10;0;;
16726;1997;7;8;6;1.009;22,4;18;24,6;17,4;63;20;12;10;0;;
16726;1997;7;8;9;1.008,7;28,2;19,6;;;42;20;12;10;0;;
16726;1997;7;8;12;1.009,2;29,4;19,4;;;35;350;15;10;1;;
16726;1997;7;8;15;1.009,4;28,2;19,4;;;40;340;14;10;2;;
16726;1997;7;8;18;1.010;24,8;18,2;30,4;22,4;50;340;5;10;0;;
16726;1997;7;8;21;1.011,5;20,2;16,8;;;70;340;5;10;0;;
16726;1997;7;9;0;1.011;20,8;16,6;;;64;20;5;10;0;;
16726;1997;7;9;3;1.011;18,8;16,4;;;77;20;7;10;0;;
16726;1997;7;9;6;1.010,7;24;19,2;24,8;17,6;62;360;5;10;1;;
16726;1997;7;9;9;1.011,2;27;20,2;;;51;340;8;10;2;;
16726;1997;7;9;12;1.010,7;29;21;;;46;30;11;10;2;;
16726;1997;7;9;15;1.010,2;28;21,2;;;52;10;14;10;3;;
16726;1997;7;9;18;1.010,5;24;19,8;29,4;24;66;10;10;10;1;;
16726;1997;7;9;21;1.011,4;21,4;19;;;79;20;13;10;0;;
16726;1997;7;10;0;1.011,5;20,4;18,2;;;80;20;14;10;0;;
16726;1997;7;10;3;1.011;20;18;;;81;10;10;10;0;;
16726;1997;7;10;6;1.010,9;23,4;19;24;18,8;64;10;12;10;0;;
16726;1997;7;10;9;1.010,7;29,8;20,6;;;41;350;8;10;0;;
16726;1997;7;10;12;1.010,5;32,4;21,6;;;35;350;12;10;0;;
16726;1997;7;10;15;1.010,5;31;20,4;;;34;340;15;10;0;;
16726;1997;7;10;18;1.011;26,4;19,2;33;23,4;48;10;15;10;0;;
16726;1997;7;10;21;1.011,9;21,6;17,8;;;67;10;7;10;0;;
16726;1997;7;11;0;1.011,2;19,2;16,2;;;72;350;9;10;0;;
16726;1997;7;11;3;1.011,2;19;15,2;;;65;350;9;10;0;;
16726;1997;7;11;6;1.011,7;23,2;17,2;26,8;18,4;52;350;5;10;0;;
16726;1997;7;11;9;1.011,9;27,4;21,8;;;59;180;7;10;0;;
16726;1997;7;11;12;1.011,7;28;21;;;51;200;8;10;0;;
16726;1997;7;11;15;1.010,5;30;22,2;;;48;180;5;10;0;;
16726;1997;7;11;18;1.010,5;25,6;21,4;32;23,2;67;0;0;10;0;;
16726;1997;7;11;21;1.011;20,6;19,4;;;89;350;5;10;0;;
16726;1997;7;12;0;1.009,2;21,2;17,6;;;69;0;0;10;0;;
16726;1997;7;12;3;1.010;18,4;15,2;;;69;0;0;10;2;;
16726;1997;7;12;6;1.009;23;18;25,8;18,2;59;360;5;10;3;;
16726;1997;7;12;9;1.008,4;31,4;20,2;;;32;0;0;10;2;;
16726;1997;7;12;12;1.007;32,4;21,6;;;35;190;7;10;0;;
16726;1997;7;12;15;1.006,4;32;19,6;;;29;10;14;10;0;;
16726;1997;7;12;18;1.006,9;27,8;18,4;34,4;23;36;10;15;10;0;;
16726;1997;7;12;21;1.008,5;21,4;18;;;70;350;6;10;0;;
16726;1997;7;13;0;1.008,5;23;17,4;;;54;360;10;10;0;;
16726;1997;7;13;3;1.008,7;20,8;17;;;67;0;0;10;0;;
16726;1997;7;13;6;1.010;23,4;18,8;28;18,6;63;350;6;10;0;;
16726;1997;7;13;9;1.010,5;30,4;22,6;;;49;180;7;10;0;;
16726;1997;7;13;12;1.010,7;29;23;;;58;180;9;10;2;;
16726;1997;7;13;15;1.010,2;31,6;21,4;;;38;350;5;10;1;;
16726;1997;7;13;18;1.010,2;26,8;20,4;31,8;23,4;53;20;7;10;0;;
16726;1997;7;13;21;1.012;23,8;18,8;;;60;20;8;10;0;;
16726;1997;7;14;0;1.012;21,4;18,6;;;76;20;10;10;0;;
16726;1997;7;14;3;1.012,2;19,8;17,8;;;81;360;5;10;0;;
16726;1997;7;14;6;1.013,7;21,8;19,6;27;19;81;0;0;10;0;;
16726;1997;7;14;9;1.014,5;28,8;22,2;;;54;150;6;10;2;;
16726;1997;7;14;12;1.014;29,2;23,2;;;58;170;8;10;3;;
16726;1997;7;14;15;1.013,7;29,8;22,6;;;52;160;10;10;2;;
16726;1997;7;14;18;1.014,2;25,8;21;30,4;21,8;63;190;5;10;1;;
16726;1997;7;14;21;1.015,5;20;18,6;;;87;0;0;10;0;;
16726;1997;7;15;0;1.014,7;17,8;16,4;;;86;350;7;10;0;;
16726;1997;7;15;3;1.014,2;17,8;16;;;82;350;6;10;0;;
16726;1997;7;15;6;1.015,4;23;19,4;26;17,2;70;0;0;10;0;;
16726;1997;7;15;9;1.015,2;27,6;22;;;59;210;5;10;0;;
16726;1997;7;15;12;1.014;28,2;22,8;;;61;210;8;10;0;;
16726;1997;7;15;15;1.012,5;29;23,2;;;59;200;7;10;0;;
16726;1997;7;15;18;1.012,4;26,6;20,4;31,2;19,4;54;360;8;10;0;;
16726;1997;7;15;21;1.012,4;22,6;21,2;;;88;350;4;10;0;;
16726;1997;7;16;0;1.011,5;20,2;20;;;98;350;5;10;0;;
16726;1997;7;16;3;1.010,5;18,2;18;;;98;340;5;10;0;;
16726;1997;7;16;6;1.010,2;22,8;20,8;26,8;18,2;83;20;8;8;0;;
16726;1997;7;16;9;1.009,7;30;22,4;;;49;20;10;8;0;;
16726;1997;7;16;12;1.009;31,6;23;;;46;10;13;10;1;;
16726;1997;7;16;15;1.008,2;30;20,8;;;41;10;18;10;1;;
16726;1997;7;16;18;1.008,7;26,4;20,2;32;22,8;54;10;7;10;3;;
16726;1997;7;16;21;1.012,2;23,4;21,8;;;86;0;0;10;4;;
16726;1997;7;17;0;1.012,2;21,2;20,4;;;93;0;0;10;3;;
16726;1997;7;17;3;1.012,4;18,8;18,2;;;94;350;4;10;1;;
16726;1997;7;17;6;1.013,7;22,4;18,8;26,6;18,2;70;0;0;8;0;;
16726;1997;7;17;9;1.014,5;27,6;21,6;;;57;150;8;10;0;;
16726;1997;7;17;12;1.014;28;23,2;;;65;180;10;10;2;;
16726;1997;7;17;15;1.014;27,8;22,4;;;61;180;12;10;3;;
16726;1997;7;17;18;1.015;23,6;22;29,2;22,2;86;200;5;10;3;;
16726;1997;7;17;21;1.016,4;20,2;19,8;;;96;0;0;10;0;;
16726;1997;7;18;0;1.015,5;18,6;18;;;94;360;4;10;0;;
16726;1997;7;18;3;1.015,4;16,8;16,4;;;96;0;0;10;0;;
16726;1997;7;18;6;1.015,7;21;19;24;16;82;0;0;8;1;;
16726;1997;7;18;9;1.016,2;28;22;;;57;0;0;10;1;;
16726;1997;7;18;12;1.015,4;28,2;23,4;;;65;200;8;10;1;;
16726;1997;7;18;15;1.016,2;27,8;22,6;;;63;170;8;10;0;;
16726;1997;7;18;18;1.015;24,8;22,2;30,2;21;79;0;0;10;0;;
16726;1997;7;18;21;1.015,2;21;20,2;;;93;0;0;10;1;;
16726;1997;7;19;0;1.014,9;18,6;18;;;94;350;4;10;0;;
16726;1997;7;19;3;1.014,5;16,6;16,4;;;98;0;0;10;0;;
16726;1997;7;19;6;1.015;20,4;18,8;26;16,4;85;0;0;8;0;;
16726;1997;7;19;9;1.015,7;28,2;22,8;;;61;0;0;10;0;;
16726;1997;7;19;12;1.014,7;28,8;24,6;;;70;150;7;10;0;;
16726;1997;7;19;15;1.013,5;29;26;;;78;130;8;10;0;;
16726;1997;7;19;18;1.013,4;27,4;24,6;30,4;20,4;79;300;5;10;0;;
16726;1997;7;19;21;1.014,5;23;22,4;;;95;0;0;10;0;;
16726;1997;7;20;0;1.013;21;20,8;;;98;0;0;10;0;;
16726;1997;7;20;3;1.012,2;21;21;;;100;360;5;10;0;;
16726;1997;7;20;6;1.013;23,8;22,6;27,8;20,6;90;350;4;8;0;;
16726;1997;7;20;9;1.013,5;29;25,2;;;72;180;4;10;0;;
16726;1997;7;20;12;1.012,7;30,6;25,8;;;67;200;8;10;0;;
16726;1997;7;20;15;1.012,5;32,8;21,8;;;35;360;12;10;0;;
16726;1997;7;20;18;1.013,2;27,6;19,6;34,6;23,8;45;10;8;10;0;;
16726;1997;7;20;21;1.015;23,6;21,6;;;83;360;7;10;0;;
16726;1997;7;21;0;1.014,4;21,8;21;;;93;360;7;10;0;;
16726;1997;7;21;3;1.013;19,8;18,2;;;85;360;7;10;0;;
16726;1997;7;21;6;1.013,7;24,4;19,2;28;19,8;59;0;0;10;0;;
16726;1997;7;21;9;1.014,5;29,8;23,6;;;58;180;8;10;0;;
16726;1997;7;21;12;1.014;34;20,6;;;27;20;15;10;1;;
16726;1997;7;21;15;1.012,7;34,6;20,6;;;24;20;12;10;0;;
16726;1997;7;21;18;1.012,7;29,6;18;35,6;24,4;28;20;9;10;0;;
16726;1997;7;21;21;1.013,9;24,2;18,4;;;54;360;5;10;0;;
16726;1997;7;22;0;1.014;19,4;15,4;;;63;360;7;10;0;;
16726;1997;7;22;3;1.013;19,4;15,4;;;63;360;7;10;0;;
16726;1997;7;22;6;1.013,5;21,2;18,6;29,6;17;77;0;0;10;0;;
16726;1997;7;22;9;1.013,5;30,2;23,4;;;54;210;5;10;0;;
16726;1997;7;22;12;1.013;29,6;24,4;;;63;210;5;10;0;;
16726;1997;7;22;15;1.012;34;20;;;23;360;12;10;0;;
16726;1997;7;22;18;1.011,9;28,8;20,8;35,2;21,2;46;20;12;10;0;;
16726;1997;7;22;21;1.013,7;24,2;20,2;;;68;10;10;10;0;;
16726;1997;7;23;0;1.013,5;20,8;17,8;;;73;350;7;10;0;;
16726;1997;7;23;3;1.012,7;20;16,6;;;70;350;7;10;0;;
16726;1997;7;23;6;1.013,5;24,2;18,8;29;20;58;0;0;10;0;;
16726;1997;7;23;9;1.014,2;28,6;22,8;;;59;200;7;10;0;;
16726;1997;7;23;12;1.013,4;30,2;23;;;52;210;5;10;0;;
16726;1997;7;23;15;1.012,2;30,4;23;;;51;230;5;10;0;;
16726;1997;7;23;18;1.012,4;28;21;32,4;24,2;51;10;14;10;0;;
16726;1997;7;23;21;1.014,2;24,8;20,2;;;64;10;7;10;0;;
16726;1997;7;24;0;1.014,5;20;18,2;;;83;360;6;10;0;;
16726;1997;7;24;3;1.014,5;18,2;17;;;88;360;6;10;0;;
16726;1997;7;24;6;1.015;21,8;18,8;28,4;17,8;74;350;4;10;0;;
16726;1997;7;24;9;1.015,7;30;22,8;;;52;200;5;10;0;;
16726;1997;7;24;12;1.015,7;30,6;24;;;56;200;10;10;0;;
16726;1997;7;24;15;1.014,9;30,2;23,6;;;56;180;8;10;0;;
16726;1997;7;24;18;1.014;26,2;23,4;31,8;21,8;78;220;4;10;0;;
16726;1997;7;24;21;1.013,7;21,6;21,2;;;96;0;0;10;0;;
16726;1997;7;25;0;1.012,7;19,4;19;;;96;350;5;10;4;;
16726;1997;7;25;3;1.011,4;19,6;17,8;;;83;360;5;10;7;;
16726;1997;7;25;6;1.011,2;22,4;19,6;27,4;19,4;76;360;5;10;7;;
16726;1997;7;25;9;1.010,7;29;23,4;;;60;170;5;8;6;;
16726;1997;7;25;12;1.011;28;23,4;;;66;150;5;10;6;;
16726;1997;7;25;15;1.008,7;30;23;;;53;190;8;10;5;;
16726;1997;7;25;18;1.007,5;26,2;21,8;31,4;22,4;67;0;0;10;2;;
16726;1997;7;25;21;1.006,5;20,8;18,4;;;78;0;0;10;0;;
16726;1997;7;26;0;1.005,7;18,8;17,6;;;88;0;0;10;2;;
16726;1997;7;26;3;1.004,7;18,6;16,6;;;81;340;7;10;2;;
16726;1997;7;26;6;1.004,7;21;17,2;26,2;18,6;67;350;5;10;3;;
16726;1997;7;26;9;1.005,2;29;25,4;;;74;350;10;10;3;;
16726;1997;7;26;12;1.004,7;31,6;23,6;;;49;250;12;10;3;;
16726;1997;7;26;15;1.004,4;31;23;;;48;350;14;10;2;;
16726;1997;7;26;18;1.005,7;27,2;22,4;32;21;64;10;10;10;1;;
16726;1997;7;26;21;1.007,7;25;22,4;;;79;20;10;10;1;;
16726;1997;7;27;0;1.007,4;22,8;22;;;93;10;6;10;0;;
16726;1997;7;27;3;1.007,9;21;20,4;;;94;10;6;10;0;;
16726;1997;7;27;6;1.008,7;24;21,8;27,8;21;82;20;10;8;0;;
16726;1997;7;27;9;1.009;28,8;22,8;;;58;10;7;10;1;;
16726;1997;7;27;12;1.008,7;29;24;;;65;200;12;10;2;;
16726;1997;7;27;15;1.008,7;29,8;24;;;60;210;7;10;2;;
16726;1997;7;27;18;1.009;26;20;32,6;24;55;20;14;10;2;;
16726;1997;7;27;21;1.009,5;21;18;;;73;340;5;10;0;;
16726;1997;7;28;0;1.011;17;16;;;90;0;0;10;0;;
16726;1997;7;28;3;1.011;17;16;;;90;0;0;10;0;;
16726;1997;7;28;6;1.012,2;22,6;20,8;26;17;84;0;0;10;0;;
16726;1997;7;28;9;1.013;28,2;23,4;;;65;0;0;10;2;;
16726;1997;7;28;12;1.012,7;28,2;24;;;69;200;8;10;2;;
16726;1997;7;28;15;1.013;27,8;23,6;;;69;140;10;10;4;;
16726;1997;7;28;18;1.013,5;26;22,8;29,6;22,6;75;150;4;10;5;;
16726;1997;7;28;21;1.015;22;21;;;91;0;0;10;0;;
16726;1997;7;29;0;1.015;19,6;19,2;;;96;350;4;10;0;;
16726;1997;7;29;3;1.014,4;18,2;18;;;98;350;5;10;0;;
16726;1997;7;29;6;1.014,5;23,4;21;26,4;18,2;80;10;7;8;2;;
16726;1997;7;29;9;1.014,4;28,2;23,4;;;65;210;5;8;4;;
16726;1997;7;29;12;1.013,5;29;24,6;;;69;210;8;10;4;;
16726;1997;7;29;15;1.012,4;29,4;23,6;;;60;180;8;10;4;;
16726;1997;7;29;18;1.012,7;25,6;23,4;31,6;23,4;82;0;0;8;6;;
16726;1997;7;29;21;1.013;23,6;21,2;;;80;0;0;10;3;;
16726;1997;7;30;0;1.012;19,4;18,6;;;92;360;5;10;2;;
16726;1997;7;30;3;1.011;18,2;17;;;88;360;6;10;2;;
16726;1997;7;30;6;1.011;23,8;20;31,4;18,2;69;360;5;10;1;;
16726;1997;7;30;9;1.010,7;32,4;23,4;;;44;50;7;10;2;;
16726;1997;7;30;12;1.009,7;31;24,2;;;55;180;10;10;4;;
16726;1997;7;30;15;1.009;31,2;23,8;;;52;60;5;10;6;;
16726;1997;7;30;18;1.009,7;25,4;21,6;34,4;23,8;70;10;10;10;4;;
16726;1997;7;30;21;1.010,5;23;20,8;;;81;360;6;10;2;;
16726;1997;7;31;0;1.010;20,8;19,6;;;89;0;0;10;0;;
16726;1997;7;31;3;1.009,4;18,8;18,2;;;94;0;0;10;0;;
16726;1997;7;31;6;1.009,5;22,6;20,6;26;18,8;83;360;5;8;0;;
16726;1997;7;31;9;1.009;28,4;23,6;;;66;200;8;10;3;;
16726;1997;7;31;12;1.008,5;29;24,8;;;70;140;13;10;6;;
16726;1997;7;31;15;1.009;25;22,4;;;79;310;4;10;5;7,5;
16726;1997;7;31;18;1.008,4;24,4;21,2;30,4;22;74;30;5;10;4;7,5;
16726;1997;7;31;21;1.008,5;21,2;19,2;;;82;360;7;10;2;;
16726;1997;8;1;0;1.007,9;20;18;;;81;0;0;10;2;;
16726;1997;8;1;3;1.007,5;19;18;;;90;0;0;10;2;;
16726;1997;8;1;6;1.008;22;19;25;19;74;0;0;8;0;;
16726;1997;8;1;9;1.008;28;22;;;57;190;6;10;2;;
16726;1997;8;1;12;1.008;29;23;;;58;180;7;10;2;;
16726;1997;8;1;15;1.007;28,6;22;;;54;180;10;10;3;;
16726;1997;8;1;18;1.007,4;26;22,6;30,2;21,8;74;0;0;10;2;;
16726;1997;8;1;21;1.008,5;22,2;20,4;;;84;340;5;10;0;;
16726;1997;8;2;0;1.008,4;20,6;19,8;;;93;360;5;10;0;;
16726;1997;8;2;3;1.007,7;19,2;18,2;;;90;360;6;10;0;;
16726;1997;8;2;6;1.007,7;22;19,6;27;19;79;0;0;8;0;;
16726;1997;8;2;9;1.007,9;28,4;21;;;49;190;5;8;1;;
16726;1997;8;2;12;1.007,7;29,8;21,8;;;47;240;11;10;5;;
16726;1997;8;2;15;1.006,9;29,8;21,8;;;47;270;8;10;5;;
16726;1997;8;2;18;1.007,4;26,2;21,4;30,4;22;63;30;11;10;2;;
16726;1997;8;2;21;1.008,4;23;21,4;;;86;10;9;10;0;;
16726;1997;8;3;0;1.008,4;22;19,6;;;79;360;6;10;0;;
16726;1997;8;3;3;1.008,4;20;19;;;91;20;10;10;0;;
16726;1997;8;3;6;1.009,5;22;18;26,4;18,6;66;20;10;10;0;;
16726;1997;8;3;9;1.010;28,2;19,4;;;40;10;10;10;1;;
16726;1997;8;3;12;1.009,7;29,8;19,4;;;33;20;12;10;1;;
16726;1997;8;3;15;1.009,4;29,4;18;;;28;360;10;10;1;;
16726;1997;8;3;18;1.010;24,8;18;30,6;22;49;20;18;10;0;;
16726;1997;8;3;21;1.011,7;21,8;17,6;;;65;20;8;10;0;;
16726;1997;8;4;0;1.012,2;19,2;16,6;;;76;350;7;10;0;;
16726;1997;8;4;3;1.011,7;17;15,2;;;82;360;5;10;0;;
16726;1997;8;4;6;1.012,4;21;17,6;26;16,6;70;0;0;10;0;;
16726;1997;8;4;9;1.013;27;21;;;56;210;6;10;2;;
16726;1997;8;4;12;1.013,2;27,4;21,4;;;56;180;12;10;4;;
16726;1997;8;4;15;1.012,7;27,2;21,8;;;61;170;12;10;4;;
16726;1997;8;4;18;1.013;24,8;20,6;29;21;67;160;6;10;3;;
16726;1997;8;4;21;1.014,2;20,8;19;;;84;20;5;10;2;;
16726;1997;8;5;0;1.013,4;19;16,4;;;75;0;0;10;0;;
16726;1997;8;5;3;1.012,5;16,8;15,2;;;83;360;8;10;0;;
16726;1997;8;5;6;1.013,4;22,4;18;26;16,8;63;40;5;8;0;;
16726;1997;8;5;9;1.013,2;28;21;;;51;210;6;10;2;;
16726;1997;8;5;12;1.012,5;29,4;20,4;;;40;180;10;10;2;;
16726;1997;8;5;15;1.011,7;30,4;21,6;;;44;210;8;10;2;;
16726;1997;8;5;18;1.011,7;28;19;31,4;22,4;39;10;8;10;2;;
16726;1997;8;5;21;1.012,2;22,8;18,2;;;62;350;8;10;0;;
16726;1997;8;6;0;1.012,2;20,2;17,4;;;74;0;0;10;0;;
16726;1997;8;6;3;1.011,5;19,8;18;;;83;360;4;10;0;;
16726;1997;8;6;6;1.011,5;22,6;19,6;28,4;19,4;75;0;0;10;0;;
16726;1997;8;6;9;1.011,2;28,2;22,2;;;57;160;7;10;1;;
16726;1997;8;6;12;1.011,2;29;23;;;58;170;13;10;2;;
16726;1997;8;6;15;1.010,9;31;21;;;38;160;9;10;1;;
16726;1997;8;6;18;1.010,9;26;20,8;31,6;22,6;61;0;0;10;1;;
16726;1997;8;6;21;1.011,7;22,2;20,4;;;84;0;0;10;0;;
16726;1997;8;7;0;1.011,7;20,2;18,8;;;87;360;6;10;0;;
16726;1997;8;7;3;1.011;22;19;;;74;360;9;10;0;;
16726;1997;8;7;6;1.011,4;25;19,8;26,6;20,2;60;360;5;10;0;;
16726;1997;8;7;9;1.010,7;33;20,8;;;30;0;0;10;0;;
16726;1997;8;7;12;1.010,5;30,4;22,2;;;46;200;6;10;1;;
16726;1997;8;7;15;1.009,7;33,6;20,8;;;27;20;14;10;0;;
16726;1997;8;7;18;1.010,4;28,2;20,4;34,4;25;46;30;12;10;0;;
16726;1997;8;7;21;1.010,9;23,8;20;;;69;10;5;10;0;;
16726;1997;8;8;0;1.010,5;20,4;18,8;;;85;0;0;10;0;;
16726;1997;8;8;3;1.010,5;19,6;17,6;;;81;350;5;10;0;;
16726;1997;8;8;6;1.011,4;24,2;20,2;29;19,6;68;350;4;10;0;;
16726;1997;8;8;9;1.011,5;29,4;21;;;44;210;6;10;1;;
16726;1997;8;8;12;1.010,9;31,2;21,6;;;40;200;7;10;2;;
16726;1997;8;8;15;1.009,4;33,8;21;;;27;360;10;10;2;;
16726;1997;8;8;18;1.010;29,8;20,8;35;24,2;42;10;15;10;0;;
16726;1997;8;8;21;1.011,9;25,6;21,2;;;66;0;0;10;0;;
16726;1997;8;9;0;1.012,2;22;19,8;;;81;360;5;10;0;;
16726;1997;8;9;3;1.011,9;20,6;18,2;;;78;360;5;10;0;;
16726;1997;8;9;6;1.012,2;23,2;20,2;30;19;75;0;0;10;0;;
16726;1997;8;9;9;1.012,5;29;23;;;58;200;8;10;2;;
16726;1997;8;9;12;1.011,7;29;23;;;58;180;10;10;2;;
16726;1997;8;9;15;1.010,5;28;23;;;64;210;10;10;1;;
16726;1997;8;9;18;1.010,7;25,6;22,8;30,4;23,2;78;250;4;10;1;;
16726;1997;8;9;21;1.011,5;21,6;20,8;;;93;0;0;10;0;;
16726;1997;8;10;0;1.011,2;21;19,8;;;89;350;8;10;0;;
16726;1997;8;10;3;1.010,4;20;18,6;;;87;350;8;10;0;;
16726;1997;8;10;6;1.011,2;23,8;20,6;26;20;74;360;5;10;0;;
16726;1997;8;10;9;1.011;28,6;22,8;;;59;180;5;10;0;;
16726;1997;8;10;12;1.010,9;29;23;;;58;200;13;10;2;;
16726;1997;8;10;15;1.010;29,8;22,6;;;52;220;5;10;1;;
16726;1997;8;10;18;1.010,5;27,4;20,6;30,8;23,8;52;20;11;10;0;;
16726;1997;8;10;21;1.011,5;21,6;19,6;;;82;0;0;10;0;;
16726;1997;8;11;0;1.011;20,8;18,8;;;82;360;8;10;0;;
16726;1997;8;11;3;1.011,5;18;17,2;;;92;360;4;10;0;;
16726;1997;8;11;6;1.011,9;22;19;27,6;17,6;74;0;0;8;0;;
16726;1997;8;11;9;1.013,4;28,2;20,4;;;46;180;8;10;2;;
16726;1997;8;11;12;1.013;28;23;;;64;200;13;10;2;;
16726;1997;8;11;15;1.012,7;27;23;;;70;200;10;10;2;;
16726;1997;8;11;18;1.014;24,2;22;28,4;22;82;0;0;10;1;;
16726;1997;8;11;21;1.015,2;21,2;20,4;;;93;0;0;10;1;;
16726;1997;8;12;0;1.015;21,6;20,6;;;91;0;0;10;5;;
16726;1997;8;12;3;1.015;20;19,4;;;94;360;4;10;1;;
16726;1997;8;12;6;1.015,4;22;20,6;24,6;19,6;88;0;0;6;2;;
16726;1997;8;12;9;1.015,5;26,2;21,8;;;67;210;6;8;3;;
16726;1997;8;12;12;1.015,9;24,6;22,4;;;82;220;4;7;6;0,8;
16726;1997;8;12;15;1.014,2;27;20,4;;;52;160;8;10;3;;
16726;1997;8;12;18;1.014,5;23,8;20,8;27,8;21,8;75;0;0;10;3;0,8;
16726;1997;8;12;21;1.014,7;20,2;19,2;;;91;0;0;10;2;;
16726;1997;8;13;0;1.014,5;18,6;17,2;;;86;360;8;10;1;;
16726;1997;8;13;3;1.013,7;17,6;16;;;84;360;5;10;0;;
16726;1997;8;13;6;1.014;21;17;25,6;17;65;10;5;10;0;;
16726;1997;8;13;9;1.014,2;26,6;20,4;;;54;210;5;10;2;;
16726;1997;8;13;12;1.013,4;28;21,4;;;53;190;12;10;4;;
16726;1997;8;13;15;1.013,5;26;20,4;;;58;180;12;10;6;;
16726;1997;8;13;18;1.014,2;22,6;20;29;20,4;78;140;5;10;6;1,8;
16726;1997;8;13;21;1.015;20;19,4;;;94;360;7;10;4;0,1;
16726;1997;8;14;0;1.014,7;18,6;18;;;94;360;5;10;2;;
16726;1997;8;14;3;1.014;17,4;16,8;;;94;0;0;10;0;;
16726;1997;8;14;6;1.014,9;20;18;23,6;17;81;0;0;10;2;0,1;
16726;1997;8;14;9;1.014,5;27;20;;;50;140;6;10;2;;
16726;1997;8;14;12;1.014,5;25,8;21,2;;;65;180;10;10;7;;
16726;1997;8;14;15;1.014,5;27;20,6;;;54;360;5;10;5;;
16726;1997;8;14;18;1.014,7;24,2;20,4;28,4;19,8;69;360;5;10;5;;
16726;1997;8;14;21;1.015,7;21;19,2;;;84;360;5;10;3;;
16726;1997;8;15;0;1.015,2;19,2;18;;;88;360;5;10;1;;
16726;1997;8;15;3;1.015;17,2;16,4;;;92;0;0;10;0;;
16726;1997;8;15;6;1.015,2;20,6;17,6;25;17;73;0;0;10;0;;
16726;1997;8;15;9;1.014,9;27,4;20,2;;;49;200;7;10;2;;
16726;1997;8;15;12;1.015,2;25,4;20,6;;;63;210;10;10;7;;
16726;1997;8;15;15;1.014,5;26,8;19,4;;;47;10;10;10;7;;
16726;1997;8;15;18;1.014,9;23,4;18,6;28,2;20,6;62;10;5;10;4;;
16726;1997;8;15;21;1.015;19,6;18;;;85;350;5;10;1;;
16726;1997;8;16;0;1.014,7;17,6;16,6;;;90;360;5;10;4;;
16726;1997;8;16;3;1.014,2;17;16;;;90;350;5;10;1;;
16726;1997;8;16;6;1.015;20;18;24;16,4;81;360;7;10;0;;
16726;1997;8;16;9;1.015,4;28;21;;;51;150;7;10;1;;
16726;1997;8;16;12;1.015,4;28,4;20,8;;;48;200;14;10;2;;
16726;1997;8;16;15;1.014,7;29,4;20,4;;;40;210;7;10;4;;
16726;1997;8;16;18;1.015;25,2;21;30;20;67;10;6;10;2;;
16726;1997;8;16;21;1.016,4;22,4;20,8;;;86;350;6;10;0;;
16726;1997;8;17;0;1.015,7;20;19;;;91;340;5;10;0;;
16726;1997;8;17;3;1.015,4;18,8;17,4;;;86;360;8;10;0;;
16726;1997;8;17;6;1.015,7;20,2;18;26;17,6;80;340;6;18;0;;
16726;1997;8;17;9;1.015,2;31;19,6;;;31;20;5;10;0;;
16726;1997;8;17;12;1.014,7;30,4;21;;;40;200;10;10;0;;
16726;1997;8;17;15;1.013,7;31,4;18,6;;;24;10;10;10;1;;
16726;1997;8;17;18;1.014,5;26;17,6;32,6;20,2;41;10;12;10;0;;
16726;1997;8;17;21;1.015,2;21,2;17,8;;;70;350;7;10;0;;
16726;1997;8;18;0;1.014,7;19,2;16,2;;;72;350;5;10;0;;
16726;1997;8;18;3;1.014;17;15;;;80;360;6;10;0;;
16726;1997;8;18;6;1.014,9;20,2;17,4;26,4;16,4;74;0;0;10;0;;
16726;1997;8;18;9;1.015,7;28,2;22,2;;;57;200;8;10;1;;
16726;1997;8;18;12;1.016;28,4;22,8;;;60;200;12;10;2;;
16726;1997;8;18;15;1.015,5;27,6;23,4;;;69;200;12;10;2;;
16726;1997;8;18;18;1.016,2;25;22,6;29,4;20;81;180;5;10;2;;
16726;1997;8;18;21;1.016,7;21,6;20,8;;;93;0;0;10;0;;
16726;1997;8;19;0;1.016,2;19,8;18,6;;;89;350;5;10;0;;
16726;1997;8;19;3;1.015,4;18,4;17,2;;;88;360;4;10;0;;
16726;1997;8;19;6;1.015,7;22,4;18;26,6;18;63;0;0;8;0;;
16726;1997;8;19;9;1.015,9;27,4;22,8;;;66;180;6;8;2;;
16726;1997;8;19;12;1.015;27;23;;;70;210;12;8;5;0,3;
16726;1997;8;19;15;1.015,4;23,4;20,4;;;75;140;10;8;6;1,6;
16726;1997;8;19;18;1.015,7;20,2;19,8;28;20,2;96;0;0;8;3;4,2;
16726;1997;8;19;21;1.015,4;19;18,8;;;98;330;4;10;3;;
16726;1997;8;20;0;1.014;19,4;19,2;;;98;0;0;10;6;;
16726;1997;8;20;3;1.013,7;19,2;18,6;;;94;0;0;10;4;;
16726;1997;8;20;6;1.014,7;21;20;29;19;91;0;0;8;4;;
16726;1997;8;20;9;1.015;26,2;21,8;;;67;170;5;8;6;;
16726;1997;8;20;12;1.016,2;21,4;20;;;87;0;0;6;8;1;
16726;1997;8;20;15;1.014,7;24,2;20,8;;;73;0;0;6;6;1,8;
16726;1997;8;20;18;1.014,9;22,2;20,6;26,6;20,4;86;0;0;8;5;2,8;
16726;1997;8;20;21;1.015,7;20,8;20,2;;;94;0;0;10;5;;
16726;1997;8;21;0;1.015,7;18,4;17;;;86;0;0;10;3;;
16726;1997;8;21;3;1.015,2;17;14,6;;;76;360;8;10;0;;
16726;1997;8;21;6;1.015,7;19;16;23,6;16;72;350;6;10;3;;
16726;1997;8;21;9;1.015,9;27;19;;;44;200;4;10;3;;
16726;1997;8;21;12;1.015;27,4;20;;;48;200;9;10;2;;
16726;1997;8;21;15;1.014,5;27,4;21,8;;;59;150;8;10;5;;
16726;1997;8;21;18;1.015;21,6;19;28;18,8;77;360;4;10;3;;
16726;1997;8;21;21;1.016,5;20;18,8;;;89;0;0;10;1;;
16726;1997;8;22;0;1.016,4;18;17,4;;;94;360;6;10;0;;
16726;1997;8;22;3;1.016;16;15,4;;;93;0;0;10;0;;
16726;1997;8;22;6;1.017;18;15;23;15;71;350;6;10;0;;
16726;1997;8;22;9;1.015,9;27;17;;;32;230;4;10;2;;
16726;1997;8;22;12;1.015,7;25,6;19,4;;;53;210;7;10;6;;
16726;1997;8;22;15;1.015;26,6;18,6;;;44;150;7;10;6;;
16726;1997;8;22;18;1.015,4;21,8;16,6;27;17,8;57;30;4;10;3;;
16726;1997;8;22;21;1.015,7;21,2;15,6;;;53;360;5;10;2;;
16726;1997;8;23;0;1.014,7;20,6;13,6;;;42;10;10;10;0;;
16726;1997;8;23;3;1.014;17,6;13,2;;;58;30;5;10;0;;
16726;1997;8;23;6;1.014,4;20;15;24;17;56;0;0;10;6;;
16726;1997;8;23;9;1.014;25,4;18,2;;;46;30;10;10;7;;
16726;1997;8;23;12;1.012,7;29;18,2;;;30;60;5;10;7;;
16726;1997;8;23;15;1.013;26;18,2;;;43;20;5;10;7;;
16726;1997;8;23;18;1.013,5;23,8;18;29,2;20;54;20;8;10;8;;
16726;1997;8;23;21;1.013,5;21,2;17,8;;;70;0;0;10;8;;
16726;1997;8;24;0;1.013,2;20,2;15,8;;;61;20;4;10;8;;
16726;1997;8;24;3;1.013;20,2;14,6;;;52;10;8;10;6;;
16726;1997;8;24;6;1.014,2;19,4;16;24,4;18,4;69;360;4;10;6;;
16726;1997;8;24;9;1.014,4;25,6;18;;;44;0;0;10;4;;
16726;1997;8;24;12;1.014;26;19,2;;;50;200;10;10;7;;
16726;1997;8;24;15;1.013,5;24,4;18,8;;;57;300;6;10;7;;
16726;1997;8;24;18;1.013,7;22,6;19;27;19,4;70;120;6;10;3;;
16726;1997;8;24;21;1.014,9;19;17,4;;;84;0;0;10;2;;
16726;1997;8;25;0;1.014,2;16;15,2;;;91;360;5;10;1;;
16726;1997;8;25;3;1.013,7;15,2;14,4;;;91;360;5;10;1;;
16726;1997;8;25;6;1.014,4;17,6;16;23,6;15;84;330;5;8;0;;
16726;1997;8;25;9;1.014;27;20;;;50;0;0;10;2;;
16726;1997;8;25;12;1.012,7;27,6;20;;;47;210;10;10;2;;
16726;1997;8;25;15;1.011,7;28,8;19,6;;;40;20;12;10;4;;
16726;1997;8;25;18;1.012,7;23,8;18,6;29,8;17,4;59;10;7;10;1;;
16726;1997;8;25;21;1.013,7;18,6;17;;;84;340;4;10;1;;
16726;1997;8;26;0;1.012,7;17;16,4;;;94;360;4;10;0;;
16726;1997;8;26;3;1.012,2;16,2;15,8;;;96;360;5;10;0;;
16726;1997;8;26;6;1.013,7;19;17,4;24,8;15,8;84;360;4;8;0;;
16726;1997;8;26;9;1.013,5;27,4;19;;;42;30;9;10;1;;
16726;1997;8;26;12;1.012,5;30;17,8;;;26;340;10;10;1;;
16726;1997;8;26;15;1.012,2;28,8;18,2;;;32;340;13;10;1;;
16726;1997;8;26;18;1.013;24,2;20,2;30,4;19;68;20;6;10;1;;
16726;1997;8;26;21;1.014,4;19,6;18,4;;;88;340;5;10;0;;
16726;1997;8;27;0;1.013,7;18,2;17,2;;;90;360;6;10;0;;
16726;1997;8;27;3;1.013,2;16,6;16,4;;;98;360;5;10;0;;
16726;1997;8;27;6;1.013,5;20;18;25,6;16,6;81;350;5;8;0;;
16726;1997;8;27;9;1.014;28;20,6;;;49;20;4;10;1;;
16726;1997;8;27;12;1.012,7;29,4;22;;;50;190;10;10;2;;
16726;1997;8;27;15;1.012,2;30,8;18,8;;;28;20;13;10;1;;
16726;1997;8;27;18;1.013;25,4;21;32,4;19,6;66;20;10;10;1;;
16726;1997;8;27;21;1.014,4;22;20,6;;;88;350;5;10;0;;
16726;1997;8;28;0;1.013,2;20,4;19,6;;;93;350;5;10;0;;
16726;1997;8;28;3;1.012,7;19,4;18,6;;;92;360;5;10;0;;
16726;1997;8;28;6;1.013;21,2;19,2;26;19;82;360;5;6;5;;
16726;1997;8;28;9;1.013,2;29,2;23,2;;;58;360;5;8;4;;
16726;1997;8;28;12;1.012,2;30,8;23,6;;;53;0;0;10;3;;
16726;1997;8;28;15;1.011,4;29,8;21,8;;;47;20;15;10;4;;
16726;1997;8;28;18;1.012,2;25,8;21,4;32,6;19,4;66;10;8;10;2;;
16726;1997;8;28;21;1.013;23,2;21,4;;;84;360;4;10;0;;
16726;1997;8;29;0;1.012,7;22,2;21;;;89;350;6;10;0;;
16726;1997;8;29;3;1.012,2;19,4;18,8;;;94;360;4;10;0;;
16726;1997;8;29;6;1.012,5;22,6;20,6;27,4;19,4;83;360;4;10;1;;
16726;1997;8;29;9;1.012,2;30;22,6;;;51;340;4;10;1;;
16726;1997;8;29;12;1.011;33;21,2;;;30;350;12;10;1;;
16726;1997;8;29;15;1.010,5;31,2;22;;;42;350;13;10;1;;
16726;1997;8;29;18;1.010,9;26,4;22,2;33,2;22,6;68;30;13;10;0;;
16726;1997;8;29;21;1.012;25;22,4;;;79;10;8;10;0;;
16726;1997;8;30;0;1.011,4;22,4;20,4;;;82;350;5;10;0;;
16726;1997;8;30;3;1.010,4;22,6;18,6;;;67;360;8;10;0;;
16726;1997;8;30;6;1.011,2;21,6;18,8;26,4;20,2;76;0;0;10;1;;
16726;1997;8;30;9;1.011,4;28,4;19,6;;;41;360;10;10;3;;
16726;1997;8;30;12;1.011;29,8;20,2;;;38;340;8;10;1;;
16726;1997;8;30;15;1.010,5;28,6;18,4;;;33;340;17;10;1;;
16726;1997;8;30;18;1.011,7;24,6;15,8;30,4;21,6;36;340;15;10;1;;
16726;1997;8;30;21;1.012,7;21,8;15,4;;;47;10;6;10;0;;
16726;1997;8;31;0;1.012,2;19,6;15;;;59;10;9;10;0;;
16726;1997;8;31;3;1.011,9;19,6;15,4;;;62;10;11;10;0;;
16726;1997;8;31;6;1.012,7;21,2;16,6;25;16,4;61;10;12;10;1;;
16726;1997;8;31;9;1.013;26,8;16,6;;;32;360;8;10;0;;
16726;1997;8;31;12;1.012,2;28,4;18;;;32;350;12;10;0;;
16726;1997;8;31;15;1.011,7;27;17,4;;;34;340;14;10;1;;
16726;1997;8;31;18;1.012;23,6;17,6;29;21,2;53;340;10;10;1;;
16726;1997;8;31;21;1.012,5;21;16;;;57;360;5;10;0;;
16726;1997;9;1;0;1.011,9;19,4;16,2;;;70;0;0;10;0;;
16726;1997;9;1;3;1.011,5;16,8;14,6;;;78;360;8;10;0;;
16726;1997;9;1;6;1.012,4;19,2;16,6;24,4;16;76;340;5;10;0;;
16726;1997;9;1;9;1.013,2;27;18,6;;;42;140;8;10;0;;
16726;1997;9;1;12;1.013,5;29;19;;;35;180;11;10;2;;
16726;1997;9;1;15;1.012,7;27,4;19;;;42;180;10;10;2;;
16726;1997;9;1;18;1.013,7;23;20;29,4;19,2;75;0;0;10;2;;
16726;1997;9;1;21;1.014,7;19,6;17,6;;;81;360;4;10;0;;
16726;1997;9;2;0;1.014,7;17;15,4;;;83;360;5;10;0;;
16726;1997;9;2;3;1.014;15,4;14,2;;;87;340;6;10;0;;
16726;1997;9;2;6;1.014,9;18,6;16,4;23,4;15,4;79;0;0;10;0;;
16726;1997;9;2;9;1.015;28,6;19,8;;;41;180;4;10;1;;
16726;1997;9;2;12;1.014,5;28,8;20,4;;;43;210;10;10;2;;
16726;1997;9;2;15;1.014,5;27,4;20;;;48;180;12;10;2;;
16726;1997;9;2;18;1.014,9;25;19;30;18,6;54;170;4;10;4;;
16726;1997;9;2;21;1.015,4;20,4;18,6;;;84;0;0;10;2;;
16726;1997;9;3;0;1.014,9;18;17;;;90;350;5;10;0;;
16726;1997;9;3;3;1.014,5;17,2;16,2;;;90;350;6;10;0;;
16726;1997;9;3;6;1.014,7;20;17,4;27;17;76;0;0;10;0;;
16726;1997;9;3;9;1.015,2;27,4;20;;;48;150;6;10;3;;
16726;1997;9;3;12;1.015;27,8;21,4;;;54;160;11;10;4;;
16726;1997;9;3;15;1.014,9;25;21,8;;;74;350;6;10;7;0;
16726;1997;9;3;18;1.015;23,2;20,6;28,4;19,6;78;360;7;10;5;0;
16726;1997;9;3;21;1.016,2;21;19,4;;;85;0;0;10;3;;
16726;1997;9;4;0;1.016,2;19;18,4;;;94;360;6;10;2;;
16726;1997;9;4;3;1.015,7;17,8;14,4;;;67;10;10;10;1;;
16726;1997;9;4;6;1.016;20;15,6;25;17;61;0;0;10;1;;
16726;1997;9;4;9;1.016,7;26;18;;;42;210;6;10;1;;
16726;1997;9;4;12;1.016,2;27;19,8;;;49;200;8;10;1;;
16726;1997;9;4;15;1.015,4;26,8;20,8;;;56;170;10;10;2;;
16726;1997;9;4;18;1.015,9;23,4;20,6;28;20;77;100;4;10;3;;
16726;1997;9;4;21;1.016,7;20,4;16,4;;;64;10;7;10;1;;
16726;1997;9;5;0;1.016,2;17;14;;;70;350;5;10;0;;
16726;1997;9;5;3;1.016;15,6;12;;;63;360;7;10;0;;
16726;1997;9;5;6;1.017,4;18;14;24,6;15;62;350;4;10;1;;
16726;1997;9;5;9;1.018;26;18;;;42;0;0;10;1;;
16726;1997;9;5;12;1.017,7;27;19,4;;;46;210;11;10;1;;
16726;1997;9;5;15;1.017,4;26;20,8;;;61;180;8;10;4;;
16726;1997;9;5;18;1.018;23,6;20;27,8;18;70;170;8;10;5;;
16726;1997;9;5;21;1.019,2;20,4;18,4;;;81;0;0;10;3;;
16726;1997;9;6;0;1.019;16,8;15,2;;;83;360;7;10;0;;
16726;1997;9;6;3;1.018,5;16,4;12,8;;;64;360;6;10;0;;
16726;1997;9;6;6;1.019,2;19;14;25;15;55;360;4;10;1;;
16726;1997;9;6;9;1.019,5;26;18;;;42;0;0;10;1;;
16726;1997;9;6;12;1.019;27;19;;;44;200;10;10;1;;
16726;1997;9;6;15;1.019,2;25,6;20,4;;;60;200;12;10;1;;
16726;1997;9;6;18;1.019,7;23;20;27,4;18,8;75;200;4;10;2;;
16726;1997;9;6;21;1.020;19;18;;;90;0;0;10;0;;
16726;1997;9;7;0;1.019,4;16,6;15,6;;;90;360;6;10;0;;
16726;1997;9;7;3;1.018,7;14;12,6;;;85;0;0;10;0;;
16726;1997;9;7;6;1.021;15,8;13,2;23;12;73;0;0;10;3;;
16726;1997;9;7;9;1.021,5;25,2;18,8;;;52;150;4;10;2;;
16726;1997;9;7;12;1.020,4;27,2;18,4;;;39;200;8;10;2;;
16726;1997;9;7;15;1.019,5;26,4;21,4;;;62;180;10;10;2;;
16726;1997;9;7;18;1.019,7;23,2;20;27,6;15,8;73;230;5;10;2;;
16726;1997;9;7;21;1.020,7;18,4;17,6;;;92;360;5;10;1;;
16726;1997;9;8;0;1.020,2;16,8;16;;;92;350;6;10;0;;
16726;1997;9;8;3;1.018,9;14,8;14,2;;;93;0;0;10;0;;
16726;1997;9;8;6;1.019;16,6;14,6;24;13;80;0;0;8;0;;
16726;1997;9;8;9;1.019,5;26;20,6;;;60;170;6;8;1;;
16726;1997;9;8;12;1.018,7;26,6;20,6;;;56;170;8;10;2;;
16726;1997;9;8;15;1.017,5;26;22;;;69;190;8;10;0;;
16726;1997;9;8;18;1.017,7;23;21;27,4;16;83;0;0;10;0;;
16726;1997;9;8;21;1.018;20;18,6;;;87;0;0;10;0;;
16726;1997;9;9;0;1.017;17,6;16;;;84;360;4;10;0;;
16726;1997;9;9;3;1.016,2;16,2;15;;;87;360;6;10;0;;
16726;1997;9;9;6;1.016;18;15,6;23;15,2;77;0;0;8;0;;
16726;1997;9;9;9;1.016,4;29;20;;;40;140;6;10;0;;
16726;1997;9;9;12;1.016,2;29,4;20,8;;;43;160;9;8;0;;
16726;1997;9;9;15;1.014,5;28,2;21,4;;;52;190;4;8;0;;
16726;1997;9;9;18;1.014,7;26;18;31;18;42;10;8;10;0;;
16726;1997;9;9;21;1.014,9;20,6;18;;;77;350;7;10;0;;
16726;1997;9;10;0;1.013,5;19,8;18,6;;;89;350;8;10;0;;
16726;1997;9;10;3;1.012,7;18,8;18,2;;;94;340;5;10;0;;
16726;1997;9;10;6;1.012,2;22;19,8;27;10,8;81;10;13;8;0;;
16726;1997;9;10;9;1.012,4;28;21;;;51;0;0;10;0;;
16726;1997;9;10;12;1.011,4;29;22;;;52;200;8;10;0;;
16726;1997;9;10;15;1.010,9;29,2;21,4;;;47;20;16;10;0;;
16726;1997;9;10;18;1.011,7;25;21,2;31,6;21,8;70;20;13;10;0;;
16726;1997;9;10;21;1.012,2;22,8;21;;;84;360;7;10;0;;
16726;1997;9;11;0;1.012,4;21,6;20,2;;;87;360;7;10;0;;
16726;1997;9;11;3;1.012,2;21,8;20,4;;;87;10;10;10;0;;
16726;1997;9;11;6;1.012,7;23;20,4;25,4;20,2;78;360;5;8;0;;
16726;1997;9;11;9;1.014,5;26,6;22;;;65;170;8;8;0;;
16726;1997;9;11;12;1.015,2;28,8;22,4;;;55;170;12;10;1;;
16726;1997;9;11;15;1.015,4;27,2;22;;;62;180;8;10;1;;
16726;1997;9;11;18;1.015,9;24;22;29,4;23;83;160;6;8;2;;
16726;1997;9;11;21;1.017,2;21,8;20,6;;;89;120;4;10;0;;
16726;1997;9;12;0;1.017,7;19,2;18,8;;;96;0;0;10;0;;
16726;1997;9;12;3;1.017,4;18;17,8;;;98;360;5;10;0;;
16726;1997;9;12;6;1.018,2;19,6;19;25,6;18;94;0;0;3;2;;
16726;1997;9;12;9;1.018,9;26;21;;;62;0;0;8;2;;
16726;1997;9;12;12;1.018;27,4;22,2;;;62;180;8;8;2;;
16726;1997;9;12;15;1.017;25,6;21,8;;;70;130;12;8;6;;
16726;1997;9;12;18;1.017,2;24;21;28;19,6;75;130;6;8;6;;
16726;1997;9;12;21;1.017,2;22,6;20,6;;;83;0;0;8;4;;
16726;1997;9;13;0;1.016,5;19,8;19,2;;;94;350;5;8;1;;
16726;1997;9;13;3;1.014,9;18,8;18,2;;;94;0;0;8;1;;
16726;1997;9;13;6;1.015,7;20;18,8;24,6;17,6;89;0;0;5;0;;
16726;1997;9;13;9;1.016,4;25,6;21,8;;;70;180;5;8;1;;
16726;1997;9;13;12;1.015,7;26,4;22;;;67;200;12;5;1;;
16726;1997;9;13;15;1.014,7;25,6;22;;;72;200;8;6;3;;
16726;1997;9;13;18;1.015;22,2;21;27,6;19,4;89;0;0;6;1;;
16726;1997;9;13;21;1.015,4;20,2;19,6;;;94;0;0;8;0;;
16726;1997;9;14;0;1.015;18;17,6;;;96;350;6;10;0;;
16726;1997;9;14;3;1.014,2;18;17,6;;;96;340;7;10;0;;
16726;1997;9;14;6;1.014,7;19,6;18,8;23,6;17,4;92;0;0;4;0;;
16726;1997;9;14;9;1.015,4;26;21,6;;;67;200;5;6;0;;
16726;1997;9;14;12;1.014,5;27;22,2;;;64;170;10;8;0;;
16726;1997;9;14;15;1.014;27;21,8;;;62;190;8;8;3;;
16726;1997;9;14;18;1.014,7;23,4;22;28;19,6;88;0;0;8;6;;
16726;1997;9;14;21;1.015,7;20,6;20;;;94;360;5;8;0;;
16726;1997;9;15;0;1.015;19;18,4;;;94;350;6;8;0;;
16726;1997;9;15;3;1.013,7;18,2;17,4;;;92;360;5;8;2;;
16726;1997;9;15;6;1.014,5;19,6;18;24,6;18;85;360;4;8;3;;
16726;1997;9;15;9;1.014,7;29;22;;;52;0;0;8;3;;
16726;1997;9;15;12;1.014,5;28,2;22,6;;;60;180;10;10;3;;
16726;1997;9;15;15;1.013,7;29,2;23;;;57;180;6;10;3;;
16726;1997;9;15;18;1.015;24,6;22,6;30,6;19,6;84;0;0;10;6;;
16726;1997;9;15;21;1.015,7;21,6;20,6;;;91;0;0;10;1;;
16726;1997;9;16;0;1.016;19,2;18,8;;;96;0;0;10;2;;
16726;1997;9;16;3;1.016;18,4;18;;;96;0;0;10;0;;
16726;1997;9;16;6;1.017;19,4;18,6;26,6;17,8;92;0;0;8;3;;
16726;1997;9;16;9;1.017;28,4;22,2;;;56;0;0;8;5;;
16726;1997;9;16;12;1.016,7;29,2;22;;;51;190;8;10;6;;
16726;1997;9;16;15;1.017;27,2;19,4;;;45;10;8;10;7;;
16726;1997;9;16;18;1.017,7;23,4;19,2;30;19,4;66;350;8;10;7;;
16726;1997;9;16;21;1.018,5;20,6;18,4;;;80;10;6;10;7;;
16726;1997;9;17;0;1.018,7;19,4;18,6;;;92;360;5;10;7;0,5;
16726;1997;9;17;3;1.018,4;18,4;17,6;;;92;350;7;10;7;0,2;
16726;1997;9;17;6;1.019;18,8;17,8;24,6;18,4;90;360;6;6;7;0,9;
16726;1997;9;17;9;1.019,2;24;19;;;60;0;0;8;5;;
16726;1997;9;17;12;1.019;24,4;19,2;;;59;210;6;8;7;;
16726;1997;9;17;15;1.019;22,6;20;;;78;0;0;8;7;0;
16726;1997;9;17;18;1.019,7;21,6;19,8;26;18,8;84;110;5;8;7;0;
16726;1997;9;17;21;1.020,4;20,4;17,6;;;75;0;0;8;7;;
16726;1997;9;18;0;1.019,2;18,4;16,8;;;84;0;0;10;7;;
16726;1997;9;18;3;1.018,4;16,6;14,8;;;82;360;4;10;5;;
16726;1997;9;18;6;1.018,5;18,6;15;22,6;16,6;66;360;4;10;5;;
16726;1997;9;18;9;1.017,2;25,2;17,6;;;44;170;6;10;4;;
16726;1997;9;18;12;1.018;25,4;20,2;;;60;190;10;10;6;;
16726;1997;9;18;15;1.016,7;24,8;20;;;62;270;5;10;5;;
16726;1997;9;18;18;1.017;22,6;19;26;18,6;70;20;8;10;6;;
16726;1997;9;18;21;1.018;20;18,6;;;87;0;0;10;7;;
16726;1997;9;19;0;1.017,4;20;18;;;81;0;0;10;8;;
16726;1997;9;19;3;1.017;18;16,8;;;88;0;0;10;6;;
16726;1997;9;19;6;1.018;17;15,8;23;16,4;88;350;4;8;4;;
16726;1997;9;19;9;1.018;23,2;19,4;;;68;190;8;10;3;;
16726;1997;9;19;12;1.017;23;19,2;;;68;200;8;10;6;;
16726;1997;9;19;15;1.016,2;21,2;18;;;72;300;5;10;7;;
16726;1997;9;19;18;1.016,2;20,2;18;24,6;17;80;0;0;10;7;;
16726;1997;9;19;21;1.016,2;16,8;15,8;;;90;350;5;10;4;;
16726;1997;9;20;0;1.015,7;14,6;14,2;;;95;0;0;10;1;;
16726;1997;9;20;3;1.015;14;13,6;;;95;360;5;10;3;;
16726;1997;9;20;6;1.015,5;14;13,6;22,4;13,4;95;0;0;6;0;;
16726;1997;9;20;9;1.015,4;24;18;;;53;0;0;10;0;;
16726;1997;9;20;12;1.014,7;25,2;19,6;;;58;200;9;10;1;;
16726;1997;9;20;15;1.014,2;25;19,6;;;59;220;5;10;2;;
16726;1997;9;20;18;1.015,5;22;19;26;14;74;0;0;10;3;;
16726;1997;9;20;21;1.016;18;17,2;;;92;0;0;10;0;;
16726;1997;9;21;0;1.016,7;16,4;15,8;;;94;360;4;10;0;;
16726;1997;9;21;3;1.017;15,2;14,6;;;93;350;5;10;0;;
16726;1997;9;21;6;1.018,2;16;15;22;14,6;89;360;4;8;3;;
16726;1997;9;21;9;1.019,5;25;19,6;;;59;220;7;8;4;;
16726;1997;9;21;12;1.018,9;25,4;19;;;52;220;5;10;5;;
16726;1997;9;21;15;1.019,4;24,4;18,4;;;53;0;0;10;5;;
16726;1997;9;21;18;1.020,2;23,2;18;27;16;58;360;5;10;7;;
16726;1997;9;21;21;1.021,5;19,6;18,2;;;87;340;5;10;4;0,1;
16726;1997;9;22;0;1.021;19,4;16,2;;;70;360;6;10;1;;
16726;1997;9;22;3;1.021;19,2;15,8;;;69;360;8;10;5;;
16726;1997;9;22;6;1.021;19;15,4;25;18;66;340;7;8;1;0,1;
16726;1997;9;22;9;1.020,7;25;17;;;41;360;5;8;1;;
16726;1997;9;22;12;1.019,7;25,8;19;;;50;180;10;8;3;;
16726;1997;9;22;15;1.019,4;24,2;18,6;;;57;160;10;8;6;;
16726;1997;9;22;18;1.019,7;20,4;17,2;27,4;18,6;71;140;6;8;4;;
16726;1997;9;22;21;1.020;16;15;;;89;360;4;10;1;;
16726;1997;9;23;0;1.019;15,2;13;;;77;360;6;10;1;;
16726;1997;9;23;3;1.018,4;15,4;12;;;65;360;7;10;2;;
16726;1997;9;23;6;1.018,2;17;12,6;21;14;58;350;6;10;2;;
16726;1997;9;23;9;1.018,5;24;15;;;33;0;0;10;3;;
16726;1997;9;23;12;1.017,4;25,2;17;;;40;170;7;10;3;;
16726;1997;9;23;15;1.016,7;24;16,6;;;44;150;13;10;3;;
16726;1997;9;23;18;1.017,4;19,2;16;25,8;17;70;0;0;10;5;;
16726;1997;9;23;21;1.017,4;15,4;13,6;;;81;350;6;10;3;;
16726;1997;9;24;0;1.016,7;14;12,4;;;82;0;0;10;3;;
16726;1997;9;24;3;1.016,2;14;12;;;78;360;6;10;3;;
16726;1997;9;24;6;1.016,5;15,4;13;20;13,6;75;360;5;10;5;;
16726;1997;9;24;9;1.016,4;23;17;;;52;170;6;10;6;;
16726;1997;9;24;12;1.015;24,8;16,8;;;41;180;7;10;6;;
16726;1997;9;24;15;1.014;23,4;16,2;;;44;180;8;10;4;;
16726;1997;9;24;18;1.014;19,6;16,6;25,6;15;73;0;0;10;3;;
16726;1997;9;24;21;1.014;18;15,8;;;79;0;0;10;6;;
16726;1997;9;25;0;1.013,2;18,2;15,4;;;73;360;5;10;8;;
16726;1997;9;25;3;1.013;18,2;15,4;;;73;0;0;10;8;;
16726;1997;9;25;6;1.014,7;17,2;16;20;17;88;350;4;7;8;2,6;
16726;1997;9;25;9;1.014,9;19;18;;;90;360;6;8;8;3;
16726;1997;9;25;12;1.013,7;23,2;17,4;;;53;360;6;10;7;;
16726;1997;9;25;15;1.013;23,2;18,8;;;64;0;0;10;7;;
16726;1997;9;25;18;1.013,4;20,2;14,4;25,4;16,8;49;360;5;10;7;3;
16726;1997;9;25;21;1.014,5;18;15;;;71;330;5;10;7;0,2;
16726;1997;9;26;0;1.014;15,6;14,8;;;91;0;0;10;8;3,3;
16726;1997;9;26;3;1.013;16;15,2;;;91;0;0;8;8;0,7;
16726;1997;9;26;6;1.013,2;17,4;14,2;20,6;15,6;68;270;5;10;7;4,2;
16726;1997;9;26;9;1.013,4;21;16;;;57;0;0;10;6;;
16726;1997;9;26;12;1.012,2;25;17;;;41;0;0;10;3;;
16726;1997;9;26;15;1.011,7;23,2;16,6;;;48;130;5;10;6;;
16726;1997;9;26;18;1.012,2;20;14,6;26;17,4;53;360;4;10;6;;
16726;1997;9;26;21;1.012,7;16,4;12,6;;;63;360;5;10;3;;
16726;1997;9;27;0;1.012,2;15,4;11,4;;;58;350;5;10;1;;
16726;1997;9;27;3;1.011,9;14;10,8;;;65;0;0;10;1;;
16726;1997;9;27;6;1.012,2;13,8;11;20;13;69;360;5;10;1;;
16726;1997;9;27;9;1.011,7;23;14,4;;;33;350;5;10;1;;
16726;1997;9;27;12;1.010,7;24,4;15,8;;;37;330;5;10;5;;
16726;1997;9;27;15;1.010;24,4;16,6;;;42;360;6;10;3;;
16726;1997;9;27;18;1.010,9;17,4;14,8;25,4;13,8;74;0;0;10;2;;
16726;1997;9;27;21;1.011,9;14;13,2;;;91;0;0;10;2;;
16726;1997;9;28;0;1.012;13,6;12,8;;;91;360;6;10;0;;
16726;1997;9;28;3;1.012;12,4;11,8;;;93;350;6;10;0;;
16726;1997;9;28;6;1.013,4;13,6;12;20;12;82;0;0;8;1;;
16726;1997;9;28;9;1.014,5;23;16;;;45;170;6;10;2;;
16726;1997;9;28;12;1.014,2;24,6;17;;;43;200;7;10;2;;
16726;1997;9;28;15;1.014;23,8;17,6;;;52;210;6;10;3;;
16726;1997;9;28;18;1.015;21;17;25,4;13,6;65;20;9;10;2;;
16726;1997;9;28;21;1.016,4;16;14,8;;;87;350;6;10;1;;
16726;1997;9;29;0;1.016,7;14;13,4;;;93;350;5;10;0;;
16726;1997;9;29;3;1.016,7;12,8;12,4;;;95;360;5;10;0;;
16726;1997;9;29;6;1.018,5;15;13;22;12,8;79;0;0;8;0;;
16726;1997;9;29;9;1.019,4;25;17,6;;;45;0;0;10;1;;
16726;1997;9;29;12;1.018,7;25;18,2;;;49;180;8;10;1;;
16726;1997;9;29;15;1.018,5;23,8;18,6;;;59;160;12;10;1;;
16726;1997;9;29;18;1.019;20,6;17,6;25,8;14,6;73;0;0;10;2;;
16726;1997;9;29;21;1.020,2;17,8;16;;;82;360;5;10;1;;
16726;1997;9;30;0;1.019,9;14,6;14;;;93;350;8;10;1;;
16726;1997;9;30;3;1.019;13,6;13;;;93;350;5;10;1;;
16726;1997;9;30;6;1.019,5;14,6;13,8;23;13;91;0;0;8;5;;
16726;1997;9;30;9;1.019,2;24,4;18;;;51;0;0;8;3;;
16726;1997;9;30;12;1.018,5;25,4;18;;;45;170;8;10;3;;
16726;1997;9;30;15;1.017,2;25,4;17,8;;;44;10;12;10;2;;
16726;1997;9;30;18;1.017,7;21,2;18,2;26;14,4;73;10;10;10;3;;
16726;1997;9;30;21;1.017,7;19,4;17;;;78;20;8;10;1;;
16726;1997;10;1;0;1.016,5;17,2;15,6;;;84;10;9;10;0;;
16726;1997;10;1;3;1.015,4;15;13,6;;;85;360;7;10;0;;
16726;1997;10;1;6;1.015,5;14,8;13,4;22;13;85;320;4;8;2;;
16726;1997;10;1;9;1.015;24,2;18,2;;;53;20;8;10;2;;
16726;1997;10;1;12;1.013;26,8;19,6;;;49;210;7;10;1;;
16726;1997;10;1;15;1.012,4;26;18,2;;;43;360;12;10;3;;
16726;1997;10;1;18;1.013;21,6;18,4;28,4;14;72;360;7;10;3;;
16726;1997;10;1;21;1.014;19,8;17,6;;;80;360;4;10;5;;
16726;1997;10;2;0;1.013,7;17;15,8;;;88;350;5;10;0;;
16726;1997;10;2;3;1.012,7;15,4;14,4;;;89;350;7;10;0;;
16726;1997;10;2;6;1.013,2;17,4;15,2;23,6;14,6;78;360;4;8;1;;
16726;1997;10;2;9;1.013,7;25,4;18,8;;;51;0;0;10;0;;
16726;1997;10;2;12;1.013;26;19,2;;;50;200;7;10;0;;
16726;1997;10;2;15;1.012,7;26;20;;;55;0;0;10;1;;
16726;1997;10;2;18;1.013,2;22;18,2;27;17,4;67;20;10;10;1;;
16726;1997;10;2;21;1.013,7;17,2;15;;;78;360;4;10;1;;
16726;1997;10;3;0;1.013;14,8;14,2;;;93;0;0;10;1;;
16726;1997;10;3;3;1.012,4;14,4;14;;;95;360;4;10;1;;
16726;1997;10;3;6;1.012,4;15,4;14,8;22;13,6;93;0;0;7;5;;
16726;1997;10;3;9;1.012,2;25;20;;;61;0;0;8;3;;
16726;1997;10;3;12;1.011,5;25,8;20,4;;;59;180;9;10;3;;
16726;1997;10;3;15;1.011,5;25;20;;;61;170;7;10;3;;
16726;1997;10;3;18;1.012;20,2;18,2;26,6;15,4;81;0;0;10;1;;
16726;1997;10;3;21;1.013;18;16,8;;;88;0;0;10;3;;
16726;1997;10;4;0;1.013;16,6;15,8;;;92;0;0;10;1;;
16726;1997;10;4;3;1.013;14,8;14,4;;;95;360;5;10;1;;
16726;1997;10;4;6;1.014,4;15,6;15,2;22,4;14,4;96;0;0;8;1;;
16726;1997;10;4;9;1.015,5;24,2;19,6;;;64;170;5;10;1;;
16726;1997;10;4;12;1.015,5;24;18,2;;;54;220;13;10;5;;
16726;1997;10;4;15;1.015,7;24;19;;;60;180;7;10;4;;
16726;1997;10;4;18;1.017;20,6;17;26;15,6;68;360;4;8;5;;
16726;1997;10;4;21;1.017,7;18;15;;;71;360;5;10;4;;
16726;1997;10;5;0;1.018,5;17;14,8;;;78;360;5;10;4;;
16726;1997;10;5;3;1.018,7;16,4;14;;;75;360;6;10;4;;
16726;1997;10;5;6;1.018,5;17;14;21,7;16;70;360;5;10;4;;
16726;1997;10;5;9;1.018,9;22,6;17,2;;;56;0;0;10;4;;
16726;1997;10;5;12;1.018,5;23,4;18,2;;;58;360;10;10;5;;
16726;1997;10;5;15;1.017,7;21,6;18;;;69;120;5;10;5;;
16726;1997;10;5;18;1.017,7;18,4;17;24,6;16,6;86;0;0;10;4;;
16726;1997;10;5;21;1.018;15,4;14,8;;;93;350;6;10;1;;
16726;1997;10;6;0;1.017,7;13,6;13,2;;;95;350;7;10;0;;
16726;1997;10;6;3;1.017;13;12,6;;;95;350;7;10;0;;
16726;1997;10;6;6;1.016,7;13,8;13;18,4;13;91;360;5;8;0;;
16726;1997;10;6;9;1.016,7;24,2;16,8;;;44;0;0;8;0;;
16726;1997;10;6;12;1.016,4;25,6;18;;;44;160;7;10;1;;
16726;1997;10;6;15;1.016;24;18;;;53;180;8;10;1;;
16726;1997;10;6;18;1.016,7;19,6;16,4;25,8;13,8;70;0;0;10;1;;
16726;1997;10;6;21;1.018;16;15;;;89;0;0;10;0;;
16726;1997;10;7;0;1.017,7;14,8;14,2;;;93;360;5;10;0;;
16726;1997;10;7;3;1.017,2;14;13,4;;;93;360;4;8;0;;
16726;1997;10;7;6;1.017,5;15,2;14;20;13,2;87;360;5;8;0;;
16726;1997;10;7;9;1.017,7;25;18;;;48;0;0;8;0;;
16726;1997;10;7;12;1.017,5;25;19,4;;;57;220;7;10;1;;
16726;1997;10;7;15;1.017;23,4;20;;;72;180;12;10;3;;
16726;1997;10;7;18;1.018,5;19,4;17,8;26,6;15,2;85;0;0;10;2;;
16726;1997;10;7;21;1.018,7;17;16;;;90;360;4;10;0;;
16726;1997;10;8;0;1.018,5;14,4;14;;;95;350;5;10;0;;
16726;1997;10;8;3;1.018;13;12,6;;;95;360;7;10;0;;
16726;1997;10;8;6;1.018,7;14;13;20,6;13;89;0;0;8;1;;
16726;1997;10;8;9;1.019,2;23,4;19,2;;;66;180;6;8;2;;
16726;1997;10;8;12;1.018,4;25,4;18,6;;;50;180;8;10;2;;
16726;1997;10;8;15;1.017,7;23,6;19,2;;;64;180;8;10;1;;
16726;1997;10;8;18;1.018,5;19,4;18;25,8;14;87;0;0;10;3;;
16726;1997;10;8;21;1.019,2;18;17;;;90;340;5;10;3;;
16726;1997;10;9;0;1.017,2;16,4;15,6;;;92;360;5;10;3;;
16726;1997;10;9;3;1.017,7;15,4;14,8;;;93;0;0;10;4;;
16726;1997;10;9;6;1.018,2;15,6;14,8;20;15;91;360;5;8;6;;
16726;1997;10;9;9;1.019,2;23;18,2;;;61;200;4;6;5;;
16726;1997;10;9;12;1.018;25;20;;;61;160;7;8;5;;
16726;1997;10;9;15;1.017,7;23;19,8;;;73;180;6;8;5;;
16726;1997;10;9;18;1.018,5;20,4;18,8;25,4;15,6;85;0;0;8;6;;
16726;1997;10;9;21;1.018,5;17;16,6;;;96;350;5;8;4;;
16726;1997;10;10;0;1.018,2;16,6;16,2;;;96;0;0;8;7;;
16726;1997;10;10;3;1.016,4;15,2;15,2;;;100;0;0;8;4;;
16726;1997;10;10;6;1.016,7;14,8;14,8;21;14;100;350;5;2;1;;
16726;1997;10;10;9;1.016,7;24;18;;;53;160;4;5;2;;
16726;1997;10;10;12;1.015;25;19;;;54;180;10;10;2;;
16726;1997;10;10;15;1.014,9;23,2;19,8;;;72;200;10;10;3;;
16726;1997;10;10;18;1.014,2;19,6;17,8;25,4;14,2;83;0;0;8;5;;
16726;1997;10;10;21;1.014,2;17,6;16,6;;;90;0;0;10;1;;
16726;1997;10;11;0;1.012,7;14,6;14,4;;;98;0;0;10;1;;
16726;1997;10;11;3;1.011,7;14,2;14,2;;;100;0;0;10;1;;
16726;1997;10;11;6;1.011,2;14,6;14,4;20;13,6;98;0;0;3;0;;
16726;1997;10;11;9;1.011,4;24,2;18;;;52;0;0;8;1;;
16726;1997;10;11;12;1.010;24,8;18,8;;;54;180;9;10;2;;
16726;1997;10;11;15;1.008,7;23,6;18,8;;;62;0;0;10;5;;
16726;1997;10;11;18;1.009,5;18,8;16,8;25,6;14,6;81;0;0;10;3;;
16726;1997;10;11;21;1.010;16,4;15,6;;;92;0;0;10;4;;
16726;1997;10;12;0;1.009,5;17,6;17,2;;;96;0;0;10;7;0,7;
16726;1997;10;12;3;1.007,9;18;17,8;;;98;0;0;10;5;0,1;
16726;1997;10;12;6;1.007,7;19,4;19;19,6;16,4;96;0;0;10;5;0,8;
16726;1997;10;12;9;1.008,2;24,6;21,4;;;74;150;10;10;4;1,3;
16726;1997;10;12;12;1.007,9;24,6;22,6;;;84;200;10;10;5;;
16726;1997;10;12;15;1.006,9;23,6;21,6;;;83;180;8;10;4;;
16726;1997;10;12;18;1.006,9;21;20;25,6;19,4;91;120;4;10;4;1,3;
16726;1997;10;12;21;1.006,9;21;20;;;91;130;5;10;2;;
16726;1997;10;13;0;1.006,7;22;20;;;82;130;5;10;2;;
16726;1997;10;13;3;1.006,2;21;20;;;91;0;0;10;5;;
16726;1997;10;13;6;1.006,5;22,4;20,8;22,4;20,6;86;0;0;7;5;;
16726;1997;10;13;9;1.007,7;24;20,4;;;70;240;8;8;6;0,8;
16726;1997;10;13;12;1.007,2;26,6;22;;;65;260;8;8;6;;
16726;1997;10;13;15;1.007,2;23;21,4;;;86;0;0;3;8;1,7;
16726;1997;10;13;18;1.008,7;21,4;20,6;27,4;21;93;0;0;8;7;10,7;
16726;1997;10;13;21;1.009,4;21;20,6;;;96;0;0;10;5;;
16726;1997;10;14;0;1.009,2;18,2;18;;;98;0;0;10;2;;
16726;1997;10;14;3;1.008,7;18;18;;;100;360;4;8;3;;
16726;1997;10;14;6;1.008,2;21,4;17,8;22,6;18;69;170;12;6;6;;
16726;1997;10;14;9;1.009,2;24;21,8;;;82;190;18;8;6;;
16726;1997;10;14;12;1.007,7;24,4;21,8;;;79;180;18;8;7;;
16726;1997;10;14;15;1.006,4;23,4;21,6;;;85;180;12;8;7;;
16726;1997;10;14;18;1.006,4;23;21;25;21,4;83;0;0;10;5;;
16726;1997;10;14;21;1.007,7;19,6;18,4;;;88;0;0;10;4;;
16726;1997;10;15;0;1.007,9;18,8;17,8;;;90;0;0;10;6;;
16726;1997;10;15;3;1.007,7;18,2;17,6;;;94;0;0;8;7;;
16726;1997;10;15;6;1.007,7;18,2;17,6;23,4;18,2;94;0;0;10;6;;
16726;1997;10;15;9;1.008,7;18,8;17,8;;;90;80;5;8;6;5,7;
16726;1997;10;15;12;1.007,7;23;17,6;;;57;240;10;10;6;;
16726;1997;10;15;15;1.007,7;21,6;16,8;;;60;0;0;10;3;;
16726;1997;10;15;18;1.008,7;16;14;24;16;79;0;0;10;3;5,7;
16726;1997;10;15;21;1.010,5;14;13;;;89;330;4;10;2;;
16726;1997;10;16;0;1.011;12;11,6;;;95;360;4;10;1;;
16726;1997;10;16;3;1.011,5;10;9,6;;;95;360;7;10;1;;
16726;1997;10;16;6;1.012,7;10,4;10;17;9;95;350;6;10;1;;
16726;1997;10;16;9;1.013,7;19,2;12,6;;;43;360;6;10;1;;
16726;1997;10;16;12;1.013;21,2;13,2;;;35;360;8;10;2;;
16726;1997;10;16;15;1.012,7;20,4;13,4;;;40;360;7;10;2;;
16726;1997;10;16;18;1.014,2;15,4;11,2;21,8;10,4;57;10;6;10;1;;
16726;1997;10;16;21;1.015,9;12,6;10;;;70;360;7;10;2;;
16726;1997;10;17;0;1.015,7;11;8,8;;;73;350;7;10;0;;
16726;1997;10;17;3;1.015,5;9,4;8;;;82;360;8;10;0;;
16726;1997;10;17;6;1.016,2;11,4;10,6;16;9;90;350;4;10;3;;
16726;1997;10;17;9;1.017,5;20,6;15;;;52;140;6;10;4;;
16726;1997;10;17;12;1.017,7;21;15;;;49;140;9;10;3;;
16726;1997;10;17;15;1.017,7;19;14;;;55;100;6;10;6;;
16726;1997;10;17;18;1.018,7;16;13,2;21,4;11,2;71;360;4;10;6;;
16726;1997;10;17;21;1.019,7;11,4;10,4;;;88;360;6;10;3;;
16726;1997;10;18;0;1.019,9;10;8,4;;;79;340;6;10;3;;
16726;1997;10;18;3;1.020,4;11,6;10;;;81;360;6;10;2;;
16726;1997;10;18;6;1.021;13;8,2;16;10;47;340;6;10;0;;
16726;1997;10;18;9;1.020,7;20;12;;;33;310;7;10;2;;
16726;1997;10;18;12;1.019;20,4;12,4;;;33;40;8;10;5;;
16726;1997;10;18;15;1.019;18,2;11,8;;;42;40;8;10;6;0;
16726;1997;10;18;18;1.019,9;15;9,6;21,8;13;46;20;12;10;2;0;
16726;1997;10;18;21;1.020,2;14,6;9,2;;;44;20;5;10;2;;
16726;1997;10;19;0;1.018,9;13,6;8,6;;;47;0;0;10;2;;
16726;1997;10;19;3;1.018,2;12,8;8,8;;;55;0;0;10;5;;
16726;1997;10;19;6;1.018;13,8;8,6;15,6;11,4;45;350;6;10;5;;
16726;1997;10;19;9;1.017,5;19;11,4;;;33;320;8;10;4;;
16726;1997;10;19;12;1.015,9;20,4;11,8;;;30;360;6;10;3;;
16726;1997;10;19;15;1.015,2;20,2;12;;;32;40;8;10;3;;
16726;1997;10;19;18;1.015,9;15,4;10;22;13;46;350;7;10;2;;
16726;1997;10;19;21;1.015,9;13;9;;;55;360;6;10;1;;
16726;1997;10;20;0;1.015,5;14;13;;;89;360;11;10;0;;
16726;1997;10;20;3;1.014,5;11;7,2;;;54;360;9;10;1;;
16726;1997;10;20;6;1.014,7;10,2;7,6;16;8,6;68;360;8;10;1;;
16726;1997;10;20;9;1.014,5;18;11;;;37;340;8;10;1;;
16726;1997;10;20;12;1.012,5;21;11,6;;;26;360;7;10;1;;
16726;1997;10;20;15;1.012,5;19,4;12,2;;;37;180;4;10;2;;
16726;1997;10;20;18;1.013,2;13,2;10;21,4;10;64;360;5;10;1;;
16726;1997;10;20;21;1.014;9,6;7,8;;;77;360;5;10;1;;
16726;1997;10;21;0;1.013,7;6,8;6;;;88;0;0;10;0;;
16726;1997;10;21;3;1.013,5;7,4;6,2;;;83;350;5;10;0;;
16726;1997;10;21;6;1.013,2;7,2;5,8;13,2;5,8;80;360;5;8;0;;
16726;1997;10;21;9;1.013,7;18,8;12,6;;;45;0;0;10;0;;
16726;1997;10;21;12;1.012,2;21;14;;;42;180;4;10;1;;
16726;1997;10;21;15;1.012;20,4;14,2;;;47;180;5;10;1;;
16726;1997;10;21;18;1.013;14,2;11,8;22;7,2;74;0;0;10;2;;
16726;1997;10;21;21;1.014;11,2;10;;;85;0;0;10;1;;
16726;1997;10;22;0;1.013,5;9,6;8,8;;;90;0;0;10;1;;
16726;1997;10;22;3;1.013;8,8;8,2;;;92;350;7;10;1;;
16726;1997;10;22;6;1.013,4;9;8,4;15;8;92;330;5;8;5;;
16726;1997;10;22;9;1.014;15;12,8;;;77;0;0;8;8;;
16726;1997;10;22;12;1.012,5;19,6;15,4;;;62;150;5;8;8;;
16726;1997;10;22;15;1.011,7;20;16;;;64;180;8;8;8;;
16726;1997;10;22;18;1.011,9;19;15;20,4;9;63;160;8;8;8;;
16726;1997;10;22;21;1.011,7;16,2;13,8;;;75;350;5;10;8;;
16726;1997;10;23;0;1.011;16,2;13,6;;;74;360;5;10;7;;
16726;1997;10;23;3;1.010;16,2;13,6;;;74;360;7;10;7;;
16726;1997;10;23;6;1.009,5;17,4;14,2;19,6;15;68;360;7;10;5;;
16726;1997;10;23;9;1.010,5;21,6;16,4;;;56;0;0;10;5;;
16726;1997;10;23;12;1.010;22,8;17,6;;;58;210;7;10;6;;
16726;1997;10;23;15;1.010;21,8;18;;;67;210;6;10;6;;
16726;1997;10;23;18;1.011;20;18,2;24,8;17,4;83;0;0;10;7;;
16726;1997;10;23;21;1.011,5;18;17;;;90;0;0;10;7;;
16726;1997;10;24;0;1.011,2;16,4;15,6;;;92;0;0;10;5;;
16726;1997;10;24;3;1.010,9;15;14,6;;;96;0;0;10;5;;
16726;1997;10;24;6;1.011;15;14,6;20,6;14;96;0;0;8;6;;
16726;1997;10;24;9;1.011;22,6;18;;;62;220;7;8;4;;
16726;1997;10;24;12;1.009,7;23;19,4;;;70;200;12;8;5;;
16726;1997;10;24;15;1.008,7;21,4;19;;;79;210;12;10;7;;
16726;1997;10;24;18;1.007,2;20;18,8;24;14,8;89;190;13;6;8;4;
16726;1997;10;24;21;1.007,5;19,6;19,6;;;100;120;6;7;8;7;
16726;1997;10;25;0;1.006,7;19,4;19;;;96;110;8;8;8;0,2;
16726;1997;10;25;3;1.006;18,4;18;;;96;120;4;8;4;8;
16726;1997;10;25;6;1.006,9;17;17;20,6;17;100;0;0;6;6;15,4;
16726;1997;10;25;9;1.007,9;17,8;17;;;92;0;0;7;7;3;
16726;1997;10;25;12;1.007,9;19,8;19,4;;;96;0;0;10;6;5,9;
16726;1997;10;25;15;1.009;19,6;16,2;;;69;360;15;10;4;;
16726;1997;10;25;18;1.010,7;16,4;14,8;22,6;16,4;83;360;9;10;2;8,9;
16726;1997;10;25;21;1.012,7;14,4;13,8;;;93;350;4;10;1;;
16726;1997;10;26;0;1.013,7;13,4;13;;;95;360;5;8;2;;
16726;1997;10;26;3;1.014;12;11,6;;;95;360;5;8;7;;
16726;1997;10;26;6;1.014,9;13,6;11;17;12;71;360;6;10;4;;
16726;1997;10;26;9;1.016;19,2;14,8;;;60;10;5;8;4;;
16726;1997;10;26;12;1.015,5;19;16;;;72;230;8;10;5;;
16726;1997;10;26;15;1.015,7;18;16;;;80;220;8;10;5;;
16726;1997;10;26;18;1.016,7;16;14,8;21,6;13,2;87;0;0;10;5;;
16726;1997;10;26;21;1.018;12,2;12;;;98;0;0;10;3;;
16726;1997;10;27;0;1.017,7;12,6;12;;;93;360;6;10;4;;
16726;1997;10;27;3;1.017,7;11,6;10,8;;;90;360;6;10;2;;
16726;1997;10;27;6;1.018;12;11;16,6;11,4;88;0;0;10;6;;
16726;1997;10;27;9;1.018,5;18;14;;;62;350;5;10;6;;
16726;1997;10;27;12;1.017,5;19;15;;;63;0;0;10;5;;
16726;1997;10;27;15;1.017,2;16,2;15;;;87;170;4;10;7;2,9;
16726;1997;10;27;18;1.018;13,6;13,2;20;12;95;0;0;10;7;2,9;
16726;1997;10;27;21;1.018,2;12,8;12,6;;;98;360;5;10;5;;
16726;1997;10;28;0;1.018,5;12,4;12;;;95;360;5;10;5;;
16726;1997;10;28;3;1.018,5;12,4;12;;;95;360;5;10;5;;
16726;1997;10;28;6;1.016,7;13;11,2;20;12,2;79;360;6;10;6;;
16726;1997;10;28;9;1.017,2;18;13,8;;;61;360;4;10;4;;
16726;1997;10;28;12;1.016,5;18;15;;;71;0;0;10;8;;
16726;1997;10;28;15;1.016,7;17,8;15;;;73;0;0;10;6;;
16726;1997;10;28;18;1.017,7;15,4;14,2;20;13;87;350;4;8;8;;
16726;1997;10;28;21;1.018,2;13,6;12,6;;;89;360;4;8;4;;
16726;1997;10;29;0;1.018;12,2;11,2;;;88;360;5;10;3;;
16726;1997;10;29;3;1.017,4;12;10,8;;;86;350;8;10;3;;
16726;1997;10;29;6;1.018,2;13,8;11,8;16;11,8;78;0;0;10;7;;
16726;1997;10;29;9;1.019;15,6;13,8;;;81;0;0;1;7;1,9;
16726;1997;10;29;12;1.018;18,2;14,8;;;68;0;0;8;7;;
16726;1997;10;29;15;1.018;17,2;14,2;;;70;360;5;8;7;;
16726;1997;10;29;18;1.019,2;15;12,4;18,6;13,6;72;360;6;8;7;1,9;
16726;1997;10;29;21;1.020;14,4;12,2;;;76;0;0;8;8;;
16726;1997;10;30;0;1.020,2;13;11,4;;;81;350;7;8;8;0,2;
16726;1997;10;30;3;1.021;12,2;11,6;;;93;360;5;7;8;0,4;
16726;1997;10;30;6;1.021;11;9,4;15,6;11;80;360;10;10;4;0,6;
16726;1997;10;30;9;1.021;18;13,2;;;55;360;10;10;4;;
16726;1997;10;30;12;1.020;19,4;14,2;;;53;360;8;10;7;;
16726;1997;10;30;15;1.019,4;15,6;11,6;;;60;360;12;10;7;;
16726;1997;10;30;18;1.019,7;13,4;10,4;20,2;11;66;360;12;10;7;;
16726;1997;10;30;21;1.020,2;13,8;10,2;;;61;350;9;10;7;;
16726;1997;10;31;0;1.019,7;13,6;10,2;;;62;360;10;10;7;;
16726;1997;10;31;3;1.018,9;13,4;10;;;62;360;9;10;7;;
16726;1997;10;31;6;1.018,5;13;10;20;12,6;66;360;7;10;4;;
16726;1997;10;31;9;1.019,2;18,4;13;;;51;360;9;10;5;;
16726;1997;10;31;12;1.018;19,6;13,4;;;45;350;10;10;5;;
16726;1997;10;31;15;1.017,7;17,2;12,2;;;52;360;8;10;5;;
16726;1997;10;31;18;1.018,9;14;10;21;13;57;360;10;10;4;;
16726;1997;10;31;21;1.017,4;12,6;10;;;70;360;10;10;6;0,1;
16726;1997;11;1;0;1.016,2;12,8;9,6;;;64;360;10;10;4;;
16726;1997;11;1;3;1.015;14,4;10,4;;;57;360;12;10;4;;
16726;1997;11;1;6;1.014,7;14,8;10,6;14,8;12,6;57;360;12;10;6;0,1;
16726;1997;11;1;9;1.015,2;17,2;12;;;50;10;14;10;7;;
16726;1997;11;1;12;1.015,5;17,4;12,6;;;55;20;7;8;8;0;
16726;1997;11;1;15;1.015;14,6;11,6;;;68;360;10;10;7;0;
16726;1997;11;1;18;1.015,5;13,8;10,6;17,6;13,6;65;350;10;10;7;0;
16726;1997;11;1;21;1.015;13,2;10;;;64;360;15;10;5;;
16726;1997;11;2;0;1.015,2;12,2;9,4;;;67;350;9;10;4;;
16726;1997;11;2;3;1.014,5;11,8;9,2;;;69;350;10;10;3;;
16726;1997;11;2;6;1.014,5;9,8;8,4;14,6;9,6;82;350;9;8;2;;
16726;1997;11;2;9;1.014,7;18;13,2;;;55;0;0;10;2;;
16726;1997;11;2;12;1.014;18;13,2;;;55;200;5;10;4;;
16726;1997;11;2;15;1.013;17,8;13,8;;;62;0;0;10;7;;
16726;1997;11;2;18;1.013,2;15,4;12,6;20,2;9,8;71;350;6;10;5;;
16726;1997;11;2;21;1.013,7;12,4;11,4;;;88;360;7;10;4;;
16726;1997;11;3;0;1.013;12,8;11,4;;;83;360;5;10;5;;
16726;1997;11;3;3;1.012,7;12,8;11,4;;;83;360;4;10;5;;
16726;1997;11;3;6;1.012,7;11,6;10,4;15,6;11,6;85;360;5;10;1;;
16726;1997;11;3;9;1.013,2;19;13;;;46;360;6;10;2;;
16726;1997;11;3;12;1.011,9;19,8;13,4;;;44;360;4;10;6;;
16726;1997;11;3;15;1.011,4;18,8;13,6;;;53;360;8;10;4;;
16726;1997;11;3;18;1.012,7;13,8;11,8;20,8;11,6;78;360;5;10;2;;
16726;1997;11;3;21;1.014,2;10,2;9,6;;;92;340;7;10;2;;
16726;1997;11;4;0;1.014;9;8,6;;;95;350;6;10;2;;
16726;1997;11;4;3;1.013,4;8,4;8;;;94;360;5;10;2;;
16726;1997;11;4;6;1.014,4;8,2;7,8;14;8;94;360;9;8;1;;
16726;1997;11;4;9;1.015,5;17,4;14;;;67;360;4;8;1;;
16726;1997;11;4;12;1.015;21;15;;;49;190;8;10;1;;
16726;1997;11;4;15;1.016;19,2;15,2;;;63;160;8;10;1;;
16726;1997;11;4;18;1.018;16,6;14,6;22;8;80;160;4;10;4;;
16726;1997;11;4;21;1.019,2;15;13,8;;;87;350;4;10;4;;
16726;1997;11;5;0;1.019,2;12,2;10,6;;;81;360;8;10;3;;
16726;1997;11;5;3;1.019,2;11,6;9,8;;;78;360;7;10;2;;
16726;1997;11;5;6;1.019,7;11,2;9;18;10;73;360;7;8;0;;
16726;1997;11;5;9;1.021,2;18,6;12,4;;;44;360;6;8;1;;
16726;1997;11;5;12;1.019,5;21,2;14,2;;;42;210;5;10;3;;
16726;1997;11;5;15;1.019;18,6;13,8;;;56;0;0;10;7;;
16726;1997;11;5;18;1.020,2;15,4;11,4;21,8;11,2;58;360;6;10;7;;
16726;1997;11;5;21;1.020,5;15;11;;;58;360;6;10;8;;
16726;1997;11;6;0;1.020;15;11;;;58;360;5;10;8;;
16726;1997;11;6;3;1.019,4;14;11;;;67;360;7;10;8;;
16726;1997;11;6;6;1.019,7;15;11;16;14;58;360;7;10;8;;
16726;1997;11;6;9;1.020,2;18,2;14;;;61;360;8;10;6;;
16726;1997;11;6;12;1.019,5;19,4;14,8;;;59;360;7;10;7;;
16726;1997;11;6;15;1.019,2;19,2;15,4;;;65;0;0;10;7;;
16726;1997;11;6;18;1.020,2;17,4;14,8;19,8;15;74;360;5;10;7;;
16726;1997;11;6;21;1.020,7;14,4;12,4;;;78;360;6;10;2;;
16726;1997;11;7;0;1.020,7;11,6;10,8;;;90;350;6;10;1;;
16726;1997;11;7;3;1.020,4;11,6;10,8;;;90;360;5;10;1;;
16726;1997;11;7;6;1.021,7;11;10,4;18;10,6;92;360;5;8;3;;
16726;1997;11;7;9;1.021,2;20;15,6;;;61;360;4;8;5;;
16726;1997;11;7;12;1.020,2;22;17;;;58;210;5;10;4;;
16726;1997;11;7;15;1.020,2;21,4;17,2;;;64;0;0;10;5;;
16726;1997;11;7;18;1.020,7;15,2;14;23;10,8;87;340;5;10;4;;
16726;1997;11;7;21;1.020,7;14,4;12,4;;;78;360;5;10;4;;
16726;1997;11;8;0;1.019,4;14,4;13,6;;;91;360;5;10;4;;
16726;1997;11;8;3;1.019,4;14,4;13,6;;;91;360;5;10;4;;
16726;1997;11;8;6;1.019;12;11,4;15,2;12;93;0;0;10;4;;
16726;1997;11;8;9;1.019,9;22;18;;;66;200;8;10;6;;
16726;1997;11;8;12;1.018,4;22;18;;;66;190;18;10;3;;
16726;1997;11;8;15;1.017,7;20,6;18;;;77;180;17;8;8;;
16726;1997;11;8;18;1.017,7;20,4;17,8;23;12;77;170;17;8;8;;
16726;1997;11;8;21;1.017,4;20;18,6;;;87;150;18;10;8;;
16726;1997;11;9;0;1.015,2;19,8;19;;;92;170;20;8;8;0;
16726;1997;11;9;3;1.016,2;17,4;16,6;;;92;360;9;10;6;2,6;
16726;1997;11;9;6;1.017;13,8;13,6;20,4;13,8;98;350;7;10;3;2,6;
16726;1997;11;9;9;1.017,7;18,2;17;;;88;0;0;10;3;;
16726;1997;11;9;12;1.016,2;22,8;17,8;;;59;0;0;10;3;;
16726;1997;11;9;15;1.016,2;20,2;17,4;;;74;130;4;10;2;;
16726;1997;11;9;18;1.017,4;15,6;15;23,8;13,8;93;350;6;10;1;;
16726;1997;11;9;21;1.018,4;13,4;13,2;;;98;350;6;10;0;;
16726;1997;11;10;0;1.018;12,4;12,2;;;98;360;6;10;0;;
16726;1997;11;10;3;1.017,7;11,4;11,2;;;97;350;8;10;0;;
16726;1997;11;10;6;1.018;11,2;10,8;16;11;95;360;6;8;0;;
16726;1997;11;10;9;1.018;19;16,2;;;74;0;0;8;2;;
16726;1997;11;10;12;1.016,5;22,6;16,6;;;52;0;0;10;2;;
16726;1997;11;10;15;1.016,5;21,2;15,2;;;49;60;8;10;5;;
16726;1997;11;10;18;1.017,5;14,8;14;22,6;11,2;91;350;6;10;5;;
16726;1997;11;10;21;1.018,5;12,8;12,2;;;93;360;8;10;5;;
16726;1997;11;11;0;1.017,7;11,4;11,2;;;97;360;4;10;5;;
16726;1997;11;11;3;1.017,7;11;10,8;;;97;360;6;10;4;;
16726;1997;11;11;6;1.018,4;10,8;10,2;15;10,4;92;0;0;8;4;;
16726;1997;11;11;9;1.019;19,2;15,6;;;67;0;0;8;4;;
16726;1997;11;11;12;1.018,4;21;17,2;;;67;180;6;10;4;;
16726;1997;11;11;15;1.018,5;19,2;17,6;;;85;180;4;10;5;;
16726;1997;11;11;18;1.018,5;16,6;16,2;22;10,8;96;0;0;10;4;;
16726;1997;11;11;21;1.019,4;16,2;16;;;98;10;4;10;5;;
16726;1997;11;12;0;1.019;14,8;14,8;;;100;0;0;8;5;;
16726;1997;11;12;3;1.018,7;14;14;;;100;0;0;7;5;;
16726;1997;11;12;6;1.019,4;13,6;13,6;16,6;13,4;100;0;0;0,1;5;;
16726;1997;11;12;9;1.019,4;19,4;17,6;;;83;0;0;8;6;;
16726;1997;11;12;12;1.018;20,8;18,4;;;78;180;7;8;6;;
16726;1997;11;12;15;1.017,7;20;18;;;81;180;6;10;5;;
16726;1997;11;12;18;1.018,4;15,6;15;22;13,4;93;0;0;10;3;;
16726;1997;11;12;21;1.018;13,2;13;;;98;360;7;8;2;;
16726;1997;11;13;0;1.016,7;12,6;12,6;;;100;360;5;8;1;;
16726;1997;11;13;3;1.015;11,8;11,8;;;100;360;5;8;3;;
16726;1997;11;13;6;1.014,4;11,2;11;16;10,6;97;0;0;8;5;;
16726;1997;11;13;9;1.012,7;22;17,4;;;61;210;18;10;5;;
16726;1997;11;13;12;1.011,4;21,2;17,2;;;65;200;17;10;5;;
16726;1997;11;13;15;1.010;20,4;17;;;70;200;22;10;6;;
16726;1997;11;13;18;1.009,4;19,4;17,6;23;11,2;83;180;18;8;8;1;
16726;1997;11;13;21;1.012,2;16,8;15,6;;;88;0;0;8;6;4;
16726;1997;11;14;0;1.012,5;15;13,6;;;85;0;0;10;2;;
16726;1997;11;14;3;1.012,2;11,4;11,2;;;97;0;0;10;7;;
16726;1997;11;14;6;1.012,7;10,4;10,4;19,4;10,4;100;0;0;10;7;4;
16726;1997;11;14;9;1.014,4;18;15,4;;;74;0;0;8;7;;
16726;1997;11;14;12;1.013,7;19,4;17,6;;;83;140;6;10;4;;
16726;1997;11;14;15;1.014;19,2;15;;;62;290;6;10;3;;
16726;1997;11;14;18;1.015;14,6;14;20,6;10,4;93;0;0;10;4;;
16726;1997;11;14;21;1.015,7;11,6;11,2;;;95;340;6;10;5;;
16726;1997;11;15;0;1.014,7;10,4;10,2;;;97;0;0;10;5;;
16726;1997;11;15;3;1.013,7;10,2;10,2;;;100;0;0;10;6;;
16726;1997;11;15;6;1.013;12;11,8;14,6;10;98;150;3;10;8;;
16726;1997;11;15;9;1.012,5;17;15,8;;;88;180;12;0,3;8;8;
16726;1997;11;15;12;1.011,4;18;16,8;;;88;160;8;8;8;;
16726;1997;11;15;15;1.011;17,4;16,2;;;88;220;5;8;6;3,2;
16726;1997;11;15;18;1.011,5;14,4;14,4;19;12;100;0;0;8;4;11,2;
16726;1997;11;15;21;1.012;11,2;11,2;;;100;160;4;0,1;3;;
16726;1997;11;16;0;1.011,9;11,2;11,2;;;100;340;6;10;4;0,1;
16726;1997;11;16;3;1.011,7;12,6;12,6;;;100;0;0;10;6;0,3;
16726;1997;11;16;6;1.012,2;10;10;14,6;10;100;0;0;8;2;0,4;
16726;1997;11;16;9;1.012,7;16,6;13;;;64;20;5;10;2;;
16726;1997;11;16;12;1.011,9;18,2;11,6;;;41;340;8;10;2;;
16726;1997;11;16;15;1.011,7;15,8;12,4;;;65;360;5;10;2;;
16726;1997;11;16;18;1.012,4;9,4;9;18,4;9,4;95;0;0;10;2;;
16726;1997;11;16;21;1.012,7;8;7,6;;;94;340;5;10;3;;
16726;1997;11;17;0;1.012,4;9;8,6;;;95;360;5;10;5;;
16726;1997;11;17;3;1.011,7;9,4;9,2;;;97;0;0;10;8;0;
16726;1997;11;17;6;1.011,5;9,8;9,4;9,8;7,6;95;360;6;10;7;0;
16726;1997;11;17;9;1.011,2;14,8;12,2;;;72;0;0;10;2;;
16726;1997;11;17;12;1.009,4;17,8;12,2;;;48;0;0;10;3;;
16726;1997;11;17;15;1.009,2;16,2;12;;;58;240;6;10;8;;
16726;1997;11;17;18;1.009;10,8;10;19;7,6;90;0;0;10;6;;
16726;1997;11;17;21;1.009;10,6;10,2;;;95;360;7;10;4;;
16726;1997;11;18;0;1.007,7;8,4;8,2;;;97;360;6;10;2;;
16726;1997;11;18;3;1.007;6,8;6,6;;;97;360;5;10;5;;
16726;1997;11;18;6;1.006,9;7;6,6;10,8;6,8;94;360;5;10;4;;
16726;1997;11;18;9;1.007;13,2;10,8;;;73;0;0;10;6;;
16726;1997;11;18;12;1.005;15,2;12;;;66;0;0;10;7;;
16726;1997;11;18;15;1.004,5;14,8;12,4;;;74;0;0;8;6;;
16726;1997;11;18;18;1.004,5;11,2;10,2;15,6;7;88;360;8;10;7;;
16726;1997;11;18;21;1.005;8,6;8,4;;;97;0;0;10;2;;
16726;1997;11;19;0;1.005,7;7,2;7;;;97;0;0;10;2;;
16726;1997;11;19;3;1.006,9;6,4;6,2;;;97;0;0;10;4;;
16726;1997;11;19;6;1.008,4;6;5,8;11,6;5,8;97;360;5;10;3;;
16726;1997;11;19;9;1.010;14,2;10,6;;;62;360;6;10;3;;
16726;1997;11;19;12;1.010;14,2;10,4;;;59;360;4;10;6;0;
16726;1997;11;19;15;1.009,7;13,6;11,2;;;73;0;0;10;4;0;
16726;1997;11;19;18;1.010,4;11,8;11,2;15,4;6;93;0;0;10;7;0;
16726;1997;11;19;21;1.010,9;9,6;9,4;;;97;0;0;10;3;;
16726;1997;11;20;0;1.010,5;10,4;10,2;;;97;0;0;10;7;;
16726;1997;11;20;3;1.009,4;10,6;10,4;;;97;0;0;10;7;;
16726;1997;11;20;6;1.009,4;11,6;11,4;11,8;9,6;97;360;6;6;8;1,1;
16726;1997;11;20;9;1.009,7;15,2;14,2;;;89;0;0;6;7;2;
16726;1997;11;20;12;1.008;16,6;15,4;;;87;180;12;4;7;8;
16726;1997;11;20;15;1.007;17,4;15,6;;;82;180;12;8;8;3;
16726;1997;11;20;18;1.008,2;14,6;13,8;18;11,2;91;140;5;10;8;17,3;
16726;1997;11;20;21;1.007,7;13;12,8;;;98;0;0;10;6;1,2;
16726;1997;11;21;0;1.007,2;13,4;13,4;;;100;10;5;10;8;0,9;
16726;1997;11;21;3;1.007;13,4;13,4;;;100;0;0;10;8;2,4;
16726;1997;11;21;6;1.007,5;12,8;12,8;14,6;12,8;100;0;0;4;6;4,5;
16726;1997;11;21;9;1.009,5;15,6;15,4;;;98;0;0;6;7;1,1;
16726;1997;11;21;12;1.009,7;16,6;14,6;;;80;10;8;8;7;;
16726;1997;11;21;15;1.011,2;15,2;13,4;;;80;360;6;10;7;;
16726;1997;11;21;18;1.013,7;13,4;12,2;17,6;12,8;86;0;0;10;7;1,1;
16726;1997;11;21;21;1.014,5;12,4;11,4;;;88;0;0;10;5;;
16726;1997;11;22;0;1.015,7;10,4;10;;;95;340;5;10;3;;
16726;1997;11;22;3;1.015,7;10,4;10;;;95;340;5;10;3;;
16726;1997;11;22;6;1.018,2;8;7,8;14;7,8;97;340;7;10;1;;
16726;1997;11;22;9;1.018,7;15;12,8;;;77;360;5;10;5;;
16726;1997;11;22;12;1.018;18;13,8;;;61;0;0;10;8;;
16726;1997;11;22;15;1.018;17;15;;;80;0;0;10;7;;
16726;1997;11;22;18;1.018,2;12;11,4;18,2;8;93;0;0;10;6;;
16726;1997;11;22;21;1.018,7;10,4;10,2;;;97;360;6;10;6;;
16726;1997;11;23;0;1.018,5;11;10,4;;;92;340;5;10;6;;
16726;1997;11;23;3;1.017,7;10,4;9,8;;;92;360;6;10;6;;
16726;1997;11;23;6;1.017,4;8,8;8,4;12;8,8;94;350;7;10;2;;
16726;1997;11;23;9;1.016;17,6;14,4;;;68;360;4;10;1;;
16726;1997;11;23;12;1.014;20,6;15,2;;;53;200;20;10;1;;
16726;1997;11;23;15;1.013,4;19,6;14,2;;;52;210;12;10;7;;
16726;1997;11;23;18;1.011,2;19,6;14,2;21,6;8,8;52;190;12;10;7;;
16726;1997;11;23;21;1.010,2;19,8;14,4;;;52;170;15;10;7;;
16726;1997;11;24;0;1.008,7;20;13,8;;;47;180;17;10;6;;
16726;1997;11;24;3;1.006,7;18,4;14;;;59;170;15;8;6;0;
16726;1997;11;24;6;1.007;18,2;15;21;18;69;240;12;6;8;0;
16726;1997;11;24;9;1.007,2;15,2;14,8;;;96;0;0;8;8;3;
16726;1997;11;24;12;1.006,5;13,8;13,2;;;93;360;4;3;8;4;
16726;1997;11;24;15;1.006,2;15,2;14,6;;;93;0;0;10;7;0,5;
16726;1997;11;24;18;1.006,9;15,2;14,6;18,2;13,8;93;0;0;10;3;7,5;
16726;1997;11;24;21;1.008,2;14,4;11,6;;;70;360;9;10;2;;
16726;1997;11;25;0;1.008,7;16;12,8;;;68;360;10;10;2;;
16726;1997;11;25;3;1.009,7;16;12,8;;;68;30;6;10;4;;
16726;1997;11;25;6;1.011,2;14,6;12,4;17,4;12,6;76;350;8;10;4;;
16726;1997;11;25;9;1.011,9;18;14;;;62;340;5;10;2;;
16726;1997;11;25;12;1.011,4;20,6;15,8;;;58;340;5;10;5;;
16726;1997;11;25;15;1.011,7;18,2;16;;;79;0;0;10;7;;
16726;1997;11;25;18;1.012,7;15;13,6;21;14,4;85;0;0;10;6;;
16726;1997;11;25;21;1.012,7;12,6;12;;;93;360;5;10;6;;
16726;1997;11;26;0;1.012;11,4;10,8;;;93;350;6;10;3;;
16726;1997;11;26;3;1.012;12;11,4;;;93;360;5;10;5;;
16726;1997;11;26;6;1.012,2;13,8;12,2;16;11,4;82;360;4;10;7;;
16726;1997;11;26;9;1.014;15;14;;;89;360;4;10;8;0,2;
16726;1997;11;26;12;1.013,4;18,6;15;;;66;360;5;10;7;;
16726;1997;11;26;15;1.014;16,6;14,2;;;75;360;4;10;3;;
16726;1997;11;26;18;1.015,2;12,6;11,6;19,2;12,6;88;360;5;12;4;0,2;
16726;1997;11;26;21;1.017;12;11,2;;;90;360;4;10;3;;
16726;1997;11;27;0;1.016,7;12;11,2;;;90;0;0;10;6;;
16726;1997;11;27;3;1.017,4;12,2;11,6;;;93;350;4;10;3;;
16726;1997;11;27;6;1.018;11,6;11;12,6;11,4;93;360;4;10;7;;
16726;1997;11;27;9;1.018,7;17,8;14,6;;;69;0;0;10;7;;
16726;1997;11;27;12;1.017,2;19;15;;;63;230;6;10;7;;
16726;1997;11;27;15;1.017,5;17;15;;;80;0;0;10;7;;
16726;1997;11;27;18;1.018;14;13;20,5;11,6;89;0;0;10;7;;
16726;1997;11;27;21;1.017,7;12,2;12;;;98;0;0;10;6;;
16726;1997;11;28;0;1.016,7;13,4;12,2;;;86;350;7;10;7;;
16726;1997;11;28;3;1.016,2;12;11,4;;;93;360;5;10;7;;
16726;1997;11;28;6;1.015,7;12,8;11,2;14;11,2;81;360;8;10;7;;
16726;1997;11;28;9;1.016,4;15,4;13,2;;;77;360;4;10;8;;
16726;1997;11;28;12;1.015,9;16,2;14;;;77;0;0;10;8;;
16726;1997;11;28;15;1.014,7;16,6;14,8;;;82;360;6;10;8;;
16726;1997;11;28;18;1.014,9;13,4;11,8;17;12,8;82;360;7;10;3;;
16726;1997;11;28;21;1.015;11,2;10,2;;;88;350;8;10;3;;
16726;1997;11;29;0;1.014,9;12;10,4;;;81;360;8;10;3;;
16726;1997;11;29;3;1.014;9,4;8,6;;;90;360;6;10;3;;
16726;1997;11;29;6;1.014;11;9,4;13,4;9,4;80;360;8;10;3;;
16726;1997;11;29;9;1.014,7;16,4;12,8;;;64;0;0;10;1;;
16726;1997;11;29;12;1.013;19,2;14,2;;;55;120;5;10;1;;
16726;1997;11;29;15;1.012,7;17,2;14;;;68;0;0;10;1;;
16726;1997;11;29;18;1.013,2;11,4;10,8;20;10,6;93;350;5;10;1;;
16726;1997;11;29;21;1.013,7;11,2;10,6;;;93;360;4;10;6;;
16726;1997;11;30;0;1.013,2;9,8;9,2;;;92;340;5;10;4;;
16726;1997;11;30;3;1.012,7;11;10,2;;;90;0;0;10;5;;
16726;1997;11;30;6;1.012,2;11,4;11,2;11,8;9,8;97;0;0;6;8;1,2;
16726;1997;11;30;9;1.012,2;13,6;13;;;93;0;0;5;8;2,1;
16726;1997;11;30;12;1.009,7;17,6;14,8;;;73;210;15;10;6;0,3;
16726;1997;11;30;15;1.008,7;12,6;12,4;;;98;110;4;4;8;13,6;
16726;1997;11;30;18;1.007,4;12;12;17,6;11,4;100;0;0;8;4;57,4;
16726;1997;11;30;21;1.006,2;10,8;10;;;90;280;16;8;8;10,1;
16726;1997;12;1;0;1.005,2;12,6;12,2;;;95;120;15;6;8;19,5;
16726;1997;12;1;3;1.002,5;13,2;12;;;86;140;8;8;8;1,4;
16726;1997;12;1;6;1.002;12,6;12;16;10,8;93;0;0;8;8;41,5;
16726;1997;12;1;9;1.003;12,6;12;;;93;280;12;4;8;3;
16726;1997;12;1;12;1.002;14,6;12,6;;;79;0;0;10;6;6;
16726;1997;12;1;15;1.001,4;13,8;13,2;;;93;0;0;10;6;0;
16726;1997;12;1;18;1.002;12,2;12,2;16;11,6;100;0;0;8;7;17,3;
16726;1997;12;1;21;1.003,4;11,4;11,4;;;100;360;5;0,1;7;0,3;
16726;1997;12;2;0;1.003,2;11,2;11,2;;;100;0;0;8;7;2,1;
16726;1997;12;2;3;1.003,5;11;11;;;100;0;0;10;8;2,5;
16726;1997;12;2;6;1.004;10,2;10;13;10;97;340;5;10;7;8,6;
16726;1997;12;2;9;1.005,5;13,2;12;;;86;0;0;10;6;0;
16726;1997;12;2;12;1.005,7;14;12,8;;;87;120;6;10;7;0,2;
16726;1997;12;2;15;1.005;15;12,4;;;72;170;6;10;5;;
16726;1997;12;2;18;1.006;12;11,2;16,4;10,2;90;0;0;10;6;1,5;
16726;1997;12;2;21;1.006,7;10;9,8;;;97;360;4;10;6;3,1;
16726;1997;12;3;0;1.007,4;9,8;9,8;;;100;350;5;10;4;1,2;
16726;1997;12;3;3;1.007,5;8,8;8,8;;;100;0;0;10;6;;
16726;1997;12;3;6;1.008;8,4;8,2;13;8,2;97;0;0;8;4;4,3;
16726;1997;12;3;9;1.008,4;16,4;14,2;;;77;120;5;10;6;0;
16726;1997;12;3;12;1.007,5;17,6;15,2;;;76;210;5;8;7;0,3;
16726;1997;12;3;15;1.007;17,2;15;;;78;220;12;8;7;4,4;
16726;1997;12;3;18;1.007;14,8;14,2;18,6;8,4;93;240;10;7;7;9,5;
16726;1997;12;3;21;1.007,2;14;13,2;;;91;0;0;8;8;5,1;
16726;1997;12;4;0;1.007,4;14,4;13;;;85;260;7;10;3;1;
16726;1997;12;4;3;1.007,7;12,2;10,6;;;81;0;0;10;2;;
16726;1997;12;4;6;1.008,4;11,6;9,2;14,8;11,2;71;150;5;8;2;6,1;
16726;1997;12;4;9;1.010;16,2;12,8;;;66;0;0;8;5;;
16726;1997;12;4;12;1.009,7;17,6;14,4;;;68;250;5;8;5;0,2;
16726;1997;12;4;15;1.011,2;15,2;12,8;;;75;0;0;8;5;;
16726;1997;12;4;18;1.012,2;10,2;9,6;18;10;92;0;0;10;5;0,2;
16726;1997;12;4;21;1.013;10;9,4;;;92;360;8;10;7;;
16726;1997;12;5;0;1.014;9,4;9,2;;;97;0;0;10;7;;
16726;1997;12;5;3;1.013,4;10;9,6;;;95;360;9;10;7;;
16726;1997;12;5;6;1.013,4;9,4;9;11;9,4;95;360;4;8;5;;
16726;1997;12;5;9;1.013,7;15,4;13;;;75;0;0;10;4;;
16726;1997;12;5;12;1.012,5;17;14,2;;;72;0;0;10;7;;
16726;1997;12;5;15;1.011,5;17;15,4;;;83;10;4;10;7;;
16726;1997;12;5;18;1.010,9;13,8;13,2;18,2;9,4;93;340;5;8;7;;
16726;1997;12;5;21;1.010,4;13,4;12,6;;;91;360;7;8;7;;
16726;1997;12;6;0;1.008,7;12,8;12,2;;;93;0;0;10;7;;
16726;1997;12;6;3;1.007,4;12,6;11,8;;;91;0;0;10;7;;
16726;1997;12;6;6;1.007;17,2;13,8;17,2;12,4;67;160;11;10;7;;
16726;1997;12;6;9;1.007,7;19,8;16,2;;;67;160;10;10;4;;
16726;1997;12;6;12;1.005,7;20,4;16,6;;;67;180;12;10;3;;
16726;1997;12;6;15;1.005,4;18,6;16,6;;;81;200;5;10;6;;
16726;1997;12;6;18;1.004;16,4;15;21;16;85;360;8;10;7;;
16726;1997;12;6;21;1.005;15,4;15,2;;;98;40;7;10;7;0;
16726;1997;12;7;0;1.001,5;15,4;12,8;;;73;360;6;10;4;;
16726;1997;12;7;3;999;14,4;13;;;85;350;12;10;6;;
16726;1997;12;7;6;998;15,6;12,6;16,4;14;69;360;8;10;7;0;
16726;1997;12;7;9;997,7;17,2;12,8;;;58;360;12;10;7;;
16726;1997;12;7;12;997,5;16,6;13;;;64;350;8;10;6;;
16726;1997;12;7;15;1.001,2;15;12;;;68;0;0;8;8;;
16726;1997;12;7;18;1.002,2;11,2;10;17,6;11,2;85;360;9;8;8;0,2;
16726;1997;12;7;21;1.004,2;9,4;9;;;95;360;7;8;8;4,5;
16726;1997;12;8;0;1.004,5;9,4;9;;;95;360;5;10;8;;
16726;1997;12;8;3;1.004,7;9,2;8,4;;;89;340;4;10;8;;
16726;1997;12;8;6;1.005,7;9,6;8,6;11,6;9,2;87;350;7;10;4;4,5;
16726;1997;12;8;9;1.007,9;11,4;9;;;71;360;5;10;7;0;
16726;1997;12;8;12;1.007,4;11,4;9;;;71;350;7;10;8;0;
16726;1997;12;8;15;1.008;10,6;8,8;;;78;340;5;10;8;;
16726;1997;12;8;18;1.010;9,4;8,6;12,4;9,4;90;0;0;10;8;0,2;
16726;1997;12;8;21;1.011,7;9;8;;;87;0;0;10;6;;
16726;1997;12;9;0;1.012,7;7,8;6,4;;;80;360;7;10;4;;
16726;1997;12;9;3;1.013,5;7,2;5,6;;;77;360;6;10;1;;
16726;1997;12;9;6;1.014;5;3,8;10;5;81;360;5;10;2;;
16726;1997;12;9;9;1.014,7;12;8;;;54;360;6;10;1;;
16726;1997;12;9;12;1.014;14,6;9;;;42;0;0;10;2;;
16726;1997;12;9;15;1.014,5;13,4;10;;;62;0;0;10;4;;
16726;1997;12;9;18;1.016,4;7,2;6,4;15,2;5;88;360;5;10;3;;
16726;1997;12;9;21;1.017;5,8;5,2;;;91;360;7;10;3;;
16726;1997;12;10;0;1.017;5,4;4,8;;;91;10;4;10;3;;
16726;1997;12;10;3;1.017;4,4;4;;;93;350;8;10;3;;
16726;1997;12;10;6;1.017,7;5,4;4,8;8;4;91;0;0;10;2;;
16726;1997;12;10;9;1.018,5;11,4;9;;;71;0;0;10;2;;
16726;1997;12;10;12;1.017,7;17;12;;;52;0;0;10;4;;
16726;1997;12;10;15;1.018,2;14,4;11,2;;;65;0;0;10;6;;
16726;1997;12;10;18;1.019,2;9,2;8,6;17,6;5;92;360;4;10;4;;
16726;1997;12;10;21;1.019,9;7,4;7;;;94;360;8;10;2;;
16726;1997;12;11;0;1.019,7;6;5,8;;;97;360;5;10;6;;
16726;1997;12;11;3;1.019;5,8;5,6;;;97;350;6;10;1;;
16726;1997;12;11;6;1.019,7;5,4;5,2;10;5;97;360;5;8;3;;
16726;1997;12;11;9;1.019,7;13,2;11,4;;;79;350;4;8;2;;
16726;1997;12;11;12;1.018,2;17;12;;;52;0;0;10;4;;
16726;1997;12;11;15;1.018,2;14,2;11;;;65;360;4;10;2;;
16726;1997;12;11;18;1.018,7;8,8;8,2;17;5,4;92;340;5;10;2;;
16726;1997;12;11;21;1.018,5;6,6;6,4;;;97;0;0;10;1;;
16726;1997;12;12;0;1.017,7;6,6;6,4;;;97;0;0;10;2;;
16726;1997;12;12;3;1.017,5;5,4;5,2;;;97;0;0;10;1;;
16726;1997;12;12;6;1.016,5;5,2;5;9,6;5;97;350;7;10;2;;
16726;1997;12;12;9;1.017;12,4;11;;;83;0;0;8;2;;
16726;1997;12;12;12;1.015;17;12;;;52;360;5;8;4;;
16726;1997;12;12;15;1.014,2;15,2;12,4;;;70;10;7;10;3;;
16726;1997;12;12;18;1.014,2;10,8;9,8;17,4;5;88;0;0;10;6;;
16726;1997;12;12;21;1.014;10,4;9,6;;;90;360;5;10;4;;
16726;1997;12;13;0;1.012,7;10,6;10;;;92;0;0;10;7;;
16726;1997;12;13;3;1.012,2;10,2;9,8;;;95;0;0;10;7;;
16726;1997;12;13;6;1.012;11;10,8;12,6;9;97;0;0;8;8;0,4;
16726;1997;12;13;9;1.012;13,4;12,6;;;91;0;0;3;7;0,1;
16726;1997;12;13;12;1.011;15,4;14,6;;;91;350;4;6;8;0,1;
16726;1997;12;13;15;1.011,4;15,4;14,6;;;91;0;0;6;6;;
16726;1997;12;13;18;1.011,7;13,2;13;16,2;11;98;0;0;6;6;0,2;
16726;1997;12;13;21;1.012,7;11;11;;;100;0;0;6;6;;
16726;1997;12;14;0;1.012,2;12,4;12,4;;;100;0;0;6;8;9,1;
16726;1997;12;14;3;1.010,5;12,8;12,6;;;98;140;5;6;8;6,6;
16726;1997;12;14;6;1.009,7;12,6;12,6;13,2;11;100;0;0;6;8;16,9;
16726;1997;12;14;9;1.008,7;13,4;13,4;;;100;100;5;3;8;9,3;
16726;1997;12;14;12;1.006,4;15,6;13,4;;;77;170;11;8;8;22,1;
16726;1997;12;14;15;1.005,7;13,4;12,6;;;91;110;10;10;7;9,3;
16726;1997;12;14;18;1.005,4;13,2;12,6;16;12;93;110;15;8;8;47,9;
16726;1997;12;14;21;1.003,5;13,8;12,4;;;84;210;20;8;8;18;
16726;1997;12;15;0;1.002;11,8;11,6;;;98;120;7;3;8;19,2;
16726;1997;12;15;3;1.000,4;12,2;12,2;;;100;0;0;8;8;8,9;
16726;1997;12;15;6;1.001;11;11;15;11;100;0;0;3;7;46,1;
16726;1997;12;15;9;1.004,2;11;10,2;;;90;360;18;8;5;0,1;
16726;1997;12;15;12;1.005,7;13,6;10;;;61;360;15;10;4;;
16726;1997;12;15;15;1.008,2;11,6;9,2;;;71;360;7;10;6;;
16726;1997;12;15;18;1.011,2;9,8;8,8;13,6;9,8;87;10;4;10;6;0,1;
16726;1997;12;15;21;1.013,5;7,6;7,4;;;97;0;0;10;3;;
16726;1997;12;16;0;1.014,5;6;6;;;100;0;0;10;3;;
16726;1997;12;16;3;1.015,9;4,8;4,8;;;100;360;4;10;5;0,1;
16726;1997;12;16;6;1.017,5;6,8;6,4;10;4,8;94;0;0;10;7;0,2;
16726;1997;12;16;9;1.019,2;10;9;;;87;360;5;10;6;;
16726;1997;12;16;12;1.019,4;13,6;10,4;;;64;0;0;10;7;;
16726;1997;12;16;15;1.020,2;11,2;10,4;;;90;360;5;10;7;0,3;
16726;1997;12;16;18;1.022,5;10;9,8;14;6,4;97;350;6;10;7;0,3;
16726;1997;12;16;21;1.023,7;10;9,4;;;92;0;0;10;7;;
16726;1997;12;17;0;1.023,9;10;9,4;;;92;360;5;10;7;;
16726;1997;12;17;3;1.025;9,6;9,4;;;97;360;4;10;8;0,8;
16726;1997;12;17;6;1.024,6;9;8,6;10,6;9;95;360;8;10;8;1;
16726;1997;12;17;9;1.026,1;9;8;;;87;360;7;10;8;0,7;
16726;1997;12;17;12;1.025;10,8;9,2;;;80;360;7;10;8;;
16726;1997;12;17;15;1.024,4;9,8;7,8;;;74;360;8;10;8;;
16726;1997;12;17;18;1.025;8,4;7;10,8;8,4;81;360;8;10;8;0,7;
16726;1997;12;17;21;1.025,5;7,2;6,6;;;91;360;6;10;8;0,7;
16726;1997;12;18;0;1.025,4;7;6,6;;;94;360;7;10;8;3,1;
16726;1997;12;18;3;1.025;6,8;6,2;;;91;350;6;10;8;1;
16726;1997;12;18;6;1.025;6,8;6,2;9;6,6;91;360;11;7;8;5,3;
16726;1997;12;18;9;1.026;7,4;6,4;;;85;360;7;8;8;0,5;
16726;1997;12;18;12;1.024;8,6;7,4;;;83;360;12;8;8;0;
16726;1997;12;18;15;1.023,7;8,2;6,4;;;75;360;8;8;8;;
16726;1997;12;18;18;1.024,4;8;6,2;8,8;6;75;360;8;8;8;0,5;
16726;1997;12;18;21;1.024,1;8;6,2;;;75;360;8;8;8;;
16726;1997;12;19;0;1.023,5;7,8;6;;;75;360;11;10;7;;
16726;1997;12;19;3;1.023,4;7,8;5,8;;;72;360;8;10;7;;
16726;1997;12;19;6;1.023,7;7,6;6;8;7;77;360;10;10;8;;
16726;1997;12;19;9;1.024,6;9;6,4;;;65;360;10;10;8;;
16726;1997;12;19;12;1.023,7;10;7;;;62;360;7;8;8;;
16726;1997;12;19;15;1.023,2;10;7,8;;;72;350;5;7;8;;
16726;1997;12;19;18;1.023;7,2;6,6;10,4;7,2;91;10;4;7;4;;
16726;1997;12;19;21;1.023,9;8;7,2;;;89;360;4;8;8;;
16726;1997;12;20;0;1.023,2;8,2;7,8;;;94;360;4;8;6;;
16726;1997;12;20;3;1.022,7;8,2;7,8;;;94;360;5;8;4;;
16726;1997;12;20;6;1.022,7;6,6;6,2;8,6;6,6;94;350;5;6;2;;
16726;1997;12;20;9;1.024;10,6;8;;;68;0;0;3;5;;
16726;1997;12;20;12;1.022,4;15;12;;;68;180;10;8;8;;
16726;1997;12;20;15;1.020,7;15,6;12,8;;;71;150;12;10;6;;
16726;1997;12;20;18;1.021;15;13,6;15,8;6,4;85;150;18;10;4;0;
16726;1997;12;20;21;1.021,7;14,8;13;;;80;140;12;10;4;;
16726;1997;12;21;0;1.021;14,8;12,8;;;79;140;12;10;3;;
16726;1997;12;21;3;1.020,2;15;12,8;;;77;150;12;10;5;;
16726;1997;12;21;6;1.019;15,6;14;15,8;14,4;83;150;15;8;6;;
16726;1997;12;21;9;1.019;17;15;;;80;160;18;7;6;;
16726;1997;12;21;12;1.016,7;17;15,2;;;82;160;17;8;7;;
16726;1997;12;21;15;1.015,4;16;14,8;;;87;170;16;7;7;0;
16726;1997;12;21;18;1.014,7;15,8;15,2;17,2;15,6;93;180;18;5;8;3,5;
16726;1997;12;21;21;1.015,7;11,6;11,4;;;97;0;0;10;2;2,3;
16726;1997;12;22;0;1.015,7;8,6;8,6;;;100;0;0;10;2;;
16726;1997;12;22;3;1.014,9;8,4;8,4;;;100;0;0;10;3;;
16726;1997;12;22;6;1.015,4;7;6,8;16;7;97;0;0;6;3;2,3;
16726;1997;12;22;9;1.015,9;11,6;11;;;93;0;0;8;6;;
16726;1997;12;22;12;1.014,4;16,4;14;;;75;180;6;8;4;0;
16726;1997;12;22;15;1.015;15;13,4;;;83;0;0;10;4;;
16726;1997;12;22;18;1.016;9;8,6;17,4;7;95;350;6;10;2;0;
16726;1997;12;22;21;1.017,4;8,2;8;;;97;10;5;10;2;;
16726;1997;12;23;0;1.017,5;7,6;7,6;;;100;360;4;8;3;;
16726;1997;12;23;3;1.017,5;6,8;6,8;;;100;350;5;8;2;0,2;
16726;1997;12;23;6;1.018,2;6,8;6,8;10;6,4;100;350;8;10;2;0,4;
16726;1997;12;23;9;1.019,4;14;12;;;78;360;4;10;2;;
16726;1997;12;23;12;1.018;17,6;13;;;56;0;0;10;3;;
16726;1997;12;23;15;1.018,7;15;11,4;;;62;10;3;10;6;;
16726;1997;12;23;18;1.020;9,6;8,8;17,6;6,8;90;360;6;10;6;;
16726;1997;12;23;21;1.021;9,2;8,6;;;92;360;5;10;6;;
16726;1997;12;24;0;1.021;7,8;7,6;;;97;350;7;10;3;;
16726;1997;12;24;3;1.021,5;6,2;6;;;97;360;4;10;1;;
16726;1997;12;24;6;1.022,2;5,2;5,2;11;5;100;360;10;10;0;;
16726;1997;12;24;9;1.023,4;13,6;10,6;;;67;0;0;10;1;;
16726;1997;12;24;12;1.022,2;16;11,8;;;58;180;6;10;1;;
16726;1997;12;24;15;1.023;15,4;11,6;;;61;170;6;10;4;;
16726;1997;12;24;18;1.023,9;9,6;8,8;17,4;5,2;90;360;4;10;2;;
16726;1997;12;24;21;1.024,5;8,4;8;;;94;350;7;10;4;;
16726;1997;12;25;0;1.024,3;8;7,6;;;94;350;6;10;2;;
16726;1997;12;25;3;1.024;7,4;7;;;94;360;6;10;2;;
16726;1997;12;25;6;1.024,3;8;7,4;10;7,4;91;360;6;10;5;;
16726;1997;12;25;9;1.025,6;11,8;10,4;;;83;0;0;10;7;;
16726;1997;12;25;12;1.024,4;13,6;11,4;;;75;0;0;10;7;;
16726;1997;12;25;15;1.024,4;13,2;10,9;;;75;0;0;10;7;;
16726;1997;12;25;18;1.025,3;10,8;10,4;13,6;8;95;0;0;10;4;;
16726;1997;12;25;21;1.025,5;9,6;9,4;;;97;350;6;10;5;0;
16726;1997;12;26;0;1.025;9,8;9,4;;;95;350;5;10;6;;
16726;1997;12;26;3;1.023,7;9,6;9,4;;;97;340;7;10;1;;
16726;1997;12;26;6;1.024,1;7;6,8;10,8;7;97;0;0;10;4;0;
16726;1997;12;26;9;1.024,1;12;10;;;76;360;6;10;4;;
16726;1997;12;26;12;1.022,2;17;12;;;52;0;0;10;3;;
16726;1997;12;26;15;1.021,4;15,2;11,6;;;63;10;4;10;1;;
16726;1997;12;26;18;1.021,5;9,4;8,2;17,4;6,4;84;360;5;10;1;;
16726;1997;12;26;21;1.021,5;7;6,6;;;94;360;6;10;2;;
16726;1997;12;27;0;1.020,7;5,8;5,6;;;97;0;0;10;3;;
16726;1997;12;27;3;1.019,7;5,4;5,2;;;97;0;0;10;4;;
16726;1997;12;27;6;1.018,9;5,6;5,6;10;5,4;100;360;5;7;3;;
16726;1997;12;27;9;1.018;10,8;10,2;;;92;0;0;8;7;;
16726;1997;12;27;12;1.016;11,4;11;;;95;0;0;3;8;0,4;
16726;1997;12;27;15;1.014,2;11,6;11,4;;;97;0;0;1;8;8,6;
16726;1997;12;27;18;1.014;12,6;12;12,6;5,6;93;190;4;10;8;13,8;
16726;1997;12;27;21;1.012,5;12;11,6;;;95;210;5;7;8;5;
16726;1997;12;28;0;1.010,5;13,2;12,4;;;91;190;15;7;8;18,1;
16726;1997;12;28;3;1.007,4;14,2;12,2;;;78;210;10;8;6;0,5;
16726;1997;12;28;6;1.007,5;11,4;10,8;14,2;11,4;93;0;0;3;8;25,9;
16726;1997;12;28;9;1.007,5;12;12;;;100;320;5;3;8;3,4;
16726;1997;12;28;12;1.006;12;12;;;100;0;0;6;8;4,7;
16726;1997;12;28;15;1.006;11,8;11,6;;;98;10;5;10;8;0,1;
16726;1997;12;28;18;1.008,7;9;8,8;12,8;9;97;0;0;10;8;16,3;
16726;1997;12;28;21;1.008,5;8,8;8,6;;;97;0;0;10;7;1,6;
16726;1997;12;29;0;1.009,2;8;8;;;100;0;0;8;6;1,3;
16726;1997;12;29;3;1.009,7;6,8;6,8;;;100;0;0;10;7;1;
16726;1997;12;29;6;1.011;6,2;6,2;9,4;6;100;360;5;8;4;3,9;
16726;1997;12;29;9;1.013;10,6;9,4;;;85;360;7;8;6;0,4;
16726;1997;12;29;12;1.013;13;10;;;66;360;5;8;6;;
16726;1997;12;29;15;1.013,7;12,4;9,8;;;70;0;0;10;6;;
16726;1997;12;29;18;1.015,2;9;8,4;14,4;6,2;92;0;0;10;5;0,6;
16726;1997;12;29;21;1.016,7;7,4;7,4;;;100;310;4;10;3;;
16726;1997;12;30;0;1.018,4;7;7;;;100;300;4;10;5;;
16726;1997;12;30;3;1.018,9;5,6;5,6;;;100;330;4;10;2;;
16726;1997;12;30;6;1.020,4;5,4;5,2;10;5;97;360;5;8;1;;
16726;1997;12;30;9;1.021,5;9;7;;;73;0;0;8;1;;
16726;1997;12;30;12;1.021,7;14,6;9;;;42;360;10;10;1;;
16726;1997;12;30;15;1.021,7;14,6;9;;;42;360;10;10;1;;
16726;1997;12;30;18;1.022,9;9;7,4;14,6;5,4;78;360;5;10;1;;
16726;1997;12;30;21;1.024,4;6;5,8;;;97;350;8;10;1;;
16726;1997;12;31;0;1.024,1;4;3,2;;;87;360;6;10;1;;
16726;1997;12;31;3;1.023,9;2,6;2,2;;;93;350;9;10;0;;
16726;1997;12;31;6;1.023,9;2,2;1,8;9;2,2;93;360;8;10;1;;
16726;1997;12;31;9;1.023,9;11,4;8,2;;;61;360;8;10;1;;
16726;1997;12;31;12;1.023,9;11,4;8,2;;;61;360;8;10;1;;
16726;1997;12;31;15;1.023,9;11,4;8,2;;;61;360;8;10;1;;
16726;1997;12;31;18;1.024,4;9;8,6;14,2;2,2;95;20;5;10;3;;
16726;1997;12;31;21;1.023,2;6,4;6;;;94;360;8;10;2;;
16726;1998;1;1;0;1.023;5,8;5,4;;;94;360;5;10;2;;
16726;1998;1;1;3;1.023,7;4,4;4,2;;;97;360;4;10;2;;
16726;1998;1;1;6;1.023,7;5;4,8;9;4,4;97;350;5;10;2;;
16726;1998;1;1;9;1.024;16;12,2;;;61;0;0;10;6;;
16726;1998;1;1;12;1.023,4;16,2;12,8;;;66;0;0;10;6;;
16726;1998;1;1;15;1.023,4;16,2;12,8;;;66;0;0;10;1;;
16726;1998;1;1;18;1.023,9;10,6;10,4;17,6;4,8;97;360;5;10;4;;
16726;1998;1;1;21;1.023,7;8,2;8,2;;;100;360;7;10;2;;
16726;1998;1;2;0;1.022,9;7,2;7,2;;;100;360;8;8;2;;
16726;1998;1;2;3;1.021,4;6,4;6,4;;;100;360;7;8;2;;
16726;1998;1;2;6;1.022,7;7,2;7;11;5,4;97;360;5;8;4;;
16726;1998;1;2;9;1.020,2;12;11,4;;;93;0;0;7;8;;
16726;1998;1;2;12;1.017,4;15;12,8;;;77;0;0;8;8;;
16726;1998;1;2;15;1.017,2;13,6;12,6;;;89;0;0;7;8;;
16726;1998;1;2;18;1.017,2;11,4;11;15;7,2;95;0;0;7;8;;
16726;1998;1;2;21;1.016,2;10,8;10,6;;;97;320;4;7;8;;
16726;1998;1;3;0;1.014;10;10;;;100;350;6;6;8;;
16726;1998;1;3;3;1.013,4;10;10;;;100;0;0;6;6;;
16726;1998;1;3;6;1.013,4;9,8;9,6;11,4;9,8;97;360;4;6;8;;
16726;1998;1;3;9;1.014;14,4;12,6;;;80;0;0;8;5;;
16726;1998;1;3;12;1.013,5;17;13,2;;;63;0;0;10;4;;
16726;1998;1;3;15;1.014;16;12;;;60;0;0;10;4;;
16726;1998;1;3;18;1.015,9;10,2;9,6;18;9,8;92;0;0;10;2;;
16726;1998;1;3;21;1.017,5;8,2;8;;;97;330;4;10;2;;
16726;1998;1;4;0;1.018,4;6,6;6,6;;;100;350;5;10;2;;
16726;1998;1;4;3;1.018,5;6;6;;;100;360;6;10;2;;
16726;1998;1;4;6;1.019,4;5,8;5,8;10,6;5,4;100;0;0;6;0;;
16726;1998;1;4;9;1.021;12;11;;;88;0;0;7;1;;
16726;1998;1;4;12;1.019,7;16,4;13;;;66;0;0;10;7;;
16726;1998;1;4;15;1.020,5;14,2;12,4;;;80;0;0;10;7;;
16726;1998;1;4;18;1.021;10,6;10;17;5,8;92;0;0;10;5;0,2;
16726;1998;1;4;21;1.021,5;9,8;9,6;;;97;0;0;8;3;;
16726;1998;1;5;0;1.021,5;8;8;;;100;340;4;8;1;;
16726;1998;1;5;3;1.021,7;9;9;;;100;0;0;8;2;;
16726;1998;1;5;6;1.022,2;9,2;9,2;10,6;8;100;0;0;8;7;;
16726;1998;1;5;9;1.023;14,6;13,2;;;85;0;0;8;5;;
16726;1998;1;5;12;1.021;17,8;13,6;;;61;0;0;10;3;;
16726;1998;1;5;15;1.021;16,6;13,6;;;70;180;6;10;4;;
16726;1998;1;5;18;1.021,7;10,8;10;17,8;9;90;0;0;10;2;;
16726;1998;1;5;21;1.022;9,4;9;;;95;0;0;10;1;;
16726;1998;1;6;0;1.021,7;8,2;8;;;97;0;0;10;3;;
16726;1998;1;6;3;1.021,7;8,2;8;;;97;0;0;10;3;;
16726;1998;1;6;6;1.020,5;10,4;10;10,8;8;95;0;0;10;3;;
16726;1998;1;6;9;1.021,2;13,4;13;;;95;0;0;8;6;;
16726;1998;1;6;12;1.019,4;16,6;15;;;83;0;0;8;6;;
16726;1998;1;6;15;1.019,2;15,4;14,4;;;89;0;0;10;7;;
16726;1998;1;6;18;1.019,7;12;12;17;10,4;100;0;0;10;2;;
16726;1998;1;6;21;1.020;10;10;;;100;0;0;10;4;;
16726;1998;1;7;0;1.020;9;9;;;100;0;0;10;4;;
16726;1998;1;7;3;1.020;9,4;9,4;;;100;360;5;10;2;;
16726;1998;1;7;6;1.020,7;8,6;8,4;18;7,8;97;360;5;8;1;;
16726;1998;1;7;9;1.022;12;10,4;;;81;360;8;8;1;;
16726;1998;1;7;12;1.021,5;18;14;;;62;140;8;10;0;;
16726;1998;1;7;15;1.022,9;16;14;;;79;190;4;10;1;;
16726;1998;1;7;18;1.025;10;10;19;8;100;0;0;10;1;;
16726;1998;1;7;21;1.026,4;9;9;;;100;360;4;10;1;;
16726;1998;1;8;0;1.027;8;8;;;100;360;6;10;1;;
16726;1998;1;8;3;1.027,5;7;7;;;100;350;7;8;1;;
16726;1998;1;8;6;1.027,9;6;6;10;6;100;360;6;8;0;;
16726;1998;1;8;9;1.028,6;13,6;12;;;82;0;0;8;0;;
16726;1998;1;8;12;1.027,9;16,6;13;;;64;180;5;10;2;;
16726;1998;1;8;15;1.027,8;16,4;13,6;;;72;120;5;10;2;;
16726;1998;1;8;18;1.028,3;12,4;11,2;18;6;86;360;5;10;1;;
16726;1998;1;8;21;1.028,1;9,6;9,2;;;95;360;5;10;1;;
16726;1998;1;9;0;1.028,1;8;7,6;;;94;360;5;10;1;;
16726;1998;1;9;3;1.027,8;6;5,8;;;97;360;5;10;1;;
16726;1998;1;9;6;1.027,3;6;5,8;17,6;5,6;97;360;9;10;1;;
16726;1998;1;9;9;1.027,8;13;11;;;77;360;4;8;1;;
16726;1998;1;9;12;1.026,5;16,4;13;;;66;180;6;8;1;;
16726;1998;1;9;15;1.026,5;15;13;;;79;0;0;10;1;;
16726;1998;1;9;18;1.027;12,4;11,2;17;6;86;0;0;10;1;;
16726;1998;1;9;21;1.027;9,6;9,2;;;95;0;0;10;1;;
16726;1998;1;10;0;1.027;8;8;;;100;0;0;10;1;;
16726;1998;1;10;3;1.027;7;7;;;100;0;0;10;1;;
16726;1998;1;10;6;1.027;6;6;12,4;5,6;100;0;0;10;1;;
16726;1998;1;10;9;1.024,5;10,4;9,2;;;85;0;0;10;1;;
16726;1998;1;10;12;1.024,4;17,2;11;;;42;0;0;10;0;;
16726;1998;1;10;15;1.023,7;16;12;;;60;200;4;10;4;;
16726;1998;1;10;18;1.024;8;8;17,2;5;100;360;7;10;3;;
16726;1998;1;10;21;1.024,3;6;6;;;100;360;10;10;0;;
16726;1998;1;11;0;1.024,6;5;5;;;100;360;6;10;0;;
16726;1998;1;11;3;1.025;4,4;4;;;93;350;10;10;0;;
16726;1998;1;11;6;1.026,6;6;5;8,6;4,4;85;360;4;10;0;;
16726;1998;1;11;9;1.028,1;11,8;9,2;;;69;0;0;10;0;;
16726;1998;1;11;12;1.027,9;18;12;;;45;360;5;10;1;;
16726;1998;1;11;15;1.028,8;14,8;12;;;70;120;4;10;7;;
16726;1998;1;11;18;1.029,4;13;11,4;18;6;81;0;0;10;7;;
16726;1998;1;11;21;1.030,5;11,6;11,2;;;95;0;0;10;7;0;
16726;1998;1;12;0;1.030,1;11,2;11;;;97;0;0;10;7;;
16726;1998;1;12;3;1.030;11,2;11;;;97;0;0;8;7;;
16726;1998;1;12;6;1.029,6;11;11;13,6;11;100;0;0;8;7;0;
16726;1998;1;12;9;1.029,8;13;12;;;88;0;0;6;5;;
16726;1998;1;12;12;1.027,4;17;14;;;70;360;6;8;3;;
16726;1998;1;12;15;1.027,3;16,2;12,6;;;64;20;10;10;2;;
16726;1998;1;12;18;1.027;13;11,8;18,6;10,8;86;360;6;10;1;;
16726;1998;1;12;21;1.026,5;11,4;9,8;;;81;360;7;10;1;;
16726;1998;1;13;0;1.026;8,2;7,6;;;92;350;7;10;1;;
16726;1998;1;13;3;1.025,4;7;6,6;;;94;360;5;10;1;;
16726;1998;1;13;6;1.024,6;7;6,6;13,2;6,6;94;350;7;10;1;;
16726;1998;1;13;9;1.024,5;14,6;11,4;;;65;360;15;10;1;;
16726;1998;1;13;12;1.023;17;13;;;61;10;15;10;1;;
16726;1998;1;13;15;1.022,7;15;11,6;;;65;10;15;10;1;;
16726;1998;1;13;18;1.022,5;12;10;17;7;76;360;15;10;1;;
16726;1998;1;13;21;1.022,7;10,4;8,8;;;80;360;10;10;1;;
16726;1998;1;14;0;1.022,4;10,8;8,8;;;75;360;8;10;1;;
16726;1998;1;14;3;1.022,2;7,2;6,6;;;91;350;8;10;4;;
16726;1998;1;14;6;1.022,4;7;6,2;12,4;7;88;360;6;10;3;;
16726;1998;1;14;9;1.022,9;13,2;9,8;;;62;10;12;10;2;;
16726;1998;1;14;12;1.022,5;16,4;11,2;;;49;10;12;10;2;;
16726;1998;1;14;15;1.022;16;12;;;60;360;8;10;4;;
16726;1998;1;14;18;1.022,5;10,8;9,2;17,4;7;80;360;8;10;0;;
16726;1998;1;14;21;1.023,7;7,2;6,6;;;91;350;7;10;1;;
16726;1998;1;15;0;1.024;8,2;7,8;;;94;0;0;10;6;;
16726;1998;1;15;3;1.023,9;9,2;8,6;;;92;0;0;10;7;;
16726;1998;1;15;6;1.024;9,6;8,8;12;7;90;20;5;4;8;;
16726;1998;1;15;9;1.025,3;11;11;;;100;0;0;1;8;0,3;
16726;1998;1;15;12;1.023,7;13;13;;;100;0;0;6;8;0,3;
16726;1998;1;15;15;1.023,4;13;12,2;;;91;0;0;6;7;;
16726;1998;1;15;18;1.023,7;11,4;11;14;9,2;95;0;0;6;7;0,6;
16726;1998;1;15;21;1.024;10,4;10,4;;;100;360;4;3;7;;
16726;1998;1;16;0;1.023,5;11,2;11,2;;;100;0;0;2;8;0;
16726;1998;1;16;3;1.022,9;10,8;10,8;;;100;360;4;2;8;1,8;
16726;1998;1;16;6;1.022,2;10;9,8;11,4;9,8;97;0;0;2;7;1,8;
16726;1998;1;16;9;1.022,2;11,6;11;;;93;0;0;5;6;;
16726;1998;1;16;12;1.020,5;14,6;13;;;83;0;0;8;7;;
16726;1998;1;16;15;1.019;16;13;;;69;0;0;10;7;;
16726;1998;1;16;18;1.019,4;10;9;16,4;10;87;360;7;10;4;;
16726;1998;1;16;21;1.018,5;8;7,8;;;97;340;8;10;4;;
16726;1998;1;17;0;1.016,7;7;6,8;;;97;360;5;10;6;;
16726;1998;1;17;3;1.015,5;7;6,8;;;97;360;5;10;7;;
16726;1998;1;17;6;1.015;6,2;6,2;11,4;6;100;0;0;7;8;;
16726;1998;1;17;9;1.015;10;9,8;;;97;0;0;8;5;;
16726;1998;1;17;12;1.013,7;15;12,4;;;72;160;4;8;5;;
16726;1998;1;17;15;1.013,2;14,4;12,2;;;76;220;4;8;6;;
16726;1998;1;17;18;1.013,4;13;12,2;16;6,2;91;150;4;7;8;;
16726;1998;1;17;21;1.014;11,4;11;;;95;0;0;7;8;;
16726;1998;1;18;0;1.014;10,8;10,6;;;97;340;5;6;8;0,1;
16726;1998;1;18;3;1.013,4;10,6;10,4;;;97;360;6;6;8;0,1;
16726;1998;1;18;6;1.013,7;9;8,8;13;9;97;350;7;6;4;0,2;
16726;1998;1;18;9;1.014,2;12;11;;;88;360;4;8;7;;
16726;1998;1;18;12;1.014;14,2;12;;;76;0;0;6;8;0;
16726;1998;1;18;15;1.014,2;12,4;11,4;;;88;90;5;6;7;1;
16726;1998;1;18;18;1.014,7;11,4;9,6;14,2;9;78;360;9;10;5;1;
16726;1998;1;18;21;1.015,7;11,6;9;;;69;350;6;10;4;;
16726;1998;1;19;0;1.015,5;10,8;8,2;;;68;350;9;10;3;;
16726;1998;1;19;3;1.015,7;7,8;6,6;;;83;350;8;10;1;;
16726;1998;1;19;6;1.015,5;6,6;5,8;12;6,6;88;360;7;8;3;;
16726;1998;1;19;9;1.016,2;12,8;10;;;68;0;0;8;2;;
16726;1998;1;19;12;1.014,9;16;11;;;50;180;6;8;3;;
16726;1998;1;19;15;1.014,5;14;11,8;;;76;0;0;8;6;;
16726;1998;1;19;18;1.014;11;10,2;16,6;6,6;90;0;0;8;4;;
16726;1998;1;19;21;1.013,4;8,8;8;;;89;350;3;8;7;;
16726;1998;1;20;0;1.011,5;8;7,8;;;97;0;0;8;7;;
16726;1998;1;20;3;1.010,4;10;9,8;;;97;120;7;7;8;3,9;
16726;1998;1;20;6;1.008;10;9,8;13;8;97;120;5;7;8;9,4;
16726;1998;1;20;9;1.006,5;11,2;11,2;;;100;120;13;2;8;9,5;
16726;1998;1;20;12;1.003,2;14;13;;;89;150;4;4;8;3;
16726;1998;1;20;15;1.002,7;13,8;13,2;;;93;0;0;3;8;9,5;
16726;1998;1;20;18;1.003,7;11,2;11,2;14,4;10;100;140;4;7;7;24,6;
16726;1998;1;20;21;1.003,9;10;10;;;100;0;0;8;7;0,8;
16726;1998;1;21;0;1.004,2;10,6;10,4;;;97;0;0;10;5;1,2;
16726;1998;1;21;3;1.003,4;11;10,4;;;92;120;5;10;6;0,3;
16726;1998;1;21;6;1.002,2;10,6;10;13;9,6;92;210;5;4;8;2,3;
16726;1998;1;21;9;1.003,7;10,6;9,2;;;82;180;6;10;8;5,5;
16726;1998;1;21;12;1.003,2;11,4;10,2;;;85;160;5;2;8;6,6;
16726;1998;1;21;15;1.003,5;11,4;10,2;;;85;0;0;8;6;;
16726;1998;1;21;18;1.004,5;9,4;8,8;13,2;9,4;92;0;0;8;7;12,1;
16726;1998;1;21;21;1.005,4;8;8;;;100;360;5;8;8;0,2;
16726;1998;1;22;0;1.005,4;9;8;;;87;210;3;8;8;3,7;
16726;1998;1;22;3;1.005,7;7,8;7,8;;;100;0;0;8;7;0,7;
16726;1998;1;22;6;1.005,7;7,6;7,2;9,4;7,2;94;360;5;8;7;5,4;
16726;1998;1;22;9;1.006,9;10;9,6;;;95;0;0;8;6;;
16726;1998;1;22;12;1.006,5;10;8,8;;;85;140;7;10;7;3,1;
16726;1998;1;22;15;1.006,7;10,4;9;;;82;0;0;10;7;;
16726;1998;1;22;18;1.007,5;7;7;13;6,6;100;360;4;10;7;3,4;
16726;1998;1;22;21;1.009;5,8;5,8;;;100;360;7;10;3;;
16726;1998;1;23;0;1.010;4;4;;;100;0;0;10;2;;
16726;1998;1;23;3;1.010,2;4,4;4,4;;;100;360;5;10;6;0,2;
16726;1998;1;23;6;1.010,9;5,2;5,2;7,4;3,8;100;30;5;8;7;0,2;
16726;1998;1;23;9;1.011,4;10;8,8;;;85;360;4;10;5;;
16726;1998;1;23;12;1.010,5;11,4;9;;;71;0;0;10;6;;
16726;1998;1;23;15;1.010,2;12;9,4;;;69;0;0;10;6;;
16726;1998;1;23;18;1.011;9,4;9;12,4;5,2;95;0;0;10;6;;
16726;1998;1;23;21;1.012,2;6,8;6,6;;;97;360;3;10;5;;
16726;1998;1;24;0;1.011,5;5,6;5,6;;;100;360;5;10;2;;
16726;1998;1;24;3;1.011;6,8;6,6;;;97;350;6;10;7;;
16726;1998;1;24;6;1.011,7;6,8;6,6;9,4;5,6;97;0;0;10;6;;
16726;1998;1;24;9;1.012,5;11,8;9,2;;;69;0;0;10;4;;
16726;1998;1;24;12;1.011,2;13;10;;;66;170;5;10;6;;
16726;1998;1;24;15;1.011;13;10,2;;;68;170;7;10;6;0;
16726;1998;1;24;18;1.012;8;7,4;14;6,4;91;0;0;10;5;0;
16726;1998;1;24;21;1.013,2;7,8;7,4;;;94;0;0;10;4;;
16726;1998;1;25;0;1.013,4;5,6;5,6;;;100;350;6;10;3;;
16726;1998;1;25;3;1.013,5;4,4;4,4;;;100;360;7;10;2;;
16726;1998;1;25;6;1.014;4,6;4,4;8,6;4,4;97;350;7;8;5;;
16726;1998;1;25;9;1.015,2;10,8;8,6;;;73;0;0;8;4;;
16726;1998;1;25;12;1.015;13,4;9,6;;;59;200;5;10;6;;
16726;1998;1;25;15;1.015,4;12,8;9,4;;;61;220;4;10;6;;
16726;1998;1;25;18;1.015,4;10,4;8,8;13,4;4,6;80;360;5;10;6;;
16726;1998;1;25;21;1.016,7;9,2;8,2;;;87;0;0;10;8;0;
16726;1998;1;26;0;1.017;8,2;7,8;;;94;360;5;10;8;0;
16726;1998;1;26;3;1.015,2;7,4;7,2;;;97;10;5;10;7;2,3;
16726;1998;1;26;6;1.013,5;7,8;6,6;10,4;7,2;83;0;0;10;6;2,3;
16726;1998;1;26;9;1.012,4;12,8;9,4;;;61;320;5;10;5;;
16726;1998;1;26;12;1.012;12,4;8;;;50;240;4;10;8;0;
16726;1998;1;26;15;1.011,2;9,6;7,2;;;69;360;5;10;7;0,2;
16726;1998;1;26;18;1.010,9;8,2;5,8;13;7,8;68;360;8;10;7;0,2;
16726;1998;1;26;21;1.011,5;9,2;6;;;59;360;9;10;7;0;
16726;1998;1;27;0;1.011,4;8,6;5,4;;;57;350;14;10;8;;
16726;1998;1;27;3;1.011,7;6;4,8;;;82;360;18;10;8;4,2;
16726;1998;1;27;6;1.012;7;5;10,6;5,6;71;360;14;10;8;4,5;
16726;1998;1;27;9;1.012,7;9;5,6;;;56;360;14;10;7;;
16726;1998;1;27;12;1.012;12;8;;;54;360;9;10;5;;
16726;1998;1;27;15;1.012;11;7,6;;;60;20;9;10;6;;
16726;1998;1;27;18;1.013,7;6,2;4,4;13,4;6,2;73;360;10;10;6;;
16726;1998;1;27;21;1.014,5;4,6;3,2;;;77;340;8;10;2;;
16726;1998;1;28;0;1.015,4;5;3,6;;;78;360;8;10;5;;
16726;1998;1;28;3;1.014,2;5;3,8;;;81;10;7;10;4;;
16726;1998;1;28;6;1.014;5;3,8;6,4;4;81;360;6;10;7;;
16726;1998;1;28;9;1.015,4;8,2;5,8;;;68;360;5;10;7;;
16726;1998;1;28;12;1.014;12;7,6;;;50;360;4;10;5;0;
16726;1998;1;28;15;1.014,4;10,6;7,2;;;58;360;10;10;6;;
16726;1998;1;28;18;1.015,4;8,4;6,2;13,4;5;70;360;5;10;6;0;
16726;1998;1;28;21;1.016,7;5,4;4,8;;;91;0;0;10;4;0;
16726;1998;1;29;0;1.017;2;1,8;;;96;0;0;10;3;;
16726;1998;1;29;3;1.016,5;2,2;2;;;96;360;5;10;3;;
16726;1998;1;29;6;1.016,7;2,2;2;9;1;96;300;6;10;3;0;
16726;1998;1;29;9;1.016,7;8,4;6,4;;;72;0;0;10;3;;
16726;1998;1;29;12;1.015;14;8,6;;;44;360;10;10;4;;
16726;1998;1;29;15;1.014,9;12,8;7,6;;;44;360;10;10;4;;
16726;1998;1;29;18;1.015,2;5,6;4,4;14,4;2,2;81;360;5;10;1;;
16726;1998;1;29;21;1.015,7;3,4;3;;;93;350;8;10;1;;
16726;1998;1;30;0;1.016,4;1,6;1,4;;;96;350;7;10;1;;
16726;1998;1;30;3;1.016,5;1,6;1,4;;;96;350;9;10;1;;
16726;1998;1;30;6;1.016,7;2,2;1,6;5,6;1,4;89;340;9;10;1;;
16726;1998;1;30;9;1.017,7;10;6,8;;;60;360;6;10;0;;
16726;1998;1;30;12;1.017,7;13;8,2;;;47;180;6;10;3;;
16726;1998;1;30;15;1.017,5;10,6;8,6;;;75;150;5;10;5;;
16726;1998;1;30;18;1.018;9;6;14,6;2;61;130;4;10;2;;
16726;1998;1;30;21;1.019;3,6;3,2;;;93;0;0;10;3;;
16726;1998;1;31;0;1.019,5;3,4;2,8;;;90;360;5;10;5;;
16726;1998;1;31;3;1.019,2;2;1,8;;;96;360;5;10;6;;
16726;1998;1;31;6;1.018,9;3,8;3,2;9,4;2;90;360;5;10;4;;
16726;1998;1;31;9;1.019,7;10,4;7,8;;;68;0;0;8;4;;
16726;1998;1;31;12;1.018,7;13,8;9,6;;;55;150;6;10;6;;
16726;1998;1;31;15;1.017,5;12,8;9,8;;;66;170;8;10;5;;
16726;1998;1;31;18;1.018;7,8;7;14,2;3,8;89;350;4;10;4;;
16726;1998;1;31;21;1.018,7;5,6;5,4;;;97;360;4;10;2;;
16726;1998;2;1;0;1.018;5;4,8;;;97;0;0;10;6;;
16726;1998;2;1;3;1.017;5,2;5;;;97;360;4;10;2;;
16726;1998;2;1;6;1.015,7;6;5,8;7,8;5;97;330;5;8;7;0;
16726;1998;2;1;9;1.016;9,8;8,6;;;85;0;0;10;8;;
16726;1998;2;1;12;1.014;12;10,6;;;83;0;0;8;8;0;
16726;1998;2;1;15;1.012,2;13,4;13,2;;;98;110;9;4;8;20,7;
16726;1998;2;1;18;1.012,4;14,4;13,8;15;6;93;170;13;8;8;33,1;
16726;1998;2;1;21;1.011,7;14;13;;;89;180;12;10;8;1,3;
16726;1998;2;2;0;1.010,5;15,2;13,6;;;83;180;14;10;5;;
16726;1998;2;2;3;1.009,5;14,4;13,8;;;93;160;5;10;6;;
16726;1998;2;2;6;1.009;13,6;13,6;16;12,6;100;0;0;7;6;1,3;
16726;1998;2;2;9;1.010,9;16;14,8;;;87;0;0;8;4;;
16726;1998;2;2;12;1.010;16,4;14,6;;;82;210;5;10;5;;
16726;1998;2;2;15;1.010,4;18,2;13,8;;;59;280;10;10;5;;
16726;1998;2;2;18;1.011,9;14;13,4;18,4;13,6;93;150;5;10;6;0,2;
16726;1998;2;2;21;1.012,7;13;12,6;;;95;0;0;10;6;;
16726;1998;2;3;0;1.012,5;11,2;11,2;;;100;0;0;10;4;0,9;
16726;1998;2;3;3;1.012,7;11,2;11,2;;;100;0;0;8;5;;
16726;1998;2;3;6;1.013,2;11;10,8;15;10,8;97;0;0;5;5;1,2;
16726;1998;2;3;9;1.013,4;15;14;;;89;160;4;8;4;;
16726;1998;2;3;12;1.013,7;16,8;14,8;;;80;160;10;10;4;;
16726;1998;2;3;15;1.013;16;14,4;;;83;160;10;10;2;;
16726;1998;2;3;18;1.014,9;13,4;12,8;17,6;11;93;120;8;10;2;;
16726;1998;2;3;21;1.015,5;10;10;;;100;0;0;10;2;;
16726;1998;2;4;0;1.014,7;10;10;;;100;0;0;10;7;;
16726;1998;2;4;3;1.013,5;9;8,8;;;97;0;0;10;6;;
16726;1998;2;4;6;1.012,7;9,6;9,6;13,4;9;100;330;4;8;5;;
16726;1998;2;4;9;1.011,9;15,4;13,4;;;79;0;0;8;7;;
16726;1998;2;4;12;1.010;17,6;15;;;74;180;16;8;8;0;
16726;1998;2;4;15;1.009,7;16,2;14,8;;;85;180;8;8;8;;
16726;1998;2;4;18;1.008,5;15,4;13,8;19;9,6;83;180;8;10;8;0,4;
16726;1998;2;4;21;1.007,7;15,4;14,6;;;91;200;12;10;8;0,6;
16726;1998;2;5;0;1.006;14,4;14;;;95;350;5;8;8;2,3;
16726;1998;2;5;3;1.004,2;13,4;13,4;;;100;350;4;10;8;0,6;
16726;1998;2;5;6;1.003,9;13,4;13,4;19;9,6;100;0;0;6;7;7,8;
16726;1998;2;5;9;1.004,4;16;15;;;89;0;0;8;4;;
16726;1998;2;5;12;1.003,9;19;16;;;72;0;0;8;5;;
16726;1998;2;5;15;1.004,4;18,4;14,8;;;66;340;6;10;5;;
16726;1998;2;5;18;1.006,4;14,8;13;19,8;13,4;80;0;0;10;6;;
16726;1998;2;5;21;1.007,7;12;11;;;88;0;0;10;5;;
16726;1998;2;6;0;1.008,2;12;11,4;;;93;0;0;10;7;1,5;
16726;1998;2;6;3;1.008,2;11,4;11;;;95;0;0;10;8;1,5;
16726;1998;2;6;6;1.009,4;12;11,4;15;11;93;360;5;8;5;6,6;
16726;1998;2;6;9;1.010,9;14;13;;;89;360;4;8;4;0;
16726;1998;2;6;12;1.011,2;14;13;;;89;260;5;8;7;3,4;
16726;1998;2;6;15;1.011,7;14;11,8;;;76;20;8;8;7;;
16726;1998;2;6;18;1.012,5;12;11,4;15,6;12;93;360;6;10;7;3,4;
16726;1998;2;6;21;1.014,7;10,8;10,6;;;97;0;0;10;5;0;
16726;1998;2;7;0;1.015,5;10;9,6;;;95;360;4;10;7;0;
16726;1998;2;7;3;1.015,9;9;8,2;;;89;360;6;10;7;;
16726;1998;2;7;6;1.017,2;8;7;12;8;86;360;12;8;7;0,9;
16726;1998;2;7;9;1.018,9;9,6;8,4;;;84;340;4;10;4;1;
16726;1998;2;7;12;1.018,9;12;10;;;76;0;0;10;6;;
16726;1998;2;7;15;1.019;12,2;9,6;;;70;0;0;10;6;;
16726;1998;2;7;18;1.020,7;9;6,8;13,4;7,6;71;350;7;10;6;1;
16726;1998;2;7;21;1.021,7;5,8;4,4;;;78;350;8;10;2;;
16726;1998;2;8;0;1.021,5;3,8;2,8;;;84;350;6;10;0;;
16726;1998;2;8;3;1.021;3,4;2,2;;;79;360;5;10;0;;
16726;1998;2;8;6;1.021,2;2;1,2;9,4;2;85;360;7;10;1;;
16726;1998;2;8;9;1.021,7;10,6;7;;;56;10;5;10;1;;
16726;1998;2;8;12;1.020,2;15;9;;;39;0;0;10;1;;
16726;1998;2;8;15;1.019,4;13,2;10;;;64;170;4;10;1;;
16726;1998;2;8;18;1.020,2;7,8;6;15;2;75;360;4;10;1;;
16726;1998;2;8;21;1.021,2;4;3,8;;;97;350;6;10;1;;
16726;1998;2;9;0;1.021;3;2,8;;;97;360;6;10;1;;
16726;1998;2;9;3;1.020,7;3;2,8;;;97;360;7;10;1;;
16726;1998;2;9;6;1.021;3,8;2,8;8,2;2,4;84;350;10;10;2;;
16726;1998;2;9;9;1.022;12,4;9,6;;;68;360;5;10;2;;
16726;1998;2;9;12;1.021;14,4;8,4;;;37;360;9;10;3;;
16726;1998;2;9;15;1.021,4;13;7,4;;;38;20;6;10;5;;
16726;1998;2;9;18;1.023,5;9;5,8;15;3;59;360;8;10;4;;
16726;1998;2;9;21;1.025;6,6;4;;;62;360;7;10;1;;
16726;1998;2;10;0;1.026;5,8;2,8;;;56;340;10;10;0;;
16726;1998;2;10;3;1.026;4;2;;;67;360;7;10;0;;
16726;1998;2;10;6;1.026,5;4,6;2,2;9;2,4;62;350;7;10;0;;
16726;1998;2;10;9;1.028,1;11,4;6,4;;;41;350;6;10;0;;
16726;1998;2;10;12;1.027,3;14;7,6;;;34;190;4;10;1;;
16726;1998;2;10;15;1.027;12,4;7,6;;;47;200;7;10;2;;
16726;1998;2;10;18;1.028,3;7,2;5,2;14,4;4,2;71;40;5;10;2;;
16726;1998;2;10;21;1.029,4;5,6;3,6;;;70;360;8;10;1;;
16726;1998;2;11;0;1.030;4,6;2,4;;;65;360;8;10;0;;
16726;1998;2;11;3;1.029,3;2,8;1,2;;;72;350;6;10;0;;
16726;1998;2;11;6;1.030,1;4;1;8;2;52;360;6;10;0;;
16726;1998;2;11;9;1.030,6;11;5;;;30;360;4;10;0;;
16726;1998;2;11;12;1.029;15;7,4;;;24;170;5;10;0;;
16726;1998;2;11;15;1.028,3;14;8;;;37;160;5;10;0;;
16726;1998;2;11;18;1.029,5;7,4;6,2;15;3,6;83;0;0;10;0;;
16726;1998;2;11;21;1.029,6;5,2;4,2;;;84;350;5;10;0;;
16726;1998;2;12;0;1.029,4;3,2;2,6;;;90;350;6;10;0;;
16726;1998;2;12;3;1.028,8;2,8;2,2;;;89;360;5;10;0;;
16726;1998;2;12;6;1.028,5;2,2;1,4;8;2;85;0;0;10;0;;
16726;1998;2;12;9;1.029;14;10;;;57;0;0;10;0;;
16726;1998;2;12;12;1.027,4;17,4;12;;;49;220;6;10;0;;
16726;1998;2;12;15;1.026,1;16,8;12,2;;;55;0;0;10;0;;
16726;1998;2;12;18;1.026;11,6;10,4;18,6;2,2;85;360;6;10;0;;
16726;1998;2;12;21;1.026,1;8,8;8,4;;;94;360;7;10;0;;
16726;1998;2;13;0;1.025,5;8,8;8,4;;;94;350;6;10;1;;
16726;1998;2;13;3;1.024;8,2;7,6;;;92;350;8;10;3;;
16726;1998;2;13;6;1.023,5;10,2;9,2;12;8;87;360;13;10;4;;
16726;1998;2;13;9;1.022,9;16;12;;;60;10;11;10;3;;
16726;1998;2;13;12;1.021,7;19;14;;;55;10;9;10;3;;
16726;1998;2;13;15;1.020,7;18;14;;;62;20;6;10;3;;
16726;1998;2;13;18;1.021;13,8;12;20;10,2;80;20;8;10;3;;
16726;1998;2;13;21;1.020,7;11;10,4;;;92;350;7;10;2;;
16726;1998;2;14;0;1.020,4;9,4;9;;;95;350;7;10;2;;
16726;1998;2;14;3;1.020,5;8,8;8,4;;;94;0;0;10;0;;
16726;1998;2;14;6;1.020,7;7,4;6,8;14;6;91;350;6;8;0;;
16726;1998;2;14;9;1.022;19,6;13,6;;;48;0;0;10;0;;
16726;1998;2;14;12;1.023;18;13,8;;;61;150;7;10;0;;
16726;1998;2;14;15;1.023,7;18,2;13,8;;;59;170;5;10;2;;
16726;1998;2;14;18;1.025,6;14,4;12;19,6;7,4;74;330;5;10;5;;
16726;1998;2;14;21;1.027,3;11,8;9,2;;;69;350;6;10;2;;
16726;1998;2;15;0;1.027,6;9,8;8,2;;;79;360;5;10;2;;
16726;1998;2;15;3;1.027,6;9,8;8,2;;;79;360;5;10;2;;
16726;1998;2;15;6;1.026,9;9,4;8,4;14,4;9,4;87;360;5;8;4;;
16726;1998;2;15;9;1.026,5;13,2;11;;;75;360;5;10;6;;
16726;1998;2;15;12;1.025;18;14;;;62;0;0;10;7;;
16726;1998;2;15;15;1.023,7;17;14,4;;;74;0;0;8;6;;
16726;1998;2;15;18;1.023,7;13,4;12,2;19;9,4;86;0;0;10;3;;
16726;1998;2;15;21;1.023,7;10;9,8;;;97;0;0;10;1;;
16726;1998;2;16;0;1.024;7,8;7,8;;;100;0;0;8;3;;
16726;1998;2;16;3;1.023,9;7,4;7,4;;;100;350;7;8;2;;
16726;1998;2;16;6;1.023,9;6,6;6,2;14;5,8;94;360;6;6;3;;
16726;1998;2;16;9;1.024,3;16,6;13;;;64;0;0;8;1;;
16726;1998;2;16;12;1.023,5;18,2;13,4;;;55;180;5;8;1;;
16726;1998;2;16;15;1.022,2;16,8;13,6;;;68;140;8;8;1;;
16726;1998;2;16;18;1.022,5;12,8;11;18,2;6,6;79;0;0;7;2;;
16726;1998;2;16;21;1.022,2;9,4;9;;;95;350;5;8;2;;
16726;1998;2;17;0;1.020,7;8,2;7,6;;;92;360;4;6;2;;
16726;1998;2;17;3;1.019,4;8,2;7,6;;;92;0;0;6;1;;
16726;1998;2;17;6;1.018,5;6;5,8;13;5,6;97;0;0;4;1;;
16726;1998;2;17;9;1.018,5;15,4;12,8;;;73;10;10;8;1;;
16726;1998;2;17;12;1.016;18,2;12,6;;;49;360;10;8;3;;
16726;1998;2;17;15;1.016;16,6;12,4;;;58;360;10;8;5;;
16726;1998;2;17;18;1.016,2;14;12;18,2;6;78;20;7;8;7;;
16726;1998;2;17;21;1.016,7;12,6;11,4;;;86;340;5;10;4;;
16726;1998;2;18;0;1.016;8,8;8,4;;;94;340;5;10;2;;
16726;1998;2;18;3;1.016;8;7,8;;;97;0;0;10;3;;
16726;1998;2;18;6;1.017,7;9,8;8,8;14,6;7,8;87;360;5;8;7;;
16726;1998;2;18;9;1.019;14;10,2;;;59;340;5;10;7;;
16726;1998;2;18;12;1.020,7;16;10;;;41;30;8;10;6;;
16726;1998;2;18;15;1.022,2;13,4;8,4;;;45;30;22;10;2;;
16726;1998;2;18;18;1.024,5;10;5,4;19;9,8;42;360;7;10;1;;
16726;1998;2;18;21;1.026;9;4,6;;;44;70;13;10;1;;
16726;1998;2;19;0;1.026,5;9,6;4,2;;;33;10;15;10;0;;
16726;1998;2;19;3;1.026;7,8;3,6;;;44;10;8;10;0;;
16726;1998;2;19;6;1.026,4;6;3;11,6;5,6;56;360;7;10;0;;
16726;1998;2;19;9;1.027;13,6;7;;;31;360;10;10;0;;
16726;1998;2;19;12;1.025,8;14,4;9;;;44;180;9;10;0;;
16726;1998;2;19;15;1.025,5;14,6;8,4;;;36;170;6;10;0;;
16726;1998;2;19;18;1.026,1;8;6,6;16;5,6;81;0;0;10;0;;
16726;1998;2;19;21;1.026;5;4;;;84;360;5;10;0;;
16726;1998;2;20;0;1.026;5;4;;;84;360;5;10;0;;
16726;1998;2;20;3;1.025,3;2,6;1,8;;;86;360;5;10;0;;
16726;1998;2;20;6;1.025;1,2;0,8;8;1;92;350;6;10;0;;
16726;1998;2;20;9;1.025,4;13;9;;;55;0;0;10;3;;
16726;1998;2;20;12;1.024,1;16;10;;;41;210;7;10;0;;
16726;1998;2;20;15;1.024,1;15;11,8;;;66;210;7;10;0;;
16726;1998;2;20;18;1.025;9,8;9,2;17;1;92;0;0;10;0;;
16726;1998;2;20;21;1.026;6,4;6,2;;;97;340;7;10;0;;
16726;1998;2;21;0;1.026,5;5,2;5;;;97;350;9;10;0;;
16726;1998;2;21;3;1.026,5;4,2;4;;;97;360;6;8;1;;
16726;1998;2;21;6;1.027,4;3,2;3;9,8;3,2;97;360;4;8;2;;
16726;1998;2;21;9;1.028,6;14;10;;;57;0;0;8;6;;
16726;1998;2;21;12;1.028,1;16,6;12,6;;;61;170;7;10;6;;
16726;1998;2;21;15;1.028,1;15,6;12,2;;;65;150;10;10;6;;
16726;1998;2;21;18;1.029,5;12,6;11;17;3,2;81;130;4;10;5;;
16726;1998;2;21;21;1.029,4;8,4;8;;;94;350;6;10;2;;
16726;1998;2;22;0;1.029;6,4;6;;;94;360;5;10;1;;
16726;1998;2;22;3;1.028,3;5,2;5;;;97;360;5;10;0;;
16726;1998;2;22;6;1.028,4;4,6;4,4;13;4;97;0;0;8;1;;
16726;1998;2;22;9;1.028,1;14;10;;;57;0;0;10;1;;
16726;1998;2;22;12;1.026,5;16;12;;;60;160;9;10;2;;
16726;1998;2;22;15;1.026,4;15;11;;;58;160;7;10;1;;
16726;1998;2;22;18;1.027;10,6;9,2;16,6;4,6;82;360;5;7;0;;
16726;1998;2;22;21;1.027,4;7,4;7;;;94;350;7;7;0;;
16726;1998;2;23;0;1.026,6;6,6;6,4;;;97;360;4;7;0;;
16726;1998;2;23;3;1.025,5;4,8;4,6;;;97;350;9;7;0;;
16726;1998;2;23;6;1.025,8;4,4;4,2;11;4;97;360;5;6;0;;
16726;1998;2;23;9;1.026,5;14;11,6;;;74;0;0;8;1;;
16726;1998;2;23;12;1.024,6;17;12,6;;;58;180;6;10;1;;
16726;1998;2;23;15;1.024,6;15,4;12,8;;;73;180;8;10;7;;
16726;1998;2;23;18;1.024,8;12;11;18;4;88;0;0;8;5;;
16726;1998;2;23;21;1.025,5;10,8;10,4;;;95;360;5;10;5;;
16726;1998;2;24;0;1.025,8;9,4;9;;;95;360;6;10;6;;
16726;1998;2;24;3;1.024,8;8,4;8,2;;;97;360;5;8;3;;
16726;1998;2;24;6;1.025;7;6,8;12;7;97;360;4;4;0;;
16726;1998;2;24;9;1.025;15,4;12;;;65;350;6;8;0;;
16726;1998;2;24;12;1.023,7;17;13;;;61;170;8;8;2;;
16726;1998;2;24;15;1.023;17;13;;;61;160;6;10;2;;
16726;1998;2;24;18;1.023,7;13;10;18,2;7;66;20;10;10;2;;
16726;1998;2;24;21;1.024,1;9,8;8,8;;;87;360;6;10;2;;
16726;1998;2;25;0;1.023;7,4;7;;;94;360;9;8;1;;
16726;1998;2;25;3;1.021,5;6,6;6,4;;;97;350;7;8;1;;
16726;1998;2;25;6;1.021,2;5,2;5;13;5;97;350;6;6;2;;
16726;1998;2;25;9;1.022;14;11;;;67;0;0;8;4;;
16726;1998;2;25;12;1.020,7;17;13;;;61;200;8;8;3;;
16726;1998;2;25;15;1.020,2;16,6;12,4;;;58;200;4;10;4;;
16726;1998;2;25;18;1.021,4;13,4;12;18;5,2;84;360;6;10;3;;
16726;1998;2;25;21;1.022;11,2;10;;;85;360;6;10;3;;
16726;1998;2;26;0;1.022,2;10;8,8;;;85;360;7;10;6;;
16726;1998;2;26;3;1.022,2;9,6;8,8;;;90;350;6;10;7;;
16726;1998;2;26;6;1.022,4;10,8;8,8;13,4;9;75;340;8;8;6;;
16726;1998;2;26;9;1.023;18,2;12;;;44;30;5;8;5;;
16726;1998;2;26;12;1.023;17,2;11;;;42;60;15;8;4;;
16726;1998;2;26;15;1.022,2;15,8;9,6;;;40;50;23;8;3;;
16726;1998;2;26;18;1.022,9;13,2;7,4;18,6;10,8;37;360;6;10;3;;
16726;1998;2;26;21;1.022,5;12;6;;;33;360;13;10;1;;
16726;1998;2;27;0;1.022;10,4;5,4;;;39;10;15;10;1;;
16726;1998;2;27;3;1.020,5;11;5,6;;;38;360;10;10;1;;
16726;1998;2;27;6;1.020,7;10,2;5,6;18;7,6;45;360;10;10;0;;
16726;1998;2;27;9;1.020,7;16;10,2;;;43;0;0;10;0;;
16726;1998;2;27;12;1.019,2;16,8;10;;;36;200;9;10;0;;
16726;1998;2;27;15;1.018,4;15,6;9,8;;;43;180;11;10;2;;
16726;1998;2;27;18;1.019;12,2;8,4;16,8;10,2;56;90;5;10;2;;
16726;1998;2;27;21;1.019,2;6;4,6;;;79;360;6;10;1;;
16726;1998;2;28;0;1.018,5;5,8;4,4;;;78;360;8;10;1;;
16726;1998;2;28;3;1.017,4;5;4;;;84;360;8;10;0;;
16726;1998;2;28;6;1.017,2;3;2,4;12,4;3;89;360;8;8;1;;
16726;1998;2;28;9;1.017,4;14,2;9,6;;;52;0;0;10;1;;
16726;1998;2;28;12;1.015,9;16,2;11,6;;;55;210;8;10;2;;
16726;1998;2;28;15;1.015;15;11,8;;;66;190;9;10;2;;
16726;1998;2;28;18;1.015,7;10,4;9,4;16,2;3;87;20;5;10;1;;
16726;1998;2;28;21;1.016,2;7;6,6;;;94;350;8;8;1;;
16726;1998;3;1;0;1.016,2;6,2;6;;;97;350;9;8;1;;
16726;1998;3;1;3;1.015,9;5,4;5,2;;;97;360;10;8;1;;
16726;1998;3;1;6;1.016,4;5,4;5;10,4;5,4;94;360;7;8;0;;
16726;1998;3;1;9;1.017;15,2;11,4;;;60;10;11;8;0;;
16726;1998;3;1;12;1.016,4;19,2;11,8;;;36;30;11;10;0;;
16726;1998;3;1;15;1.015,4;17,6;11;;;40;10;15;10;0;;
16726;1998;3;1;18;1.016,2;11,8;9,8;20;5;76;360;6;10;0;;
16726;1998;3;1;21;1.016,7;8,6;8;;;92;360;7;10;0;;
16726;1998;3;2;0;1.016,7;7,8;7,4;;;94;360;5;10;0;;
16726;1998;3;2;3;1.016,7;7;6,8;;;97;350;4;10;1;;
16726;1998;3;2;6;1.017,4;6,2;6;12;6;97;0;0;8;3;;
16726;1998;3;2;9;1.018,4;16;12;;;60;360;10;10;1;;
16726;1998;3;2;12;1.017;19;13;;;46;360;11;10;1;;
16726;1998;3;2;15;1.017,7;18,6;13;;;49;10;10;10;2;;
16726;1998;3;2;18;1.019,5;14,6;12;19;6,2;72;20;12;10;3;;
16726;1998;3;2;21;1.021,5;10,8;10;;;90;350;6;8;2;;
16726;1998;3;3;0;1.022,4;8,4;8;;;94;350;7;8;1;;
16726;1998;3;3;3;1.022,7;6,6;6,4;;;97;350;8;8;1;;
16726;1998;3;3;6;1.023,7;6,4;5,6;14,6;6,4;88;350;4;8;1;;
16726;1998;3;3;9;1.024,8;16,4;11;;;47;0;0;8;1;;
16726;1998;3;3;12;1.024,8;18;12,8;;;52;180;8;10;4;;
16726;1998;3;3;15;1.024,1;16;12,6;;;66;20;5;8;5;;
16726;1998;3;3;18;1.025,5;13;10;19,6;6,4;66;360;6;8;1;;
16726;1998;3;3;21;1.026;8,4;7,6;;;89;350;6;10;1;;
16726;1998;3;4;0;1.026,1;6,8;6,4;;;94;350;8;10;1;;
16726;1998;3;4;3;1.025,3;6,4;6;;;94;350;8;10;1;;
16726;1998;3;4;6;1.025,3;7,4;6,2;13,6;6;83;350;8;5;0;;
16726;1998;3;4;9;1.025,5;16,4;11;;;47;30;5;8;0;;
16726;1998;3;4;12;1.024,1;18;14;;;62;200;7;8;1;;
16726;1998;3;4;15;1.023,5;18;14;;;62;210;5;8;1;;
16726;1998;3;4;18;1.024,5;13,8;11,8;20;7,4;78;360;15;8;1;;
16726;1998;3;4;21;1.024,8;10;9,6;;;95;360;7;8;0;;
16726;1998;3;5;0;1.024,1;8,2;8;;;97;360;7;8;0;;
16726;1998;3;5;3;1.022,5;9;8,2;;;89;360;12;8;0;;
16726;1998;3;5;6;1.022,7;9;8;14;7;87;360;8;8;0;;
16726;1998;3;5;9;1.022,5;15,6;11;;;53;360;15;8;0;;
16726;1998;3;5;12;1.021;18,4;11,6;;;40;360;14;10;1;;
16726;1998;3;5;15;1.020,5;17,2;11,8;;;49;10;12;10;1;;
16726;1998;3;5;18;1.021;11,6;9,6;19;9;76;340;5;10;2;;
16726;1998;3;5;21;1.020,4;9,8;9,2;;;92;340;4;8;6;;
16726;1998;3;6;0;1.019,2;9,8;9,2;;;92;360;6;8;1;;
16726;1998;3;6;3;1.018;8,4;8;;;94;350;6;8;1;;
16726;1998;3;6;6;1.018;9,2;8,8;12,4;8,2;95;360;6;6;6;;
16726;1998;3;6;9;1.018;15,2;11,6;;;63;360;10;8;7;;
16726;1998;3;6;12;1.016,7;19,6;13,6;;;48;360;8;10;1;;
16726;1998;3;6;15;1.015,7;18,2;13;;;52;20;18;10;1;;
16726;1998;3;6;18;1.017,7;15;11,8;20;9;66;10;17;10;4;;
16726;1998;3;6;21;1.020,2;12,6;11;;;81;360;4;10;1;;
16726;1998;3;7;0;1.021,5;9;8,6;;;95;350;5;10;1;;
16726;1998;3;7;3;1.022,2;9;8,6;;;95;340;5;10;1;;
16726;1998;3;7;6;1.023;8;6,6;15;8;81;350;8;10;5;;
16726;1998;3;7;9;1.023,7;14,2;12;;;76;0;0;10;6;;
16726;1998;3;7;12;1.022,9;17;12,4;;;55;220;5;10;5;;
16726;1998;3;7;15;1.021,7;17,4;13;;;58;280;8;10;4;;
16726;1998;3;7;18;1.021,5;12,8;11,2;19;8;81;0;0;10;4;;
16726;1998;3;7;21;1.021,2;10,4;9,6;;;90;360;5;10;1;;
16726;1998;3;8;0;1.020,2;7,2;6,8;;;94;350;6;10;1;;
16726;1998;3;8;3;1.018,4;6,4;6,2;;;97;360;6;10;0;;
16726;1998;3;8;6;1.018;8;7,8;13;6,4;97;350;6;8;5;;
16726;1998;3;8;9;1.016,7;15,2;10,8;;;55;0;0;8;5;;
16726;1998;3;8;12;1.014,5;17,6;12,4;;;50;180;8;10;3;;
16726;1998;3;8;15;1.012,5;17,8;13,2;;;56;180;10;10;2;;
16726;1998;3;8;18;1.011,9;12,4;11;18,8;8;83;150;4;10;5;;
16726;1998;3;8;21;1.011,7;9,6;9;;;92;0;0;8;1;;
16726;1998;3;9;0;1.010,4;7,4;7,2;;;97;0;0;8;3;;
16726;1998;3;9;3;1.008,7;8,2;8;;;97;350;4;7;5;;
16726;1998;3;9;6;1.008,5;9;8,6;12,4;7,2;95;0;0;2;7;;
16726;1998;3;9;9;1.008;14,8;12,8;;;79;180;5;5;7;;
16726;1998;3;9;12;1.006,4;18,2;15;;;69;180;12;8;5;;
16726;1998;3;9;15;1.006,2;16;14,4;;;83;180;7;7;8;;
16726;1998;3;9;18;1.005,5;15,4;13,2;19;9;77;190;9;6;8;;
16726;1998;3;9;21;1.005,4;14,6;13,2;;;85;180;6;8;6;;
16726;1998;3;10;0;1.005;14,6;13,8;;;91;160;6;10;8;;
16726;1998;3;10;3;1.004,7;14,4;13,8;;;93;160;7;7;8;1,9;
16726;1998;3;10;6;1.004,2;14,4;13,8;15,6;14;93;170;11;4;8;2,1;
16726;1998;3;10;9;1.004,4;14;13,2;;;91;150;9;6;8;0,3;
16726;1998;3;10;12;1.003,7;13;12;;;88;0;0;5;8;8,7;
16726;1998;3;10;15;1.001,7;12,6;11,8;;;91;180;4;7;8;0,6;
16726;1998;3;10;18;1.001;11,8;11;15;11,8;90;140;5;7;8;22,3;
16726;1998;3;10;21;1.002,9;10,2;9,6;;;92;360;4;10;8;0,3;
16726;1998;3;11;0;1.003,2;9,8;8,8;;;87;0;0;10;8;0,3;
16726;1998;3;11;3;1.002,7;8,8;8,4;;;94;0;0;8;7;0,1;
16726;1998;3;11;6;1.003,5;8,2;8;15;8,2;97;0;0;7;8;1,6;
16726;1998;3;11;9;1.004,5;10,6;8,6;;;75;360;4;10;7;0,6;
16726;1998;3;11;12;1.004,7;11;8;;;64;290;12;10;7;0,6;
16726;1998;3;11;15;1.005,4;9;6,2;;;63;20;5;10;6;;
16726;1998;3;11;18;1.006,5;7;5,8;12;6,8;83;140;6;8;8;2,1;
16726;1998;3;11;21;1.010,2;4,6;4,2;;;93;0;0;10;2;;
16726;1998;3;12;0;1.012,4;4,2;3,8;;;93;360;5;10;7;;
16726;1998;3;12;3;1.012,7;5;4,6;;;94;0;0;10;8;;
16726;1998;3;12;6;1.014,9;5,6;5,2;7;3,6;94;0;0;5;8;0,5;
16726;1998;3;12;9;1.016,5;7;6,6;;;94;0;0;8;8;;
16726;1998;3;12;12;1.017;10;8,4;;;79;0;0;8;7;0,7;
16726;1998;3;12;15;1.017,4;10,4;8;;;70;0;0;10;7;;
16726;1998;3;12;18;1.018,5;9;8;11;5,6;87;0;0;8;7;0,7;
16726;1998;3;12;21;1.019,7;7,4;7;;;94;350;4;8;4;;
16726;1998;3;13;0;1.020,4;4,8;4,6;;;97;350;4;8;6;;
16726;1998;3;13;3;1.019,9;4;3,8;;;97;350;3;8;6;;
16726;1998;3;13;6;1.020,7;5;4,6;14;4;94;360;5;8;7;;
16726;1998;3;13;9;1.020,7;11,4;8,6;;;67;0;0;8;5;;
16726;1998;3;13;12;1.020,7;14,4;9,2;;;45;180;5;10;3;;
16726;1998;3;13;15;1.019,9;13,4;9,6;;;59;180;7;10;5;;
16726;1998;3;13;18;1.020,7;9;7;14,6;5;73;0;0;10;1;;
16726;1998;3;13;21;1.022;6;4,8;;;82;360;5;10;3;;
16726;1998;3;14;0;1.022;4,4;4;;;93;350;8;10;5;;
16726;1998;3;14;3;1.021;3,8;2,8;;;84;350;7;10;3;;
16726;1998;3;14;6;1.020,4;3,8;2,8;9,6;3,6;84;360;4;10;7;;
16726;1998;3;14;9;1.020,5;12;9,2;;;67;0;0;10;7;;
16726;1998;3;14;12;1.019,2;14;9;;;47;0;0;10;7;;
16726;1998;3;14;15;1.016,2;13,2;8,8;;;52;0;0;10;7;;
16726;1998;3;14;18;1.013,7;9,8;8,6;14;3,8;85;360;4;8;7;;
16726;1998;3;14;21;1.013,7;8,2;7,6;;;92;0;0;8;7;;
16726;1998;3;15;0;1.012,2;8,4;7,4;;;86;0;0;8;7;;
16726;1998;3;15;3;1.009,2;8,4;7,4;;;86;0;0;8;7;;
16726;1998;3;15;6;1.006;8,8;7,4;9,8;8,2;81;0;0;10;7;;
16726;1998;3;15;9;1.005,5;11;9,4;;;80;70;5;8;8;0,3;
16726;1998;3;15;12;1.004,2;10,6;8,8;;;78;320;6;6;8;1,3;
16726;1998;3;15;15;1.003;11,2;8,8;;;71;270;5;8;8;0,2;
16726;1998;3;15;18;1.003,4;10,4;7,8;12,4;8,8;68;360;10;8;8;1,8;
16726;1998;3;15;21;1.003,7;9,4;6,6;;;64;0;0;10;7;;
16726;1998;3;16;0;1.003,7;9,4;6,6;;;64;360;5;10;7;;
16726;1998;3;16;3;1.002,2;9,6;6,2;;;56;60;6;10;7;;
16726;1998;3;16;6;1.002,7;9;5;11,8;8,4;48;30;6;8;8;;
16726;1998;3;16;9;1.004,7;7;4,4;;;62;90;6;8;8;0,1;
16726;1998;3;16;12;1.004,7;6,2;4,2;;;70;60;8;8;8;1;
16726;1998;3;16;15;1.005,4;5;4;;;84;320;4;8;8;1,3;
16726;1998;3;16;18;1.007,9;5;4;11,6;5;84;360;6;10;6;2,6;
16726;1998;3;16;21;1.010;4;1;;;52;0;0;10;1;;
16726;1998;3;17;0;1.010;4;1;;;52;360;6;10;1;;
16726;1998;3;17;3;1.011;1,6;0;;;71;50;7;10;1;;
16726;1998;3;17;6;1.012,2;1,6;0;5;0;71;30;4;10;1;;
16726;1998;3;17;9;1.013;9,4;4,6;;;41;360;7;10;1;;
16726;1998;3;17;12;1.012,2;12;5,6;;;30;340;8;10;3;;
16726;1998;3;17;15;1.011,9;11,2;5,8;;;38;340;13;10;3;;
16726;1998;3;17;18;1.012,7;6,2;4,2;13;1,6;70;340;5;10;3;;
16726;1998;3;17;21;1.014;3,2;2;;;79;0;0;10;2;;
16726;1998;3;18;0;1.014;3,2;2;;;79;0;0;10;2;;
16726;1998;3;18;3;1.014,2;0,6;0;;;88;340;5;10;2;;
16726;1998;3;18;6;1.015,4;2;0,6;6,2;0,2;75;360;10;8;3;;
16726;1998;3;18;9;1.016,5;11,2;5,6;;;36;30;5;10;4;;
16726;1998;3;18;12;1.016,7;10,6;5,6;;;41;210;8;10;7;;
16726;1998;3;18;15;1.017,4;9,2;5,6;;;54;160;6;10;7;;
16726;1998;3;18;18;1.020,4;5,8;4,4;12,2;2;78;0;0;8;7;2,3;
16726;1998;3;18;21;1.022,5;3,4;1,4;;;66;340;9;10;1;0,2;
16726;1998;3;19;0;1.023,9;2,4;0,4;;;64;360;8;10;1;;
16726;1998;3;19;3;1.024;0;-1;;;82;340;6;8;1;;
16726;1998;3;19;6;1.024,8;0,6;0;6,4;0;88;360;6;10;0;0,2;
16726;1998;3;19;9;1.025,3;11;5,4;;;34;0;0;10;3;;
16726;1998;3;19;12;1.023,9;13;6;;;25;210;7;10;3;;
16726;1998;3;19;15;1.022,7;13,2;7;;;34;360;12;10;3;;
16726;1998;3;19;18;1.023,2;8,8;6;14;0,6;63;0;0;10;0;;
16726;1998;3;19;21;1.023,2;3,6;2,4;;;79;360;8;10;0;;
16726;1998;3;20;0;1.022,4;4;3,4;;;90;0;0;10;0;;
16726;1998;3;20;3;1.021;4;3,4;;;90;360;7;10;0;;
16726;1998;3;20;6;1.020,4;3;2,4;9;2,6;89;350;5;8;5;;
16726;1998;3;20;9;1.019,5;10;8;;;74;0;0;10;7;;
16726;1998;3;20;12;1.018,7;8,6;8;;;92;0;0;4;8;2,2;
16726;1998;3;20;15;1.015,9;8;7;;;86;360;7;6;7;3,9;
16726;1998;3;20;18;1.015,4;7;6,6;10,6;3;94;10;5;8;8;6,2;
16726;1998;3;20;21;1.015,7;5,4;5;;;94;360;7;8;5;0,1;
16726;1998;3;21;0;1.015,2;5,4;5;;;94;360;5;8;3;;
16726;1998;3;21;3;1.013,5;5,4;5;;;94;360;5;8;5;;
16726;1998;3;21;6;1.013,5;4;3,8;7,6;3,6;97;0;0;6;3;0,1;
16726;1998;3;21;9;1.014,5;11,2;6,8;;;48;350;9;10;4;;
16726;1998;3;21;12;1.014;13,2;7;;;34;10;8;10;3;;
16726;1998;3;21;15;1.013,7;14;8;;;37;20;10;10;3;;
16726;1998;3;21;18;1.015,4;10;7;15;4;62;360;5;10;5;;
16726;1998;3;21;21;1.016,2;6,4;5,2;;;82;20;5;10;6;;
16726;1998;3;22;0;1.015,7;6;5;;;85;20;5;10;7;;
16726;1998;3;22;3;1.015;5,8;4,8;;;85;360;5;8;7;0;
16726;1998;3;22;6;1.014,5;5,4;5;10;5;94;360;5;8;8;3;
16726;1998;3;22;9;1.015,7;10;6,8;;;60;360;12;10;7;;
16726;1998;3;22;12;1.016,5;10,8;5;;;32;350;17;10;5;0,5;
16726;1998;3;22;15;1.017;9,6;3,8;;;29;360;18;10;3;;
16726;1998;3;22;18;1.019,2;6,2;2,2;10,8;5,4;42;360;10;10;3;0,5;
16726;1998;3;22;21;1.020,7;6;1,8;;;39;360;8;10;2;;
16726;1998;3;23;0;1.021,7;2;0;;;64;0;0;10;1;;
16726;1998;3;23;3;1.021,4;0;-1,6;;;70;360;4;8;1;;
16726;1998;3;23;6;1.022;1;0;7,6;-2;81;340;5;8;5;;
16726;1998;3;23;9;1.022,9;9,6;5;;;42;350;11;10;2;;
16726;1998;3;23;12;1.022,5;11,4;4,4;;;20;350;15;10;2;;
16726;1998;3;23;15;1.022,5;10,2;4,8;;;35;340;10;10;2;;
16726;1998;3;23;18;1.023,5;6;2,4;11,8;1;46;360;10;10;2;;
16726;1998;3;23;21;1.023,5;3;1;;;66;360;7;10;2;;
16726;1998;3;24;0;1.024,1;0,2;-1;;;78;360;4;10;2;;
16726;1998;3;24;3;1.023,7;0,2;-1;;;78;350;7;10;5;;
16726;1998;3;24;6;1.023,9;0,6;0;6;-1,1;88;350;5;8;1;;
16726;1998;3;24;9;1.023,4;10,8;5;;;32;160;5;10;1;;
16726;1998;3;24;12;1.022;12;5,8;;;31;200;10;10;2;;
16726;1998;3;24;15;1.020,4;12;7;;;43;210;12;10;3;;
16726;1998;3;24;18;1.020;10,2;5,6;13;-1;45;180;11;10;6;;
16726;1998;3;24;21;1.019;9,2;5,6;;;54;180;4;10;8;;
16726;1998;3;25;0;1.016,2;7,4;5;;;66;360;5;10;8;;
16726;1998;3;25;3;1.014;8,4;5;;;55;110;6;6;8;1;
16726;1998;3;25;6;1.010,2;5,8;4,8;10,6;5,6;85;0;0;8;8;1,2;
16726;1998;3;25;9;1.007,2;10;6,2;;;52;120;16;8;8;0,1;
16726;1998;3;25;12;1.005;9,8;7;;;64;130;13;8;8;0,6;
16726;1998;3;25;15;1.002,5;9;7;;;73;150;18;3;8;3;
16726;1998;3;25;18;1.000;8;6;11;5,8;72;320;6;6;8;6;
16726;1998;3;25;21;1.000;6,8;5,4;;;79;340;8;8;8;3;
16726;1998;3;26;0;996,2;7,8;5,8;;;72;90;35;8;8;8,2;
16726;1998;3;26;3;996,7;6,8;5,4;;;79;20;15;10;8;2,2;
16726;1998;3;26;6;998;7,6;5,2;8;6,6;66;270;18;5;8;13,4;
16726;1998;3;26;9;996,5;9,2;5,6;;;54;60;40;10;7;;
16726;1998;3;26;12;997;12;6,8;;;42;60;35;10;6;;
16726;1998;3;26;15;998;11,4;6,4;;;41;120;13;10;7;;
16726;1998;3;26;18;999,7;9;5;12;7,6;48;30;15;10;7;;
16726;1998;3;26;21;1.001,4;9,6;5;;;42;80;20;10;7;;
16726;1998;3;27;0;1.003;7,6;4,8;;;62;350;15;8;8;0;
16726;1998;3;27;3;1.003,2;8,2;4,6;;;53;360;12;8;8;0,1;
16726;1998;3;27;6;1.003,7;9;5;10;7;48;20;10;10;5;0,2;
16726;1998;3;27;9;1.005,2;13,2;7;;;34;30;13;10;5;;
16726;1998;3;27;12;1.006,2;14,6;8;;;33;50;11;10;6;;
16726;1998;3;27;15;1.008;12,6;7,6;;;45;60;10;10;6;;
16726;1998;3;27;18;1.010;10;6;15;9;50;20;5;10;7;;
16726;1998;3;27;21;1.012,4;10;6;;;50;20;10;10;7;;
16726;1998;3;28;0;1.014;9;5;;;48;360;10;10;7;;
16726;1998;3;28;3;1.014,9;8,2;4,6;;;53;360;10;10;3;;
16726;1998;3;28;6;1.014,5;9,6;5,8;10;7,6;52;360;12;10;2;;
16726;1998;3;28;9;1.015,2;13;7,6;;;42;0;0;10;3;;
16726;1998;3;28;12;1.015,2;15;9,2;;;41;200;5;10;5;;
16726;1998;3;28;15;1.014,7;13,4;7,8;;;40;140;4;10;6;;
16726;1998;3;28;18;1.014,9;10;8;15,6;9,6;74;0;0;10;4;;
16726;1998;3;28;21;1.015,7;5;4,6;;;94;0;0;8;1;;
16726;1998;3;29;0;1.015,7;3;2,6;;;93;360;5;8;1;;
16726;1998;3;29;3;1.015;3;2,6;;;93;360;10;8;1;;
16726;1998;3;29;6;1.015;4;3,4;10;3;90;340;6;8;0;;
16726;1998;3;29;9;1.015,4;14,4;10,2;;;55;10;10;8;2;;
16726;1998;3;29;12;1.013,7;16,6;10,8;;;45;20;8;10;3;;
16726;1998;3;29;15;1.012,7;15;10,4;;;52;20;12;10;5;;
16726;1998;3;29;18;1.014,4;12;9,8;17;4;74;20;8;10;5;;
16726;1998;3;29;21;1.016,7;10,2;8,6;;;80;0;0;10;3;;
16726;1998;3;30;0;1.018;6,2;5;;;82;360;6;10;2;;
16726;1998;3;30;3;1.018,4;5,8;4,8;;;85;360;8;10;2;;
16726;1998;3;30;6;1.019,4;8,4;6,4;12;5;72;360;8;10;0;;
16726;1998;3;30;9;1.020,2;15,4;9,2;;;38;360;7;10;1;;
16726;1998;3;30;12;1.020,4;15,6;10,4;;;47;190;12;10;3;;
16726;1998;3;30;15;1.019,9;13,6;9,6;;;57;180;7;8;7;;
16726;1998;3;30;18;1.020,7;11,6;10;15,6;8,4;81;110;5;7;7;;
16726;1998;3;30;21;1.021,7;9,6;8,6;;;87;0;0;7;6;;
16726;1998;3;31;0;1.021;10;6,8;;;60;360;7;6;5;;
16726;1998;3;31;3;1.020,2;7,4;5;;;66;360;9;7;2;;
16726;1998;3;31;6;1.020,7;9;5;12;6;48;360;9;8;2;;
16726;1998;3;31;9;1.020,7;15;8,8;;;38;340;5;10;2;;
16726;1998;3;31;12;1.019,7;16;10;;;41;190;10;10;3;;
16726;1998;3;31;15;1.019,2;15,4;12;;;65;250;10;10;5;;
16726;1998;3;31;18;1.020,4;11,2;9,2;16,6;9;75;0;0;10;4;;
16726;1998;3;31;21;1.021,5;8,8;8;;;89;360;5;10;2;;
16726;1998;4;1;0;1.021;7,4;6,8;;;91;360;8;10;1;;
16726;1998;4;1;3;1.020,2;4,2;3,6;;;90;360;4;8;1;;
16726;1998;4;1;6;1.020,4;6,6;5,4;12;3,4;82;360;6;8;0;;
16726;1998;4;1;9;1.020,2;14;9,4;;;50;180;5;8;1;;
16726;1998;4;1;12;1.018,7;16;11;;;50;190;12;10;2;;
16726;1998;4;1;15;1.017,7;13;11,6;;;84;170;11;8;4;;
16726;1998;4;1;18;1.018,5;11,4;10;16;6,6;83;360;8;8;4;;
16726;1998;4;1;21;1.018,5;8;7;;;86;340;4;8;1;;
16726;1998;4;2;0;1.018,5;7;6;;;85;360;6;8;1;;
16726;1998;4;2;3;1.017;6;5,6;;;94;360;4;8;1;;
16726;1998;4;2;6;1.017,7;7;6,6;11,4;5,2;94;350;5;4;1;;
16726;1998;4;2;9;1.018;15,8;11,2;;;53;20;9;8;3;;
16726;1998;4;2;12;1.016,2;18,2;11;;;35;360;8;10;3;;
16726;1998;4;2;15;1.015,5;17,4;11,6;;;46;320;8;10;3;;
16726;1998;4;2;18;1.016,7;13;10,6;18,6;6,4;73;0;0;8;3;;
16726;1998;4;2;21;1.016,2;10;9;;;87;0;0;8;4;;
16726;1998;4;3;0;1.015,4;9,2;8,2;;;87;0;0;8;4;;
16726;1998;4;3;3;1.014,9;6,6;6;;;91;0;0;8;3;;
16726;1998;4;3;6;1.015,4;8,2;7,8;13;6,4;94;360;4;6;1;;
16726;1998;4;3;9;1.016;17,4;13,6;;;64;0;0;8;5;;
16726;1998;4;3;12;1.015,7;18,4;14,6;;;65;200;7;8;5;;
16726;1998;4;3;15;1.015;18,6;13,4;;;52;30;16;10;1;;
16726;1998;4;3;18;1.016;15,4;11,2;20;8,2;57;10;6;10;1;;
16726;1998;4;3;21;1.017;11,6;10,6;;;88;360;6;8;0;;
16726;1998;4;4;0;1.017,5;9,4;9;;;95;350;6;8;0;;
16726;1998;4;4;3;1.017,2;8;7,6;;;94;360;5;8;0;;
16726;1998;4;4;6;1.018;10;9;16;7,8;87;0;0;6;0;;
16726;1998;4;4;9;1.018,7;18;14;;;62;180;6;8;0;;
16726;1998;4;4;12;1.020,2;18,4;14,6;;;65;180;8;10;1;;
16726;1998;4;4;15;1.020,2;18,6;15,4;;;69;200;10;10;1;;
16726;1998;4;4;18;1.020,2;13,8;12,6;19;10;87;0;0;10;0;;
16726;1998;4;4;21;1.020,7;11,6;10,6;;;88;0;0;10;0;;
16726;1998;4;5;0;1.021,2;9,4;9;;;95;0;0;10;0;;
16726;1998;4;5;3;1.021,7;9;7,6;;;82;0;0;10;0;;
16726;1998;4;5;6;1.021,4;8,2;8;13,8;7;97;0;0;10;0;;
16726;1998;4;5;9;1.021,4;8,2;8;;;97;0;0;10;0;;
16726;1998;4;5;12;1.021,7;19;15;;;63;180;12;10;5;;
16726;1998;4;5;15;1.020,7;18,4;14,6;;;65;190;12;10;6;;
16726;1998;4;5;18;1.021,5;15;14;20;8;89;0;0;10;5;;
16726;1998;4;5;21;1.022;13;13;;;100;360;5;8;3;;
16726;1998;4;6;0;1.021,4;10,4;10,4;;;100;360;7;6;0;;
16726;1998;4;6;3;1.020,7;8,4;8,4;;;100;0;0;6;0;;
16726;1998;4;6;6;1.021,7;9,6;9,2;15;8;95;0;0;3;6;;
16726;1998;4;6;9;1.021,7;16,6;14,4;;;77;180;7;6;2;;
16726;1998;4;6;12;1.020,7;17,6;15;;;74;190;8;6;2;;
16726;1998;4;6;15;1.019,2;17,2;15,4;;;82;160;6;6;3;;
16726;1998;4;6;18;1.019,4;14,2;13,4;18,8;8;91;0;0;4;2;;
16726;1998;4;6;21;1.019,7;10,8;10,2;;;92;0;0;8;2;;
16726;1998;4;7;0;1.019,4;9,6;9,2;;;95;0;0;8;2;;
16726;1998;4;7;3;1.018,5;8,2;8;;;97;0;0;6;2;;
16726;1998;4;7;6;1.019;11;11;18,6;7;100;0;0;0,1;8;;
16726;1998;4;7;9;1.019;17;14,4;;;74;0;0;6;5;;
16726;1998;4;7;12;1.019;19;15,6;;;69;210;8;10;5;;
16726;1998;4;7;15;1.017,7;19,2;15,6;;;67;200;7;10;0;;
16726;1998;4;7;18;1.017,7;15,6;14,4;19,8;11;87;0;0;8;0;;
16726;1998;4;7;21;1.018,5;11,2;10,8;;;95;360;6;8;0;;
16726;1998;4;8;0;1.018;10;9,8;;;97;360;7;8;1;;
16726;1998;4;8;3;1.017;8,8;8,6;;;97;360;7;8;1;;
16726;1998;4;8;6;1.016,2;11;10;16;8,6;88;360;6;8;3;;
16726;1998;4;8;9;1.016,4;21,4;15;;;47;170;6;8;5;;
16726;1998;4;8;12;1.015,9;21,4;15;;;47;180;8;8;5;;
16726;1998;4;8;15;1.014,9;20,4;15,4;;;56;180;4;10;5;;
16726;1998;4;8;18;1.014,5;15,8;14,6;21,6;11;87;160;4;10;3;;
16726;1998;4;8;21;1.014,9;12;11,6;;;95;0;0;10;0;;
16726;1998;4;9;0;1.014,9;10,6;10,4;;;97;0;0;10;0;;
16726;1998;4;9;3;1.012,2;9,8;9,6;;;97;360;5;10;0;;
16726;1998;4;9;6;1.013;10,2;9,2;16;9,6;87;360;5;8;2;;
16726;1998;4;9;9;1.013,5;22,6;16,2;;;48;220;5;8;7;;
16726;1998;4;9;12;1.012;24;16;;;40;210;8;10;6;;
16726;1998;4;9;15;1.010,9;22;16;;;51;230;8;10;5;;
16726;1998;4;9;18;1.011,9;18,4;15;26;10,2;68;190;5;8;5;;
16726;1998;4;9;21;1.011,9;14,2;13,4;;;91;360;5;8;6;;
16726;1998;4;10;0;1.011,2;14,2;12;;;76;360;8;8;7;;
16726;1998;4;10;3;1.010;14,2;12;;;76;360;7;8;8;;
16726;1998;4;10;6;1.011,2;13,4;12,2;18,4;12,8;86;0;0;8;8;;
16726;1998;4;10;9;1.012,7;21,8;16;;;52;280;4;8;8;;
16726;1998;4;10;12;1.012,4;23;16,4;;;47;220;8;8;7;;
16726;1998;4;10;15;1.012,4;22;16,4;;;53;0;0;10;6;;
16726;1998;4;10;18;1.012,4;20;15;23,6;12,8;56;0;0;10;6;;
16726;1998;4;10;21;1.014,4;14;12;;;78;0;0;10;3;;
16726;1998;4;11;0;1.014,4;14;12;;;78;0;0;10;3;;
16726;1998;4;11;3;1.013;14;12;;;78;0;0;10;5;;
16726;1998;4;11;6;1.012;15,6;13;20;13,8;73;0;0;10;6;;
16726;1998;4;11;9;1.013,7;23,2;18;;;58;220;6;10;4;;
16726;1998;4;11;12;1.013,4;23;15,4;;;40;220;10;10;6;;
16726;1998;4;11;15;1.012,2;22,4;14,8;;;40;210;5;10;6;;
16726;1998;4;11;18;1.011;16,4;12,6;23,2;15,6;63;10;4;10;3;;
16726;1998;4;11;21;1.011,7;12,4;10,2;;;74;360;5;10;3;;
16726;1998;4;12;0;1.011;10,4;9;;;82;360;7;10;2;;
16726;1998;4;12;3;1.010,2;10,4;9;;;82;360;8;10;3;;
16726;1998;4;12;6;1.010,5;11;9,6;16,4;9,6;83;10;6;10;5;;
16726;1998;4;12;9;1.011;23,2;16,8;;;50;180;13;10;4;;
16726;1998;4;12;12;1.011;23,2;16,8;;;50;180;13;10;4;;
16726;1998;4;12;15;1.010,9;22,4;16,8;;;54;190;9;10;4;;
16726;1998;4;12;18;1.011;17;15,8;23,6;11;88;0;0;10;0;;
16726;1998;4;12;21;1.011;15,8;14,6;;;87;360;7;10;0;;
16726;1998;4;13;0;1.011;15,8;14,6;;;87;360;7;10;0;;
16726;1998;4;13;3;1.013,2;15,8;14,6;;;87;360;7;10;0;;
16726;1998;4;13;6;1.014,4;15;13;17,2;13;79;360;10;10;0;;
16726;1998;4;13;9;1.015;19,2;13,2;;;46;20;13;10;0;;
16726;1998;4;13;12;1.014;22;12,6;;;28;360;16;10;0;;
16726;1998;4;13;15;1.013;20,6;12,6;;;35;360;16;10;0;;
16726;1998;4;13;18;1.013,7;15;10;23;15;49;360;6;10;0;;
16726;1998;4;13;21;1.014,5;11;9;;;75;360;5;10;0;;
16726;1998;4;14;0;1.014,5;11;9;;;75;360;5;10;0;;
16726;1998;4;14;3;1.012,5;10;8,6;;;82;360;8;10;2;;
16726;1998;4;14;6;1.012,7;11,4;8,6;15,6;9;67;360;9;10;7;;
16726;1998;4;14;9;1.012,7;19;10;;;23;30;4;10;4;;
16726;1998;4;14;12;1.011,4;23,4;13,6;;;29;30;4;10;3;;
16726;1998;4;14;15;1.010,7;20;12,8;;;39;0;0;10;5;;
16726;1998;4;14;18;1.012;14,8;10,4;23,4;11,4;54;360;4;10;3;;
16726;1998;4;14;21;1.013;12,4;10,4;;;76;360;7;10;0;;
16726;1998;4;15;0;1.012,2;12;10,4;;;81;360;8;10;0;;
16726;1998;4;15;3;1.012;10,8;9,2;;;80;360;10;10;0;;
16726;1998;4;15;6;1.012;16,2;10,2;16,2;10,2;41;360;11;10;0;;
16726;1998;4;15;9;1.013;24,4;14,8;;;31;360;8;10;0;;
16726;1998;4;15;12;1.011,5;25,8;15,6;;;30;360;13;10;0;;
16726;1998;4;15;15;1.010,9;25;16;;;35;0;0;10;0;;
16726;1998;4;15;18;1.011,9;19;15,4;27;16;66;360;10;10;0;;
16726;1998;4;15;21;1.013,2;12,4;9;;;61;360;5;10;0;;
16726;1998;4;16;0;1.011,7;9,4;7;;;69;350;6;10;0;;
16726;1998;4;16;3;1.010,2;9,4;7;;;69;360;6;10;0;;
16726;1998;4;16;6;1.009,4;12;9,8;19;6,8;74;0;0;10;2;;
16726;1998;4;16;9;1.007,7;21,6;14,8;;;45;0;0;10;5;;
16726;1998;4;16;12;1.007,7;21,6;14,8;;;45;190;5;10;5;;
16726;1998;4;16;15;1.005,7;21,6;14,8;;;45;210;5;10;5;;
16726;1998;4;16;18;1.001,7;16,4;14;22;12;75;0;0;10;5;;
16726;1998;4;16;21;1.001;14;13;;;89;0;0;10;5;;
16726;1998;4;17;0;1.001;14;13;;;89;0;0;10;5;;
16726;1998;4;17;3;1.001;14;13;;;89;0;0;10;0;;
16726;1998;4;17;6;1.002,7;16;12;16,4;14;60;350;5;10;1;;
16726;1998;4;17;9;1.003,7;21,6;14,6;;;43;20;5;10;6;;
16726;1998;4;17;12;1.004,2;22,8;14,8;;;38;350;16;10;2;;
16726;1998;4;17;15;1.004,5;21;13;;;35;10;20;10;1;;
16726;1998;4;17;18;1.005,5;15,4;12,4;24;10,6;68;360;8;10;1;;
16726;1998;4;17;21;1.007;11,8;11,4;;;95;350;4;10;1;;
16726;1998;4;18;0;1.007;9;8,6;;;95;0;0;10;1;;
16726;1998;4;18;3;1.007;9;8,6;;;95;0;0;10;1;;
16726;1998;4;18;6;1.007,4;11,4;11;16;8;95;0;0;8;5;;
16726;1998;4;18;9;1.008,2;18;15;;;71;180;8;10;5;;
16726;1998;4;18;12;1.007,7;20,2;13,8;;;45;180;10;10;5;;
16726;1998;4;18;15;1.006,7;18,2;15,4;;;73;180;10;10;4;;
16726;1998;4;18;18;1.006,7;16,2;15,4;20,2;8,4;91;160;6;10;6;;
16726;1998;4;18;21;1.007;14,4;13,6;;;91;0;0;10;2;;
16726;1998;4;19;0;1.007,5;13,8;13;;;91;170;4;8;6;;
16726;1998;4;19;3;1.007,5;11,6;11,4;;;97;0;0;8;6;;
16726;1998;4;19;6;1.009,2;11,8;10,8;16,2;11,6;88;40;11;8;6;0,2;
16726;1998;4;19;9;1.010,9;17,4;12;;;49;340;12;10;4;;
16726;1998;4;19;12;1.011,2;18,2;15,4;;;73;350;17;10;6;;
16726;1998;4;19;15;1.012,2;18;12,4;;;48;330;8;10;4;;
16726;1998;4;19;18;1.013,7;14;10,4;19,6;11,8;61;340;7;10;4;;
16726;1998;4;19;21;1.015,4;13;10;;;66;360;7;10;2;;
16726;1998;4;20;0;1.015,4;12;9,8;;;74;350;6;10;1;;
16726;1998;4;20;3;1.016,4;8,8;8;;;89;360;4;10;1;;
16726;1998;4;20;6;1.017;8,8;8;15;7;89;0;0;10;3;;
16726;1998;4;20;9;1.017,2;18,6;12,4;;;44;0;0;10;3;;
16726;1998;4;20;12;1.017,2;19,6;13;;;43;350;10;10;3;;
16726;1998;4;20;15;1.016,7;18,4;12,4;;;45;360;8;10;3;;
16726;1998;4;20;18;1.016,7;14,2;11;19,6;8,8;65;360;7;10;3;;
16726;1998;4;20;21;1.018;12,2;10,2;;;76;360;7;10;1;;
16726;1998;4;21;0;1.018;9,6;8,2;;;82;360;9;10;1;;
16726;1998;4;21;3;1.017,7;12,4;10;;;72;360;8;10;1;;
16726;1998;4;21;6;1.017,7;13;10,6;15;9;73;10;12;10;1;;
16726;1998;4;21;9;1.017;19;12,4;;;41;360;12;10;2;;
16726;1998;4;21;12;1.015,5;22;13,8;;;35;360;12;10;3;;
16726;1998;4;21;15;1.016,2;20;12,8;;;39;360;10;10;1;;
16726;1998;4;21;18;1.016,5;15;11;22,6;13;58;20;6;10;1;;
16726;1998;4;21;21;1.017;12,4;10;;;72;0;0;10;1;;
16726;1998;4;22;0;1.017;12,4;10;;;72;0;0;10;1;;
16726;1998;4;22;3;1.014,2;11;9;;;75;0;0;10;1;;
16726;1998;4;22;6;1.014,4;14,6;10,6;15;10;58;360;12;10;1;;
16726;1998;4;22;9;1.014,4;19;13,2;;;48;360;15;10;0;;
16726;1998;4;22;12;1.013,7;19;13,2;;;48;210;9;10;1;;
16726;1998;4;22;15;1.012,7;20,2;13,8;;;45;200;8;10;2;;
16726;1998;4;22;18;1.014,2;15,4;12,4;23;14,6;68;0;0;10;4;;
16726;1998;4;22;21;1.015,5;10,2;8,4;;;77;360;6;10;4;;
16726;1998;4;23;0;1.015,4;9,4;8;;;82;360;6;10;7;;
16726;1998;4;23;3;1.014,7;10,2;8,4;;;77;0;0;10;6;;
16726;1998;4;23;6;1.015;12,6;10;15,4;8,8;70;0;0;10;3;;
16726;1998;4;23;9;1.015,7;19,2;12,6;;;43;180;4;10;4;;
16726;1998;4;23;12;1.014;20,2;13,2;;;40;210;8;10;2;;
16726;1998;4;23;15;1.013;18,2;12,8;;;51;210;10;10;6;;
16726;1998;4;23;18;1.012,5;17,4;12,4;21,2;12,6;52;360;4;10;5;;
16726;1998;4;23;21;1.012,5;14;12;;;78;0;0;10;5;;
16726;1998;4;24;0;1.011,9;14;12;;;78;0;0;10;2;;
16726;1998;4;24;3;1.010;12,6;10;;;70;0;0;10;2;;
16726;1998;4;24;6;1.010,5;11,4;8,6;17,4;9,6;67;360;5;10;3;;
16726;1998;4;24;9;1.014,9;16;13,4;;;73;30;8;8;8;1,3;
16726;1998;4;24;12;1.012;18,8;14,2;;;57;350;4;10;7;0,6;
16726;1998;4;24;15;1.011,4;16;14,6;;;85;0;0;8;8;0,1;
16726;1998;4;24;18;1.010,4;15,4;12,6;18,8;11,4;71;360;9;10;8;2,9;
16726;1998;4;24;21;1.013;12;11,6;;;95;360;11;7;8;6;
16726;1998;4;25;0;1.011,5;11,6;11,2;;;95;360;10;7;8;1,2;
16726;1998;4;25;3;1.011;11,4;11;;;95;360;9;8;7;;
16726;1998;4;25;6;1.011,7;12,2;11;15,4;11,4;86;10;5;8;8;7,8;
16726;1998;4;25;9;1.011,9;13,6;11,8;;;80;360;7;10;8;0,1;
16726;1998;4;25;12;1.011,7;16;13;;;69;360;4;10;8;;
16726;1998;4;25;15;1.011,5;16;13;;;69;180;4;10;7;;
16726;1998;4;25;18;1.012,7;14;12,6;17;11,6;85;0;0;10;5;0,1;
16726;1998;4;25;21;1.014;11;11;;;100;360;4;10;3;;
16726;1998;4;26;0;1.013;11;11;;;100;360;5;10;2;;
16726;1998;4;26;3;1.011,7;9,6;8,6;;;87;360;5;10;3;;
16726;1998;4;26;6;1.011,7;10,4;9,8;14;7;92;340;5;8;0;;
16726;1998;4;26;9;1.010,9;18,8;13;;;48;10;5;10;1;;
16726;1998;4;26;12;1.009;18,6;14,6;;;63;180;9;10;3;;
16726;1998;4;26;15;1.008,7;16;13;;;69;60;8;8;7;;
16726;1998;4;26;18;1.010;12,6;12;20,4;10,4;93;0;0;10;7;4,1;
16726;1998;4;26;21;1.011,2;11;11;;;100;0;0;10;5;;
16726;1998;4;27;0;1.011,2;8;8;;;100;360;5;10;2;;
16726;1998;4;27;3;1.011;7,4;7,4;;;100;340;6;10;1;;
16726;1998;4;27;6;1.011,2;12;10,4;13;6,2;81;360;4;10;1;;
16726;1998;4;27;9;1.011,7;17;12,4;;;55;160;8;10;1;;
16726;1998;4;27;12;1.012,2;18;15;;;71;180;12;10;3;;
16726;1998;4;27;15;1.011,4;18,2;15,2;;;71;190;13;10;4;;
16726;1998;4;27;18;1.011,7;14,8;13,6;18,2;12;87;0;0;8;3;;
16726;1998;4;27;21;1.012,7;12,2;11,8;;;95;0;0;8;3;;
16726;1998;4;28;0;1.012;10,6;10,4;;;97;360;4;7;2;;
16726;1998;4;28;3;1.011;9,6;9,6;;;100;360;6;6;1;;
16726;1998;4;28;6;1.011,7;11;11;15,6;9;100;360;4;6;4;;
16726;1998;4;28;9;1.013;18;14;;;62;190;6;8;4;;
16726;1998;4;28;12;1.013;19,4;15,2;;;62;180;10;10;5;0;
16726;1998;4;28;15;1.012,2;17,6;13,4;;;59;190;10;10;6;0,2;
16726;1998;4;28;18;1.012,2;15;13,8;20;11;87;0;0;10;6;0,2;
16726;1998;4;28;21;1.012,4;14;13,2;;;91;0;0;10;7;;
16726;1998;4;29;0;1.012,4;14;13,2;;;91;0;0;10;7;;
16726;1998;4;29;3;1.011,7;12;11,4;;;93;0;0;8;8;;
16726;1998;4;29;6;1.012,7;13,4;12,6;15;11,6;91;360;4;8;8;2,3;
16726;1998;4;29;9;1.013,2;14,2;13,4;;;91;0;0;8;8;0,1;
16726;1998;4;29;12;1.013;16;14,2;;;81;360;5;8;8;0,1;
16726;1998;4;29;15;1.013;15,8;15,2;;;93;0;0;8;7;5,8;
16726;1998;4;29;18;1.013,7;15,6;15,2;16;13,4;96;0;0;6;7;6;
16726;1998;4;29;21;1.014,4;13,2;12,8;;;95;350;6;8;6;;
16726;1998;4;30;0;1.015,2;11,6;11,4;;;97;360;6;8;2;;
16726;1998;4;30;3;1.015,2;8,6;8,6;;;100;360;8;8;1;;
16726;1998;4;30;6;1.015,5;12;11;16,6;8,6;88;360;7;8;3;;
16726;1998;4;30;9;1.015,9;18,8;13;;;48;350;4;10;5;;
16726;1998;4;30;12;1.015,7;19,6;15;;;59;200;7;10;5;;
16726;1998;4;30;15;1.014,5;20,4;15,4;;;56;210;4;10;3;;
16726;1998;4;30;18;1.015;15,4;12;21;12;65;0;0;10;3;;
16726;1998;4;30;21;1.015;12;11;;;88;0;0;10;1;;
16726;1998;5;1;0;1.015,9;11,6;10,4;;;85;360;5;10;1;;
16726;1998;5;1;3;1.015,9;10;9;;;87;360;6;10;1;;
16726;1998;5;1;6;1.015,9;12,2;10;15,4;8,6;74;360;4;10;6;;
16726;1998;5;1;9;1.016,4;23;16,2;;;46;0;0;10;4;;
16726;1998;5;1;12;1.016,7;23,6;16,6;;;46;200;6;10;5;;
16726;1998;5;1;15;1.013;22;15,6;;;48;200;5;10;4;;
16726;1998;5;1;18;1.014;18,4;15;25;12,2;68;0;0;10;7;;
16726;1998;5;1;21;1.015;17;14,2;;;72;0;0;10;7;;
16726;1998;5;2;0;1.013,7;15;13;;;79;30;7;10;7;;
16726;1998;5;2;3;1.013,7;15;13;;;79;150;6;10;7;;
16726;1998;5;2;6;1.013,7;17;15;19;14,6;80;0;0;10;4;;
16726;1998;5;2;9;1.013;24,8;16,8;;;41;0;0;10;3;;
16726;1998;5;2;12;1.012,4;27;18;;;38;0;0;10;3;;
16726;1998;5;2;15;1.011;24;17;;;46;0;0;10;6;;
16726;1998;5;2;18;1.010;21;17;28;17;65;0;0;10;6;;
16726;1998;5;2;21;1.011;20;16,8;;;71;0;0;10;6;;
16726;1998;5;3;0;1.011;20;16,8;;;71;0;0;10;6;;
16726;1998;5;3;3;1.010,5;19,6;16,6;;;73;0;0;10;7;;
16726;1998;5;3;6;1.009,4;19;16,2;21;18,6;74;200;8;10;8;;
16726;1998;5;3;9;1.007,7;26;19;;;49;230;13;10;3;;
16726;1998;5;3;12;1.007,7;25,4;18,2;;;46;240;7;10;6;;
16726;1998;5;3;15;1.005,2;25,4;18,2;;;46;240;5;9;6;;
16726;1998;5;3;18;1.005,2;22,4;17,6;27;19;61;100;5;8;7;;
16726;1998;5;3;21;1.002,5;20,8;16,8;;;65;0;0;8;7;;
16726;1998;5;4;0;1.002,4;18,8;17,2;;;84;220;18;8;7;;
16726;1998;5;4;3;1.004;18,8;17,2;;;84;190;15;8;7;;
16726;1998;5;4;6;1.006;20;16,8;25;18,6;71;220;12;4;8;;
16726;1998;5;4;9;1.007,7;20;18;;;81;180;8;4;8;;
16726;1998;5;4;12;1.008,2;23;17,4;;;54;200;8;2;6;;
16726;1998;5;4;15;1.007,9;21,8;16,2;;;53;270;10;4;5;;
16726;1998;5;4;18;1.009;17,6;14,4;23,2;17,6;68;0;0;5;3;;
16726;1998;5;4;21;;;;;;100;;;;;;
16726;1998;5;5;0;1.010,5;12,2;11,8;;;95;240;5;8;6;;
16726;1998;5;5;3;1.010;12;11,4;;;93;0;0;8;4;;
16726;1998;5;5;6;1.009,5;15,6;14;18;11;83;0;0;8;3;;
16726;1998;5;5;9;1.009,2;20;16,2;;;66;200;5;10;3;;
16726;1998;5;5;12;1.009,2;21;16;;;57;330;10;10;4;;
16726;1998;5;5;15;1.009;22;16;;;51;350;13;10;4;;
16726;1998;5;5;18;1.009,7;18;14;23;15,6;62;20;9;10;6;;
16726;1998;5;5;21;1.011;15;13;;;79;0;0;10;2;;
16726;1998;5;6;0;1.010,9;10;10;;;100;350;6;10;2;;
16726;1998;5;6;3;1.010,5;9;9;;;100;360;5;10;1;;
16726;1998;5;6;6;1.012;14,4;13,2;18;9;87;0;0;10;0;;
16726;1998;5;6;9;1.013,4;20;15,8;;;63;180;7;10;2;;
16726;1998;5;6;12;1.013,7;21;17,2;;;67;160;7;10;5;;
16726;1998;5;6;15;1.013;23;17,2;;;53;20;12;10;3;;
16726;1998;5;6;18;1.014,5;18;14,2;23;14,4;64;360;10;10;6;;
16726;1998;5;6;21;1.015;15;13;;;79;360;6;10;4;;
16726;1998;5;7;0;1.015;15;13;;;79;360;5;10;4;;
16726;1998;5;7;3;1.014;14;11,8;;;76;360;5;10;4;;
16726;1998;5;7;6;1.016,4;16,2;13,6;18;12,6;74;0;0;10;5;;
16726;1998;5;7;9;1.017,7;21,2;16,2;;;57;0;0;10;0;;
16726;1998;5;7;12;1.017,7;23;16;;;45;180;7;10;1;;
16726;1998;5;7;15;1.017;23;16;;;45;200;7;10;2;;
16726;1998;5;7;18;1.017;17,8;13,8;23,6;16,2;62;0;0;10;0;;
16726;1998;5;7;21;1.017,7;15;13;;;79;360;5;10;0;;
16726;1998;5;8;0;1.019;11,4;10,2;;;85;360;5;10;0;;
16726;1998;5;8;3;1.020;11,4;10,2;;;85;360;6;10;0;;
16726;1998;5;8;6;1.019,9;18,4;15;24,6;11;68;20;7;10;0;;
16726;1998;5;8;9;1.020,7;24;17;;;46;210;8;10;1;;
16726;1998;5;8;12;1.020,5;24,4;17,6;;;49;200;4;10;2;;
16726;1998;5;8;15;1.019;23,8;17,8;;;53;200;6;10;2;;
16726;1998;5;8;18;1.019,4;21,2;14;24,4;18,4;41;0;0;10;3;;
16726;1998;5;8;21;1.020,2;19,2;12,6;;;43;350;5;10;1;;
16726;1998;5;9;0;1.018,7;18;12;;;45;350;5;10;3;;
16726;1998;5;9;3;1.017;16;12;;;60;360;6;10;5;;
16726;1998;5;9;6;1.016,2;16,8;12,8;21,2;15,4;61;360;5;10;8;;
16726;1998;5;9;9;1.015,5;18;15;;;71;360;6;10;7;0;
16726;1998;5;9;12;1.013,7;16;14;;;79;0;0;8;8;1,2;
16726;1998;5;9;15;1.012;15,2;14;;;87;170;4;6;8;0,8;
16726;1998;5;9;18;1.010,2;15,2;14;19;15;87;0;0;5;7;5,6;
16726;1998;5;9;21;1.010;13,4;13;;;95;340;6;5;7;0;
16726;1998;5;10;0;1.008,5;13,4;13;;;95;10;5;7;7;;
16726;1998;5;10;3;1.007,2;13,4;13;;;95;360;4;7;6;;
16726;1998;5;10;6;1.007,7;15,2;14;15,4;13;87;360;5;8;6;0;
16726;1998;5;10;9;1.009,2;19,4;17;;;78;200;6;10;4;;
16726;1998;5;10;12;1.010;18,4;16,4;;;80;180;10;10;6;;
16726;1998;5;10;15;1.010;18,4;16,4;;;80;180;6;10;6;;
16726;1998;5;10;18;1.010,4;16;15;20;15,2;89;0;0;10;4;;
16726;1998;5;10;21;1.011,7;14;13,6;;;95;0;0;10;4;;
16726;1998;5;11;0;1.011,7;14;13,6;;;95;0;0;10;4;;
16726;1998;5;11;3;1.011;12,4;12;;;95;0;0;10;3;;
16726;1998;5;11;6;1.011;16;14;16,4;11,6;79;10;8;10;3;;
16726;1998;5;11;9;1.011;21,6;18;;;69;160;6;10;4;;
16726;1998;5;11;12;1.012;19,6;16,6;;;73;200;14;10;7;;
16726;1998;5;11;15;1.012,7;17,2;16,6;;;94;120;6;3;8;0,6;
16726;1998;5;11;18;1.012,5;16,4;16;21,6;16;96;0;0;10;6;6,3;
16726;1998;5;11;21;1.013;15,2;15,2;;;100;0;0;10;6;;
16726;1998;5;12;0;1.012,5;14;14;;;100;0;0;7;6;;
16726;1998;5;12;3;1.012;13;13;;;100;360;5;6;3;;
16726;1998;5;12;6;1.012,2;13,8;13,6;16,4;12;98;0;0;8;4;;
16726;1998;5;12;9;1.012,4;20;17,6;;;78;0;0;8;6;;
16726;1998;5;12;12;1.012,7;19,4;17;;;78;180;7;8;5;;
16726;1998;5;12;15;1.013,4;17;16;;;90;0;0;4;7;9,4;
16726;1998;5;12;18;1.013,5;17;17;22;13,6;100;0;0;8;5;10,2;
16726;1998;5;12;21;1.014;15;15;;;100;340;4;5;5;;
16726;1998;5;13;0;1.014,5;14;14;;;100;360;7;5;6;;
16726;1998;5;13;3;1.013,5;15;15;;;100;360;5;7;5;;
16726;1998;5;13;6;1.014,5;16,2;15,4;17;14;91;0;0;8;3;;
16726;1998;5;13;9;1.014,9;20,8;17,4;;;70;170;8;10;4;;
16726;1998;5;13;12;1.014,7;20,6;17,4;;;71;180;8;10;6;;
16726;1998;5;13;15;1.014,5;19,2;17,8;;;87;200;8;8;4;;
16726;1998;5;13;18;1.014,5;18,2;17,4;22,2;16,2;92;0;0;8;3;;
16726;1998;5;13;21;1.015,9;16;16;;;100;0;0;0,1;1;;
16726;1998;5;14;0;1.015,4;14,8;14,8;;;100;0;0;0,5;3;;
16726;1998;5;14;3;1.015;11,6;11,6;;;100;0;0;0,1;3;;
16726;1998;5;14;6;1.014,7;15,2;14;19;11,4;87;0;0;8;0;;
16726;1998;5;14;9;1.014,4;23;18;;;59;0;0;8;0;;
16726;1998;5;14;12;1.014,4;23;18;;;59;210;10;8;2;;
16726;1998;5;14;15;1.014;21,2;17,6;;;69;0;0;8;4;;
16726;1998;5;14;18;1.014;18,8;17,6;24;15,2;88;0;0;8;3;;
16726;1998;5;14;21;1.014;16,2;14,8;;;85;0;0;10;1;;
16726;1998;5;15;0;1.014;14,8;14,8;;;100;0;0;10;1;;
16726;1998;5;15;3;1.013,2;11,4;11,4;;;100;360;6;10;1;;
16726;1998;5;15;6;1.013,5;16,4;15;18,8;11,4;85;0;0;8;1;;
16726;1998;5;15;9;1.014,4;22,6;17;;;54;200;6;8;1;;
16726;1998;5;15;12;1.013,4;23;18;;;59;190;9;10;5;;
16726;1998;5;15;15;1.013,4;22,4;17,6;;;61;200;9;10;4;;
16726;1998;5;15;18;1.011,9;19,2;17,8;25;16,4;87;0;0;10;7;;
16726;1998;5;15;21;1.011,5;16,2;14,8;;;85;10;8;10;8;;
16726;1998;5;16;0;1.010;15;13;;;79;360;7;10;7;;
16726;1998;5;16;3;1.008,2;15,6;13;;;73;350;6;10;7;;
16726;1998;5;16;6;1.006,9;18;15;19,6;15;71;0;0;10;8;;
16726;1998;5;16;9;1.006,7;21,4;17,2;;;64;0;0;10;8;;
16726;1998;5;16;12;1.005;23;18;;;59;0;0;10;8;;
16726;1998;5;16;15;1.003,9;22;17;;;58;0;0;10;8;;
16726;1998;5;16;18;1.004;19;17;23;15;81;0;0;10;8;;
16726;1998;5;16;21;1.004,5;18,4;16,8;;;84;0;0;10;8;;
16726;1998;5;17;0;1.004,5;16,2;14,8;;;85;0;0;10;8;;
16726;1998;5;17;3;1.004,7;15,6;14;;;83;0;0;10;6;;
16726;1998;5;17;6;1.005,7;19;16,2;19;15,2;74;20;8;10;4;;
16726;1998;5;17;9;1.007,4;22,4;17,6;;;61;0;0;6;6;;
16726;1998;5;17;12;1.008,2;22;18,4;;;69;190;12;6;6;;
16726;1998;5;17;15;1.009,4;21,4;17,6;;;67;60;12;8;6;0,1;
16726;1998;5;17;18;1.011;18,8;15,6;23,4;18,8;70;20;13;8;3;0,1;
16726;1998;5;17;21;1.013,2;14,6;13,6;;;89;360;6;8;2;;
16726;1998;5;18;0;1.013,5;13;12,4;;;93;360;8;8;1;;
16726;1998;5;18;3;1.013,7;11,2;11;;;97;360;7;8;1;;
16726;1998;5;18;6;1.013,7;13;12,4;19;10,6;93;0;0;8;3;;
16726;1998;5;18;9;1.014;22;15,4;;;46;180;8;10;6;;
16726;1998;5;18;12;1.013,5;21;15,4;;;52;180;12;8;8;0;
16726;1998;5;18;15;1.012,5;18,4;15,4;;;71;200;4;8;3;0,9;
16726;1998;5;18;18;1.012,4;16,8;15,6;22;13;88;150;4;7;5;0,9;
16726;1998;5;18;21;1.012;14,6;13,6;;;89;110;4;10;4;;
16726;1998;5;19;0;1.011,5;12,8;12,2;;;93;350;4;10;4;1,2;
16726;1998;5;19;3;1.011,2;11,2;11,2;;;100;0;0;10;4;;
16726;1998;5;19;6;1.011,2;15;14,2;16,8;10,6;91;0;0;8;3;1,2;
16726;1998;5;19;9;1.011,5;18,4;14;;;59;350;12;10;5;0,1;
16726;1998;5;19;12;1.011;20;14,8;;;55;350;11;10;7;0,1;
16726;1998;5;19;15;1.010,9;19;15,4;;;66;360;13;10;4;;
16726;1998;5;19;18;1.012;18;14;21;15;62;360;5;10;3;0,2;
16726;1998;5;19;21;1.013,7;14;13;;;89;360;6;10;2;;
16726;1998;5;20;0;1.013,5;12;11;;;88;360;6;8;1;;
16726;1998;5;20;3;1.013;11,4;11;;;95;360;7;8;2;;
16726;1998;5;20;6;1.012,7;17,4;14,2;18;11,4;68;360;6;10;1;;
16726;1998;5;20;9;1.012,7;21,2;15,4;;;51;360;12;10;3;;
16726;1998;5;20;12;1.012,2;22,4;15,4;;;43;340;13;10;3;;
16726;1998;5;20;15;1.012,2;21,4;15,4;;;49;360;13;10;3;;
16726;1998;5;20;18;1.012,7;18;15;23;17,4;71;20;13;10;2;;
16726;1998;5;20;21;1.013,7;14,8;13,8;;;89;360;5;10;2;;
16726;1998;5;21;0;1.013,4;13,8;13;;;91;330;5;10;1;;
16726;1998;5;21;3;1.012,5;12,4;11,2;;;86;360;8;10;1;;
16726;1998;5;21;6;1.012,7;18;15;18;11;71;20;10;10;1;;
16726;1998;5;21;9;1.013;22;17;;;58;20;10;10;3;;
16726;1998;5;21;12;1.012,4;24;17,2;;;47;10;6;10;3;;
16726;1998;5;21;15;1.012,2;23,4;18;;;57;10;16;10;3;;
16726;1998;5;21;18;1.012,7;19;16;25,6;18;72;360;9;10;2;;
16726;1998;5;21;21;1.013,5;16,4;15;;;85;360;8;10;1;;
16726;1998;5;22;0;1.013,4;14,8;13,8;;;89;360;8;10;1;;
16726;1998;5;22;3;1.012,7;13,4;13;;;95;360;7;10;1;;
16726;1998;5;22;6;1.013;17,6;15,6;19;13,2;80;360;11;10;3;;
16726;1998;5;22;9;1.012,2;23,4;18,4;;;59;360;7;10;3;;
16726;1998;5;22;12;1.011;26,6;18,4;;;41;360;6;10;2;;
16726;1998;5;22;15;1.010,5;26;18;;;42;360;10;10;2;;
16726;1998;5;22;18;1.011,2;20;16,4;27;17,6;67;360;12;10;1;;
16726;1998;5;22;21;1.012,7;17,2;15;;;78;360;7;10;1;;
16726;1998;5;23;0;1.012,2;14;13;;;89;360;8;10;1;;
16726;1998;5;23;3;1.011;12;12;;;100;360;9;10;0;;
16726;1998;5;23;6;1.010,7;18;15;20;12;71;360;7;10;0;;
16726;1998;5;23;9;1.011,7;23;16,2;;;46;180;6;10;1;;
16726;1998;5;23;12;1.011,9;24;17,6;;;51;180;11;10;1;;
16726;1998;5;23;15;1.011,2;24,8;17,4;;;44;190;8;10;1;;
16726;1998;5;23;18;1.011,9;21,4;17;24,8;18;62;0;0;10;0;;
16726;1998;5;23;21;1.013,2;16;14,4;;;83;360;6;10;0;;
16726;1998;5;24;0;1.013;14;13,2;;;91;0;0;10;0;;
16726;1998;5;24;3;1.013;14;13,2;;;91;0;0;10;0;;
16726;1998;5;24;6;1.012,5;15,2;13,4;21,4;12;80;0;0;10;2;;
16726;1998;5;24;9;1.013,5;22,4;17;;;56;170;9;10;1;;
16726;1998;5;24;12;1.013,2;24;17,4;;;48;180;10;10;1;;
16726;1998;5;24;15;1.013,2;23,4;17,6;;;54;180;10;10;1;;
16726;1998;5;24;18;1.013,2;19;17;26;15,2;81;180;5;10;1;;
16726;1998;5;24;21;1.014;17,6;16;;;84;0;0;10;1;;
16726;1998;5;25;0;1.013,7;16,8;15,4;;;85;0;0;10;1;;
16726;1998;5;25;3;1.013,2;11,6;11;;;93;0;0;10;1;;
16726;1998;5;25;6;1.013,7;15;13,8;19;11,4;87;10;8;10;6;;
16726;1998;5;25;9;1.014,4;21;16,6;;;62;0;0;10;6;0,4;
16726;1998;5;25;12;1.011;20;17,6;;;78;200;10;8;4;0,6;
16726;1998;5;25;15;1.008,7;22,6;17,4;;;57;210;10;10;7;;
16726;1998;5;25;18;1.008,5;20,6;17;25;15;68;240;5;10;4;1;
16726;1998;5;25;21;1.009,2;20,4;16,4;;;64;220;9;10;4;0;
16726;1998;5;26;0;1.008,5;18,2;15,6;;;75;0;0;10;2;;
16726;1998;5;26;3;1.007;20,8;17,6;;;72;180;13;10;4;;
16726;1998;5;26;6;1.007,2;20,4;18,8;21;18;85;210;10;4;7;0;
16726;1998;5;26;9;1.008,2;21,4;19,4;;;82;180;8;4;7;;
16726;1998;5;26;12;1.008,2;25;20,4;;;64;180;10;10;4;;
16726;1998;5;26;15;1.008,7;25;19;;;54;340;10;10;4;;
16726;1998;5;26;18;1.009,7;21;17,8;26;20;72;20;10;10;4;;
16726;1998;5;26;21;1.011,7;19,4;17;;;78;360;6;10;4;;
16726;1998;5;27;0;1.011,7;16,8;15,4;;;85;360;6;10;2;;
16726;1998;5;27;3;1.011,7;13,2;12,8;;;95;360;4;10;2;;
16726;1998;5;27;6;1.011,7;20;17;21;13;73;0;0;10;3;;
16726;1998;5;27;9;1.013,7;24;18,6;;;58;360;6;10;3;;
16726;1998;5;27;12;1.013;23,8;19,4;;;64;170;7;10;3;;
16726;1998;5;27;15;1.012,4;24,8;18;;;49;10;22;10;2;;
16726;1998;5;27;18;1.013,2;21;17,4;25,6;20;68;30;13;10;1;;
16726;1998;5;27;21;1.014,9;18,6;16,6;;;81;20;14;10;1;;
16726;1998;5;28;0;1.014,5;15;14,4;;;93;360;8;10;1;;
16726;1998;5;28;3;1.014,5;14;13,4;;;93;360;10;10;2;;
16726;1998;5;28;6;1.014,7;19,2;15,8;21;14;69;360;5;10;0;;
16726;1998;5;28;9;1.015,7;23,2;18,4;;;61;180;6;10;3;;
16726;1998;5;28;12;1.015,4;25;19;;;54;200;8;10;4;;
16726;1998;5;28;15;1.014,5;23,6;18,4;;;58;200;8;10;4;;
16726;1998;5;28;18;1.014,7;20;18;26;19,2;81;200;6;10;5;;
16726;1998;5;28;21;1.016;19;18;;;90;0;0;10;5;;
16726;1998;5;29;0;1.015;17,4;16;;;86;0;0;10;5;;
16726;1998;5;29;3;1.014,5;16,4;15,8;;;94;0;0;10;5;;
16726;1998;5;29;6;1.014,7;19;18,2;20;15,8;92;0;0;4;7;;
16726;1998;5;29;9;1.014;20,2;18,6;;;85;0;0;6;8;;
16726;1998;5;29;12;1.013,2;20;18,4;;;85;250;6;6;8;0,9;
16726;1998;5;29;15;1.013,7;15,2;14,8;;;96;30;9;4;8;4,8;
16726;1998;5;29;18;1.012,2;15,2;15;20,8;14,6;98;360;5;8;2;9,5;
16726;1998;5;29;21;1.013,5;13,8;13,6;;;98;350;5;8;1;;
16726;1998;5;30;0;1.013,2;13;12,8;;;98;0;0;10;1;;
16726;1998;5;30;3;1.013,2;13;12,8;;;98;0;0;10;1;;
16726;1998;5;30;6;1.013,7;17,6;17;17,6;12,6;94;0;0;10;2;;
16726;1998;5;30;9;1.014,4;21,6;19;;;77;0;0;8;2;;
16726;1998;5;30;12;1.014,4;23,8;19,4;;;64;220;8;10;4;;
16726;1998;5;30;15;1.014,4;25;18,8;;;53;220;8;10;3;;
16726;1998;5;30;18;1.013,5;20,4;18;25,8;17,6;78;20;12;10;3;;
16726;1998;5;30;21;1.013,5;19;18;;;90;360;5;10;1;;
16726;1998;5;31;0;1.013,5;17,6;17;;;94;360;6;10;1;;
16726;1998;5;31;3;1.013,5;15,8;15,8;;;100;0;0;10;0;;
16726;1998;5;31;6;1.014,5;19,6;18;20,4;15;85;0;0;10;0;;
16726;1998;5;31;9;1.015,2;24,4;20;;;65;0;0;10;1;;
16726;1998;5;31;12;1.014,7;24;20;;;68;190;12;10;2;;
16726;1998;5;31;15;1.014,5;25;20;;;61;180;5;10;3;;
16726;1998;5;31;18;1.015;22;19;25,2;19,6;74;30;14;10;1;;
16726;1998;5;31;21;1.015,7;20;17,6;;;78;20;10;10;1;;
16726;1998;6;1;0;1.015,5;17,6;16;;;84;20;10;10;1;;
16726;1998;6;1;3;1.015,8;16,2;15,8;;;96;20;5;10;1;;
16726;1998;6;1;6;1.016;21;18;22;15,8;73;20;13;8;1;;
16726;1998;6;1;9;1.016;26;19,8;;;54;20;12;10;1;;
16726;1998;6;1;12;1.016;27,2;21,2;;;56;30;12;10;3;;
16726;1998;6;1;15;1.015,1;29;20,8;;;45;20;13;10;1;;
16726;1998;6;1;18;1.015,8;24;19,2;29;21;62;20;9;10;2;;
16726;1998;6;1;21;1.016,3;20,6;17,6;;;73;20;8;10;0;;
16726;1998;6;2;0;1.015,5;19,8;17;;;74;360;8;10;0;;
16726;1998;6;2;3;1.014,5;19;16;;;72;10;13;10;1;;
16726;1998;6;2;6;1.014,5;24;19;24;18;60;20;12;10;0;;
16726;1998;6;2;9;1.014,5;29;20,8;;;45;20;8;10;0;;
16726;1998;6;2;12;1.012,7;31,6;20,8;;;34;360;8;10;2;;
16726;1998;6;2;15;1.012,2;29,2;20,4;;;41;30;16;10;2;;
16726;1998;6;2;18;1.012,4;25,4;18,4;32,4;24;48;20;14;10;0;;
16726;1998;6;2;21;1.013,6;23;18;;;59;360;8;10;0;;
16726;1998;6;3;0;1.013,6;19,8;17;;;74;360;7;10;0;;
16726;1998;6;3;3;1.013,6;17;15;;;80;360;5;10;0;;
16726;1998;6;3;6;1.014,5;23;19;25,4;17;67;360;5;10;0;;
16726;1998;6;3;9;1.014,9;28;20;;;45;200;6;10;1;;
16726;1998;6;3;12;1.014,7;27,6;17,5;;;33;200;11;10;1;;
16726;1998;6;3;15;1.014,7;25,2;20,4;;;62;160;10;10;4;;
16726;1998;6;3;18;1.016;22,6;20;28,8;22,6;78;0;0;10;2;;
16726;1998;6;3;21;1.017,4;18,4;17,8;;;94;0;0;10;1;;
16726;1998;6;4;0;1.017;16,8;16;;;92;360;6;10;1;;
16726;1998;6;4;3;1.016,7;16,2;15,2;;;89;350;9;10;0;;
16726;1998;6;4;6;1.017,4;22;18,6;22,6;15,8;71;0;0;10;0;;
16726;1998;6;4;9;1.017,7;29;21,4;;;48;210;7;10;1;;
16726;1998;6;4;12;1.017,1;28;20;;;45;220;8;10;2;;
16726;1998;6;4;15;1.016,7;27,2;20,6;;;53;220;8;10;3;;
16726;1998;6;4;18;1.017,6;23;20;30;22;75;0;0;10;3;;
16726;1998;6;4;21;1.018,4;20;19;;;91;0;0;10;1;;
16726;1998;6;5;0;1.018,4;18;16,8;;;88;0;0;10;0;;
16726;1998;6;5;3;1.017,1;16,6;15,2;;;85;360;5;10;0;;
16726;1998;6;5;6;1.018,1;22;18,6;23;16,6;71;360;5;10;0;;
16726;1998;6;5;9;1.018,6;26,4;20,4;;;55;180;6;10;1;;
16726;1998;6;5;12;1.017,7;27,2;20,8;;;54;190;9;10;3;;
16726;1998;6;5;15;1.017,3;25,4;20,4;;;61;180;12;10;3;;
16726;1998;6;5;18;1.017,8;22,2;20;27,2;22;81;0;0;10;4;;
16726;1998;6;5;21;1.017,8;20;19;;;91;0;0;10;1;;
16726;1998;6;6;0;1.017,8;18;18;;;100;0;0;10;0;;
16726;1998;6;6;3;1.017,8;14;14;;;100;0;0;10;0;;
16726;1998;6;6;6;1.017,6;18,6;17,4;22,8;14;88;0;0;10;0;;
16726;1998;6;6;9;1.017;26,8;20,8;;;56;190;6;10;2;;
16726;1998;6;6;12;1.016,8;27,8;21;;;52;180;11;10;2;;
16726;1998;6;6;15;1.016,3;27,6;21,4;;;55;180;8;10;4;;
16726;1998;6;6;18;1.016,3;23;21;28,4;18,6;83;0;0;10;5;;
16726;1998;6;6;21;1.016,7;19,6;19;;;94;0;0;8;2;;
16726;1998;6;7;0;1.016,6;18,2;17,8;;;96;0;0;8;1;;
16726;1998;6;7;3;1.015,3;15,4;15;;;96;0;0;10;0;;
16726;1998;6;7;6;1.015,1;21,2;18,4;23;15,4;75;0;0;10;0;;
16726;1998;6;7;9;1.015,8;28,2;18,6;;;37;180;5;10;0;;
16726;1998;6;7;12;1.014,7;29;21,8;;;51;180;10;10;0;;
16726;1998;6;7;15;1.014,9;27;20;;;50;180;8;10;4;;
16726;1998;6;7;18;1.015,3;24;20;29,6;21;68;0;0;10;3;;
16726;1998;6;7;21;1.015,4;20,6;18;;;77;0;0;10;1;;
16726;1998;6;8;0;1.015,1;19;17;;;81;0;0;10;1;;
16726;1998;6;8;3;1.015,1;18,6;16,8;;;83;0;0;10;1;;
16726;1998;6;8;6;1.014,6;23;20;24;17,8;75;360;8;10;1;;
16726;1998;6;8;9;1.015,1;29,4;21;;;44;0;0;10;1;;
16726;1998;6;8;12;1.014,5;30;22;;;47;220;10;10;1;;
16726;1998;6;8;15;1.013,6;30,6;20;;;34;20;18;10;1;;
16726;1998;6;8;18;1.014,1;26;18,8;30,6;23;48;20;14;10;1;;
16726;1998;6;8;21;1.014,2;21,4;17,2;;;64;360;7;10;0;;
16726;1998;6;9;0;1.014,6;18,6;17,4;;;88;350;7;10;0;;
16726;1998;6;9;3;1.013,8;18,2;17;;;88;360;9;10;0;;
16726;1998;6;9;6;1.013,4;23;19,2;26;18;68;360;5;10;1;;
16726;1998;6;9;9;1.013,6;29,6;20,2;;;39;360;5;10;3;;
16726;1998;6;9;12;1.012,3;33;22,4;;;37;180;10;10;4;;
16726;1998;6;9;15;1.011,3;29,2;22;;;51;170;6;10;2;;
16726;1998;6;9;18;1.012,7;25,6;21;33,6;23;65;20;7;10;4;;
16726;1998;6;9;21;1.013,6;21,2;20;;;89;360;5;10;1;;
16726;1998;6;10;0;1.011,4;19;18,2;;;92;360;4;10;2;;
16726;1998;6;10;3;1.011,1;18,6;17,6;;;90;0;0;10;5;;
16726;1998;6;10;6;1.011,5;20,2;18,2;25,6;18,2;81;360;4;8;7;0;
16726;1998;6;10;9;1.013;23;20,4;;;78;0;0;8;7;0,8;
16726;1998;6;10;12;1.012,4;25;20;;;61;0;0;8;7;;
16726;1998;6;10;15;1.010,7;26;20,4;;;58;360;5;10;5;;
16726;1998;6;10;18;1.010,4;24;21,4;26,8;20,2;78;0;0;10;6;0,8;
16726;1998;6;10;21;1.011;23;20,2;;;76;0;0;10;6;;
16726;1998;6;11;0;1.010,4;19;18,2;;;92;0;0;10;4;;
16726;1998;6;11;3;1.009;17;16,4;;;94;0;0;10;2;;
16726;1998;6;11;6;1.010;20,8;18,4;26,4;17;78;0;0;8;1;;
16726;1998;6;11;9;1.010,7;26,2;19,6;;;52;210;8;10;1;;
16726;1998;6;11;12;1.010,4;25,8;22;;;70;210;12;10;1;;
16726;1998;6;11;15;1.010;24,6;22,2;;;80;210;12;10;2;;
16726;1998;6;11;18;1.009,6;22,6;22;26,4;20,8;95;230;4;6;5;;
16726;1998;6;11;21;1.009,6;20,6;19,8;;;93;0;0;6;6;;
16726;1998;6;12;0;1.009,6;20,2;18;;;80;0;0;6;6;;
16726;1998;6;12;3;1.010,2;18,2;17,8;;;96;0;0;8;2;;
16726;1998;6;12;6;1.011,4;20,8;19,2;22,6;18,2;85;0;0;6;1;;
16726;1998;6;12;9;1.011,8;25,2;21;;;67;200;8;8;1;;
16726;1998;6;12;12;1.011,5;26,4;22;;;67;180;10;10;1;;
16726;1998;6;12;15;1.010,9;26,4;22;;;67;180;10;10;1;;
16726;1998;6;12;18;1.010,6;24;21,2;26,4;20,8;77;170;6;10;1;;
16726;1998;6;12;21;1.011;21,6;19,8;;;84;0;0;10;1;;
16726;1998;6;13;0;1.011;20,6;19;;;85;0;0;10;2;;
16726;1998;6;13;3;1.010,4;20;18,6;;;87;0;0;10;2;;
16726;1998;6;13;6;1.010,5;21;19;24;19,4;82;0;0;10;4;;
16726;1998;6;13;9;1.010,5;26,6;19,8;;;51;360;6;10;4;;
16726;1998;6;13;12;1.010,7;27;19,8;;;49;360;12;10;3;;
16726;1998;6;13;15;1.011,1;25,4;16,2;;;34;350;15;10;2;;
16726;1998;6;13;18;1.011,9;20,6;15,4;27,4;20,6;55;340;8;10;2;;
16726;1998;6;13;21;1.012,8;16,6;14,8;;;82;360;5;10;1;;
16726;1998;6;14;0;1.012,4;17,2;14,6;;;74;360;5;10;3;;
16726;1998;6;14;3;1.012,7;17,2;14,6;;;74;360;5;10;1;;
16726;1998;6;14;6;1.013;20,6;16,4;20,6;15,6;63;10;10;10;1;;
16726;1998;6;14;9;1.013;24;17;;;46;360;12;10;1;;
16726;1998;6;14;12;1.013;25,8;18;;;43;360;12;10;3;;
16726;1998;6;14;15;1.013;25,6;17,4;;;40;340;16;10;3;;
16726;1998;6;14;18;1.014;21,4;16,6;26,6;20,6;60;360;10;10;1;;
16726;1998;6;14;21;1.015,1;18,8;16;;;74;360;8;10;1;;
16726;1998;6;15;0;1.015,8;17;15;;;80;360;8;10;1;;
16726;1998;6;15;3;1.015,1;17,2;13,8;;;67;360;10;10;0;;
16726;1998;6;15;6;1.016;21,2;15,2;21,8;15;49;20;10;10;0;;
16726;1998;6;15;9;1.016,4;25,6;16,2;;;33;150;8;10;0;;
16726;1998;6;15;12;1.016,3;25,2;17,2;;;41;170;8;10;3;;
16726;1998;6;15;15;1.015,7;27,6;18,4;;;37;20;10;10;2;;
16726;1998;6;15;18;1.016,2;24;18;28;21;53;10;13;10;3;;
16726;1998;6;15;21;1.017,3;20;15;;;56;360;10;10;3;;
16726;1998;6;16;0;1.017,3;17;15;;;80;360;8;10;0;;
16726;1998;6;16;3;1.016,6;16;14;;;79;360;7;10;0;;
16726;1998;6;16;6;1.017,1;22;17,2;24;15;60;0;0;10;0;;
16726;1998;6;16;9;1.017,4;26,8;18,8;;;44;180;5;10;0;;
16726;1998;6;16;12;1.017,3;26,2;19,6;;;52;200;9;10;0;;
16726;1998;6;16;15;1.017;26,4;18,2;;;41;190;8;10;1;;
16726;1998;6;16;18;1.016,4;23,6;18,4;28;22;58;0;0;10;0;;
16726;1998;6;16;21;1.017,3;17,6;15,4;;;78;350;5;10;0;;
16726;1998;6;17;0;1.016,8;17;15;;;80;0;0;10;0;;
16726;1998;6;17;3;1.016,7;15,2;13,8;;;85;340;7;10;0;;
16726;1998;6;17;6;1.016,4;23;18;23,6;15;59;360;5;10;0;;
16726;1998;6;17;9;1.016,2;26,4;19,8;;;52;180;6;10;0;;
16726;1998;6;17;12;1.014,6;28;20;;;45;180;9;10;0;;
16726;1998;6;17;15;1.013,8;28;21;;;51;210;5;10;1;;
16726;1998;6;17;18;1.013,8;24,4;20;29,2;23;65;0;0;10;1;;
16726;1998;6;17;21;1.014,7;24,4;20;;;65;20;12;10;1;;
16726;1998;6;18;0;1.013,7;22;18;;;66;20;10;10;1;;
16726;1998;6;18;3;1.013,4;21,6;18,2;;;70;360;8;10;1;;
16726;1998;6;18;6;1.013,4;24;18;26,6;18,6;53;360;11;10;0;;
16726;1998;6;18;9;1.013,3;31;21,8;;;42;360;12;10;0;;
16726;1998;6;18;12;1.012,8;32,2;20,4;;;29;360;10;10;0;;
16726;1998;6;18;15;1.012,4;30,2;20;;;36;10;20;10;0;;
16726;1998;6;18;18;1.012,7;26;18,8;32,2;24;48;10;21;10;0;;
16726;1998;6;18;21;1.013,7;21,8;16,4;;;54;10;20;10;0;;
16726;1998;6;19;0;1.013,6;18,6;16;;;75;10;14;10;0;;
16726;1998;6;19;3;1.013,3;17,2;15,2;;;80;360;7;10;0;;
16726;1998;6;19;6;1.014,2;22;18;33;16;66;0;0;10;0;;
16726;1998;6;19;9;1.014,7;26,6;20;;;52;210;7;10;2;;
16726;1998;6;19;12;1.015;26,6;19,8;;;51;180;12;10;1;;
16726;1998;6;19;15;1.014,6;25;19,8;;;60;180;12;10;2;;
16726;1998;6;19;18;1.014,7;23;19;27;22;67;180;8;10;2;;
16726;1998;6;19;21;1.015,9;19;18;;;90;0;0;10;1;;
16726;1998;6;20;0;1.015,9;16;15,2;;;91;350;4;10;1;;
16726;1998;6;20;3;1.015,9;16;15,2;;;91;350;4;10;2;;
16726;1998;6;20;6;1.016,4;18,4;17;23;15,4;86;0;0;10;3;;
16726;1998;6;20;9;1.017;24;18;;;53;180;10;10;5;;
16726;1998;6;20;12;1.016,7;24;19;;;60;160;14;10;5;;
16726;1998;6;20;15;1.016,3;24;19;;;60;180;12;10;5;;
16726;1998;6;20;18;1.017,4;19;18;27;18,4;90;0;0;10;3;0;
16726;1998;6;20;21;1.019,1;19;18;;;90;360;6;10;2;;
16726;1998;6;21;0;1.019;16;15,2;;;91;0;0;10;2;;
16726;1998;6;21;3;1.018,7;16;15,2;;;91;360;4;10;2;;
16726;1998;6;21;6;1.019;19;16;20,6;14,6;72;360;4;10;4;;
16726;1998;6;21;9;1.019;26;17,6;;;41;0;0;10;3;;
16726;1998;6;21;12;1.018,2;27;19,6;;;48;180;7;10;3;;
16726;1998;6;21;15;1.017,7;27,6;19,6;;;45;360;6;10;2;;
16726;1998;6;21;18;1.018,1;23,8;19,6;28,2;19;66;0;0;10;1;;
16726;1998;6;21;21;1.019;19;17,8;;;88;0;0;10;1;;
16726;1998;6;22;0;1.019;16;14,8;;;87;0;0;10;1;;
16726;1998;6;22;3;1.018,5;15;13,8;;;87;0;0;10;1;;
16726;1998;6;22;6;1.018,4;22;17;23,8;14,4;58;0;0;10;0;;
16726;1998;6;22;9;1.017,8;30,4;19;;;29;360;4;10;1;;
16726;1998;6;22;12;1.017,6;29;20;;;40;160;9;10;2;;
16726;1998;6;22;15;1.017;25,8;21,2;;;65;210;7;10;2;;
16726;1998;6;22;18;1.017,3;23,4;21;30,4;22;80;0;0;10;1;;
16726;1998;6;22;21;1.018;19,8;19,4;;;96;0;0;10;0;;
16726;1998;6;23;0;1.017,1;17,4;17;;;96;0;0;10;0;;
16726;1998;6;23;3;1.016,4;16;15;;;89;10;5;10;0;;
16726;1998;6;23;6;1.016;21;18;24;15;73;0;0;10;0;;
16726;1998;6;23;9;1.016,6;26,2;20,4;;;56;160;6;10;0;;
16726;1998;6;23;12;1.015,9;28;20,8;;;50;180;8;10;0;;
16726;1998;6;23;15;1.014,7;29,2;20,8;;;44;190;7;10;0;;
16726;1998;6;23;18;1.015;20;19;30;20;91;20;10;10;0;;
16726;1998;6;23;21;1.015,3;20,6;16,6;;;65;360;5;10;0;;
16726;1998;6;24;0;1.014,2;18,8;15,4;;;68;350;10;10;0;;
16726;1998;6;24;3;1.013;18;15;;;71;360;8;10;0;;
16726;1998;6;24;6;1.013,6;23;17,6;23;18;57;0;0;10;0;;
16726;1998;6;24;9;1.013,6;27,2;20,2;;;50;180;6;10;0;;
16726;1998;6;24;12;1.013,1;28,4;20;;;43;190;8;10;0;;
16726;1998;6;24;15;1.012,4;26,6;22,8;;;71;210;5;10;1;;
16726;1998;6;24;18;1.012,6;23,6;21,8;30,2;23;85;0;0;10;0;;
16726;1998;6;24;21;1.013,3;20;19,4;;;94;360;5;10;0;;
16726;1998;6;25;0;1.012,4;18;15,4;;;74;350;6;10;0;;
16726;1998;6;25;3;1.012;15,8;14,6;;;87;0;0;10;2;;
16726;1998;6;25;6;1.012,2;23;18;24;15,6;59;350;5;10;2;;
16726;1998;6;25;9;1.012,3;32,6;21;;;32;360;8;10;3;;
16726;1998;6;25;12;1.012,3;29,4;21;;;44;180;8;10;3;;
16726;1998;6;25;15;1.011,5;31,2;23,2;;;48;200;6;10;0;;
16726;1998;6;25;18;1.011,9;28,2;18,2;35;23;33;360;7;10;0;;
16726;1998;6;25;21;1.013,3;21,4;17,6;;;67;360;6;10;0;;
16726;1998;6;26;0;1.013,4;19,8;18,4;;;87;350;6;10;0;;
16726;1998;6;26;3;1.012,6;18,6;16,4;;;79;0;0;10;0;;
16726;1998;6;26;6;1.013,3;23;18,2;28,2;18,6;61;360;6;10;0;;
16726;1998;6;26;9;1.013,4;33,4;20,6;;;27;360;5;10;0;;
16726;1998;6;26;12;1.013,6;31;21,4;;;39;180;8;10;1;;
16726;1998;6;26;15;1.012,8;34,2;20;;;23;20;13;10;0;;
16726;1998;6;26;18;1.013;29,2;18,6;35;23;33;20;12;10;0;;
16726;1998;6;26;21;1.013,8;24;16,2;;;41;360;5;10;0;;
16726;1998;6;27;0;1.013,8;19;15,6;;;69;360;5;10;0;;
16726;1998;6;27;3;1.013,8;17,2;14,8;;;76;360;5;10;0;;
16726;1998;6;27;6;1.013,3;26;20;29,2;16,2;55;360;5;10;0;;
16726;1998;6;27;9;1.014,6;27,4;21;;;54;170;9;10;0;;
16726;1998;6;27;12;1.014,7;29;22;;;52;180;12;10;1;;
16726;1998;6;27;15;1.015;28;21,8;;;56;160;9;10;1;;
16726;1998;6;27;18;1.015,4;25,2;21;30;24;67;0;0;10;1;;
16726;1998;6;27;21;1.015,8;20,2;19;;;89;0;0;10;0;;
16726;1998;6;28;0;1.015,5;18;17,2;;;92;360;5;10;0;;
16726;1998;6;28;3;1.015,1;17,6;16,3;;;86;0;0;10;0;;
16726;1998;6;28;6;1.015,7;22,2;19,2;25,5;17;74;0;0;10;0;;
16726;1998;6;28;9;1.015,7;29,4;22,2;;;51;170;5;10;0;;
16726;1998;6;28;12;1.015,5;29;21,2;;;47;180;12;10;1;;
16726;1998;6;28;15;1.015,3;29,4;22,4;;;52;170;11;10;1;;
16726;1998;6;28;18;1.015,1;25,8;22,6;29,6;22,2;75;0;0;10;1;;
16726;1998;6;28;21;1.015,4;22,4;21;;;88;0;0;10;0;;
16726;1998;6;29;0;1.014,4;20,2;19,4;;;92;350;6;10;0;;
16726;1998;6;29;3;1.013,8;19,8;18,4;;;87;0;0;10;0;;
16726;1998;6;29;6;1.014,5;24,8;22,2;26;19,4;79;0;0;8;0;;
16726;1998;6;29;9;1.014,7;27,2;22,6;;;66;160;4;8;0;;
16726;1998;6;29;12;1.014,2;29,2;22,8;;;56;220;9;8;2;;
16726;1998;6;29;15;1.014;29,6;22,2;;;50;210;6;6;3;;
16726;1998;6;29;18;1.014,1;27;22,4;31;24,8;65;0;0;8;3;;
16726;1998;6;29;21;1.014,5;22,4;20;;;79;0;0;8;1;;
16726;1998;6;30;0;1.013,6;20;18,4;;;85;0;0;10;0;;
16726;1998;6;30;3;1.012,6;21,8;19;;;76;360;8;10;0;;
16726;1998;6;30;6;1.013,1;25,6;21,8;27,9;19,5;70;0;0;8;0;;
16726;1998;6;30;9;1.012,8;29,6;23;;;55;160;6;8;0;;
16726;1998;6;30;12;1.012,8;31,8;22,8;;;44;210;12;8;2;;
16726;1998;6;30;15;1.012,2;31,4;22,2;;;42;230;10;6;2;;
16726;1998;6;30;18;1.012,6;27,4;23,4;34;25,6;70;0;0;8;2;;
16726;1998;6;30;21;1.012,7;23,6;21,6;;;83;0;0;8;2;;
16726;1998;7;1;0;1.011,8;20,6;19,4;;;89;0;0;10;0;;
16726;1998;7;1;3;1.011,5;19,2;17,8;;;87;0;0;10;0;;
16726;1998;7;1;6;1.011,7;26;20;26;19;55;0;0;8;0;;
16726;1998;7;1;9;1.011,3;31;24;;;54;0;0;8;0;;
16726;1998;7;1;12;1.010,5;33,6;24;;;43;190;9;6;0;;
16726;1998;7;1;15;1.009,1;37,6;21,6;;;21;10;15;8;0;;
16726;1998;7;1;18;1.009,6;32;20,4;38,5;18,5;31;20;15;8;0;;
16726;1998;7;1;21;1.010,5;25,6;19,2;;;52;350;9;8;0;;
16726;1998;7;2;0;1.010,4;23;18,8;;;66;50;5;10;0;;
16726;1998;7;2;3;1.010,5;20,4;17,4;;;73;0;0;10;0;;
16726;1998;7;2;6;1.011;25,2;20,4;32;20,2;62;0;0;8;0;;
16726;1998;7;2;9;1.011,3;33;23,4;;;42;160;5;8;0;;
16726;1998;7;2;12;1.010,9;33,6;24,4;;;44;210;8;8;0;;
16726;1998;7;2;15;1.010,7;32;23;;;44;220;7;8;0;;
16726;1998;7;2;18;1.010,6;28,8;23,2;34,6;25,2;60;0;0;8;0;;
16726;1998;7;2;21;1.010,6;25,2;20,4;;;62;0;0;8;0;;
16726;1998;7;3;0;1.009,7;25,4;19,6;;;56;360;7;8;0;;
16726;1998;7;3;3;1.009,1;23,6;17;;;48;360;12;8;0;;
16726;1998;7;3;6;1.009,8;27,2;20;29;22,5;49;360;8;8;0;;
16726;1998;7;3;9;1.009,4;40,4;22,6;;;18;360;10;8;0;;
16726;1998;7;3;12;1.009,3;42,6;24,8;;;20;360;20;8;0;;
16726;1998;7;3;15;1.008,8;41,8;24;;;19;350;15;8;0;;
16726;1998;7;3;18;1.009,1;35,2;23,6;43,5;27;36;10;7;8;0;;
16726;1998;7;3;21;1.010,2;30;20,6;;;40;360;6;10;0;;
16726;1998;7;4;0;1.009,8;27,4;20,4;;;50;360;6;10;0;;
16726;1998;7;4;3;1.008,3;24,2;20;;;66;360;6;10;0;;
16726;1998;7;4;6;1.008,2;26;20;35,2;23;55;340;8;10;0;;
16726;1998;7;4;9;1.007,8;38,2;21,8;;;21;20;10;8;0;;
16726;1998;7;4;12;1.006,6;39,4;22,6;;;20;20;17;8;0;;
16726;1998;7;4;15;1.006,5;35,8;22,4;;;29;10;17;8;0;;
16726;1998;7;4;18;1.006,7;30,4;20,4;40,5;26;36;340;13;10;0;;
16726;1998;7;4;21;1.007,9;26,4;20,6;;;57;360;13;10;0;;
16726;1998;7;5;0;1.007,8;25,2;19;;;53;20;18;10;0;;
16726;1998;7;5;3;1.007,7;22,2;19,2;;;74;10;18;10;0;;
16726;1998;7;5;6;1.008,2;25;20,8;30,5;22;67;30;12;8;0;;
16726;1998;7;5;9;1.008,2;28,6;20,2;;;43;160;11;8;2;;
16726;1998;7;5;12;1.007,8;29,2;22,4;;;53;160;17;8;2;;
16726;1998;7;5;15;1.006,6;28,2;22,8;;;61;190;12;10;2;;
16726;1998;7;5;18;1.006,5;25,6;20;30,5;25;58;20;13;10;2;;
16726;1998;7;5;21;1.007,5;22,8;20;;;76;10;6;10;0;;
16726;1998;7;6;0;1.007,7;20,8;19;;;84;360;7;10;0;;
16726;1998;7;6;3;1.007,8;20,8;18,6;;;80;360;8;10;0;;
16726;1998;7;6;6;1.008,7;24,4;21;25,6;19,2;73;0;0;8;0;;
16726;1998;7;6;9;1.009,6;27,8;21,8;;;57;170;7;8;2;;
16726;1998;7;6;12;1.009,8;28;21,2;;;52;180;10;8;3;;
16726;1998;7;6;15;1.009,7;27,4;21,2;;;55;180;12;8;3;;
16726;1998;7;6;18;1.010,1;25,2;21,8;29,5;24;73;0;0;10;0;;
16726;1998;7;6;21;1.011;20,2;18,8;;;87;0;0;10;0;;
16726;1998;7;7;0;1.011,3;18,4;17,2;;;88;0;0;10;0;;
16726;1998;7;7;3;1.010,9;17,2;15,8;;;86;350;8;10;0;;
16726;1998;7;7;6;1.011,4;23;19;25,2;17,2;67;0;0;8;0;;
16726;1998;7;7;9;1.011,8;27,2;20,6;;;53;180;6;8;1;;
16726;1998;7;7;12;1.011,7;28;22,4;;;59;180;10;10;1;;
16726;1998;7;7;15;1.010,5;28;22,4;;;59;180;10;10;1;;
16726;1998;7;7;18;1.010,4;26;19,8;29,5;23;54;350;4;10;0;;
16726;1998;7;7;21;1.010,4;23;20,8;;;81;10;8;10;0;;
16726;1998;7;8;0;1.009,1;19,4;18,4;;;90;360;5;10;0;;
16726;1998;7;8;3;1.007,9;17,8;16,2;;;84;350;5;10;0;;
16726;1998;7;8;6;1.007,7;21;18,8;26;17;80;0;0;10;0;;
16726;1998;7;8;9;1.007,1;28,6;20,2;;;43;220;6;10;0;;
16726;1998;7;8;12;1.006,4;29,2;22;;;51;180;12;10;0;;
16726;1998;7;8;15;1.005,1;29;23;;;58;220;8;10;1;;
16726;1998;7;8;18;1.004,7;26;22,8;30,4;21;75;220;8;10;2;;
16726;1998;7;8;21;1.004,4;23,2;22;;;90;0;0;10;2;;
16726;1998;7;9;0;1.003,8;21;20,4;;;94;0;0;10;1;;
16726;1998;7;9;3;1.002,9;19,6;19;;;94;350;6;8;1;;
16726;1998;7;9;6;1.003,1;24,4;21,4;26;19,2;75;0;0;8;1;;
16726;1998;7;9;9;1.003,1;28,4;21,2;;;50;190;7;8;4;;
16726;1998;7;9;12;1.004,2;28,8;20,8;;;46;350;13;8;3;;
16726;1998;7;9;15;1.005,1;27,6;18;;;35;350;10;10;1;;
16726;1998;7;9;18;1.006,4;24;16,4;30,4;24;42;340;10;10;0;;
16726;1998;7;9;21;1.008,8;22;16,6;;;56;340;6;10;0;;
16726;1998;7;10;0;1.009,7;19,4;15;;;60;340;10;10;0;;
16726;1998;7;10;3;1.011,1;15;13;;;79;360;5;10;0;;
16726;1998;7;10;6;1.012,2;19,6;16,6;24;14,8;73;0;0;10;1;;
16726;1998;7;10;9;1.013,3;25,6;18,8;;;50;180;6;10;2;;
16726;1998;7;10;12;1.013,3;26,4;19,6;;;51;200;12;10;2;;
16726;1998;7;10;15;1.012,8;26,2;20,4;;;56;180;14;10;2;;
16726;1998;7;10;18;1.013;23,8;16,4;28;19,5;43;360;7;10;1;;
16726;1998;7;10;21;1.014;21,6;17;;;61;20;14;10;1;;
16726;1998;7;11;0;1.014,2;15,8;13,8;;;79;360;9;10;1;;
16726;1998;7;11;3;1.014,1;14,2;12;;;76;360;9;10;1;;
16726;1998;7;11;6;1.014;21;15,4;24,5;14;52;360;6;8;0;;
16726;1998;7;11;9;1.014,6;27,4;18,2;;;37;200;8;8;0;;
16726;1998;7;11;12;1.014,6;28,2;18,8;;;37;200;10;10;1;;
16726;1998;7;11;15;1.013,6;27,6;19,2;;;42;200;7;10;0;;
16726;1998;7;11;18;1.013,3;24,4;18,8;29;20;57;0;0;10;0;;
16726;1998;7;11;21;1.014,2;20,4;16,4;;;64;360;6;10;0;;
16726;1998;7;12;0;1.014,2;19,4;15;;;60;360;5;10;0;;
16726;1998;7;12;3;1.013,1;16,4;14,4;;;79;360;7;10;0;;
16726;1998;7;12;6;1.013,3;24,8;18,2;24,8;16,4;50;0;0;10;0;;
16726;1998;7;12;9;1.013,4;28,6;19,2;;;37;200;6;10;0;;
16726;1998;7;12;12;1.013,1;29,2;20,4;;;41;230;9;10;0;;
16726;1998;7;12;15;1.012,4;30;20,2;;;36;210;9;10;0;;
16726;1998;7;12;18;1.012,8;25,8;20,4;30,5;24,8;59;0;0;10;0;;
16726;1998;7;12;21;1.013,7;21,2;17,6;;;69;360;7;10;0;;
16726;1998;7;13;0;1.012,8;18,8;16,2;;;75;360;7;10;0;;
16726;1998;7;13;3;1.011,9;17;14,8;;;78;360;8;10;0;;
16726;1998;7;13;6;1.012,2;23,2;18,4;25,8;16,4;61;360;6;10;0;;
16726;1998;7;13;9;1.012,6;28,6;22;;;54;190;7;10;0;;
16726;1998;7;13;12;1.012,4;29;21;;;46;190;10;10;0;;
16726;1998;7;13;15;1.011,8;30;19,8;;;36;180;7;10;0;;
16726;1998;7;13;18;1.011,4;25,8;20,6;30;23,2;61;210;5;10;0;;
16726;1998;7;13;21;1.011,8;21,4;17,2;;;64;360;4;10;0;;
16726;1998;7;14;0;1.010,9;19,4;16,4;;;72;360;4;10;0;;
16726;1998;7;14;3;1.010;18,2;15,6;;;75;360;9;10;0;;
16726;1998;7;14;6;1.010,1;24,2;19,2;25,8;18,2;60;360;5;10;0;;
16726;1998;7;14;9;1.009,6;30,4;22,6;;;49;210;8;10;0;;
16726;1998;7;14;12;1.009;31,4;22,6;;;45;200;8;8;0;;
16726;1998;7;14;15;1.008,2;31,6;21,8;;;39;170;7;10;0;;
16726;1998;7;14;18;1.008,2;28,2;18,6;34;24,2;37;20;13;10;0;;
16726;1998;7;14;21;1.008,8;22,8;18,2;;;62;360;8;10;0;;
16726;1998;7;15;0;1.008,6;20,2;17,6;;;77;360;10;10;0;;
16726;1998;7;15;3;1.008,2;18,8;15,6;;;70;0;0;10;0;;
16726;1998;7;15;6;1.008,3;23,2;18,2;28,2;17,6;59;0;0;10;0;;
16726;1998;7;15;9;1.008,3;33,8;22,2;;;33;30;8;10;0;;
16726;1998;7;15;12;1.007,8;30;22,2;;;48;200;8;10;0;;
16726;1998;7;15;15;1.007;31,8;23,2;;;46;230;6;10;0;;
16726;1998;7;15;18;1.007,5;28,8;18,8;34,5;23,2;35;20;16;10;0;;
16726;1998;7;15;21;1.008,6;23,4;18,8;;;63;360;8;10;0;;
16726;1998;7;16;0;1.008;21,4;19;;;79;350;9;10;0;;
16726;1998;7;16;3;1.007,7;22,4;19,6;;;76;360;8;10;1;;
16726;1998;7;16;6;1.008,4;25,4;20,4;28,8;20,8;61;360;6;10;0;;
16726;1998;7;16;9;1.007,3;31,2;23;;;47;10;12;10;0;;
16726;1998;7;16;12;1.007,8;33;23;;;40;350;17;10;0;;
16726;1998;7;16;15;1.007,8;32,2;21,2;;;34;340;19;10;0;;
16726;1998;7;16;18;1.008,2;27,6;21,6;33;25,4;57;20;15;10;0;;
16726;1998;7;16;21;1.009,4;24,2;19;;;59;10;10;10;0;;
16726;1998;7;17;0;1.009,7;23,4;18;;;57;10;18;10;0;;
16726;1998;7;17;3;1.009,8;22;18;;;66;20;13;10;0;;
16726;1998;7;17;6;1.010,6;25,4;19,4;27,6;21,2;54;10;11;10;0;;
16726;1998;7;17;9;1.011,3;28,8;21,4;;;49;160;8;10;1;;
16726;1998;7;17;12;1.011,1;29;21,6;;;50;190;13;10;1;;
16726;1998;7;17;15;1.011;27,8;21,4;;;54;180;11;10;1;;
16726;1998;7;17;18;1.011,4;24,8;21;30;24,8;70;0;0;10;0;;
16726;1998;7;17;21;1.012,5;20,2;18,6;;;85;350;5;10;0;;
16726;1998;7;18;0;1.012,5;19;16,8;;;79;0;0;10;0;;
16726;1998;7;18;3;1.012,5;18,8;16;;;74;0;0;10;0;;
16726;1998;7;18;6;1.012,5;21,8;19,8;25,5;18,8;82;0;0;10;0;;
16726;1998;7;18;9;1.013,1;27,8;22;;;58;170;8;10;0;;
16726;1998;7;18;12;1.013;29,2;23,4;;;59;180;12;10;1;;
16726;1998;7;18;15;1.013;29;22,8;;;57;140;14;10;1;;
16726;1998;7;18;18;1.014,1;26,4;20,2;30;21,8;54;180;5;10;1;;
16726;1998;7;18;21;1.015,1;20,4;17,6;;;75;360;5;10;1;;
16726;1998;7;19;0;1.014,5;18,6;16,8;;;83;360;9;10;1;;
16726;1998;7;19;3;1.014;19,2;15,8;;;69;360;10;10;1;;
16726;1998;7;19;6;1.014;23,4;17,6;26,5;18,5;54;20;9;8;0;;
16726;1998;7;19;9;1.014;28,8;22;;;53;180;8;10;0;;
16726;1998;7;19;12;1.013,6;29,8;21,2;;;43;180;13;10;0;;
16726;1998;7;19;15;1.013;30,4;21,6;;;44;170;12;10;0;;
16726;1998;7;19;18;1.014,2;25,4;23,8;31,2;23,4;87;0;0;10;0;;
16726;1998;7;19;21;1.015,1;21,6;20,8;;;93;0;0;10;0;;
16726;1998;7;20;0;1.014,9;20,4;19,6;;;93;0;0;10;0;;
16726;1998;7;20;3;1.014,4;17,4;17,2;;;98;360;6;10;0;;
16726;1998;7;20;6;1.014,6;21;19,4;25,4;16,5;85;0;0;8;0;;
16726;1998;7;20;9;1.014,1;27,2;21;;;55;160;8;10;0;;
16726;1998;7;20;12;1.013,4;28,8;23,6;;;63;160;12;10;0;;
16726;1998;7;20;15;1.012,4;29,6;23,6;;;59;170;12;10;0;;
16726;1998;7;20;18;1.012,7;25,4;23;31;21;81;0;0;10;0;;
16726;1998;7;20;21;1.013,6;21,8;20,4;;;87;0;0;10;0;;
16726;1998;7;21;0;1.013;18;17,4;;;94;360;5;10;0;;
16726;1998;7;21;3;1.012,7;15,4;14,8;;;93;360;8;10;0;;
16726;1998;7;21;6;1.012,3;20,8;17,6;25,4;15;72;0;0;10;0;;
16726;1998;7;21;9;1.012,3;28,8;20,2;;;42;180;6;10;0;;
16726;1998;7;21;12;1.012;28,6;24,2;;;68;200;12;10;0;;
16726;1998;7;21;15;1.011,7;29;23,4;;;60;210;13;10;0;;
16726;1998;7;21;18;1.011,9;25,4;23,2;29,2;20,8;82;0;0;10;0;;
16726;1998;7;21;21;1.012,3;21;20,4;;;94;0;0;10;0;;
16726;1998;7;22;0;1.012,3;18,2;17,8;;;96;360;6;10;0;;
16726;1998;7;22;3;1.011,8;15,8;15,4;;;96;360;6;10;0;;
16726;1998;7;22;6;1.011,4;20,8;19;25,4;15,4;84;0;0;8;0;;
16726;1998;7;22;9;1.011;28,6;21;;;48;180;6;10;0;;
16726;1998;7;22;12;1.010,6;29,2;23,2;;;58;210;10;10;0;;
16726;1998;7;22;15;1.010,1;31,6;23;;;46;190;11;10;0;;
16726;1998;7;22;18;1.010,9;26;23,2;32,6;20,8;78;220;3;10;0;;
16726;1998;7;22;21;1.011;20,6;19,4;;;89;0;0;10;0;;
16726;1998;7;23;0;1.010,2;21;20;;;91;0;0;10;0;;
16726;1998;7;23;3;1.009,1;25;18;;;48;20;13;10;0;;
16726;1998;7;23;6;1.009,1;26,6;20,6;27;20,5;56;360;4;10;0;;
16726;1998;7;23;9;1.009,3;30,6;22,2;;;45;180;7;10;0;;
16726;1998;7;23;12;1.009;30;23,2;;;54;190;11;10;0;;
16726;1998;7;23;15;1.008,6;30,2;23,2;;;53;190;9;10;0;;
16726;1998;7;23;18;1.008,8;26,8;23,2;32,2;26,6;72;220;4;10;0;;
16726;1998;7;23;21;1.009,8;22,2;20,6;;;86;360;5;10;0;;
16726;1998;7;24;0;1.009;20,2;19,2;;;91;0;0;10;0;;
16726;1998;7;24;3;1.008,4;17,8;16,8;;;90;0;0;10;0;;
16726;1998;7;24;6;1.008,7;22,8;19,6;26,8;17,2;73;0;0;8;0;;
16726;1998;7;24;9;1.008,6;29,8;23,4;;;56;180;8;10;0;;
16726;1998;7;24;12;1.008,2;30,6;24,6;;;60;190;12;10;0;;
16726;1998;7;24;15;1.008,2;31;22,2;;;44;170;13;10;0;;
16726;1998;7;24;18;1.009,4;26,4;23,6;32,5;17,5;78;0;0;10;2;;
16726;1998;7;24;21;1.010,5;21,8;20,4;;;87;0;0;10;1;;
16726;1998;7;25;0;1.009,8;19,4;18,4;;;90;0;0;10;1;;
16726;1998;7;25;3;1.009,1;18,2;17,8;;;96;0;0;10;0;;
16726;1998;7;25;6;1.009,1;25;20;29;17,5;61;360;7;8;0;;
16726;1998;7;25;9;1.008,4;33;20,2;;;26;210;7;8;0;;
16726;1998;7;25;12;1.008,4;32,2;24;;;49;200;13;10;0;;
16726;1998;7;25;15;1.008,3;33;25,4;;;52;190;11;10;0;;
16726;1998;7;25;18;1.009,4;27;25;34;25;84;0;0;10;0;;
16726;1998;7;25;21;1.010;24;23,2;;;93;0;0;7;0;;
16726;1998;7;26;0;1.009,8;20,6;19,4;;;89;0;0;10;0;;
16726;1998;7;26;3;1.010;19,2;18,4;;;92;0;0;10;0;;
16726;1998;7;26;6;1.010;25;20,8;29;18;67;0;0;8;0;;
16726;1998;7;26;9;1.009,6;31,6;24;;;51;210;7;8;0;;
16726;1998;7;26;12;1.009,3;33,6;25,6;;;51;200;11;10;0;;
16726;1998;7;26;15;1.008,8;33,6;25,6;;;51;190;10;10;0;;
16726;1998;7;26;18;1.009,3;29;24,6;33,8;25;69;0;0;10;0;;
16726;1998;7;26;21;1.010;24,4;21,2;;;74;0;0;10;0;;
16726;1998;7;27;0;1.009,6;21,4;18,6;;;76;350;6;10;0;;
16726;1998;7;27;3;1.009,3;21;17,4;;;68;360;6;10;0;;
16726;1998;7;27;6;1.009,1;26;21;29;20;62;360;5;10;0;;
16726;1998;7;27;9;1.008,8;33,4;25;;;49;180;8;6;0;;
16726;1998;7;27;12;1.008,7;33,4;24,8;;;48;180;9;8;0;;
16726;1998;7;27;15;1.008,6;32,2;26;;;60;250;7;8;0;;
16726;1998;7;27;18;1.009,4;28;24,6;37;26;75;0;0;10;1;;
16726;1998;7;27;21;1.010,5;23,4;21,8;;;86;0;0;10;0;;
16726;1998;7;28;0;1.009,8;21,8;19,6;;;81;360;7;10;0;;
16726;1998;7;28;3;1.008,4;21,6;17,8;;;67;360;8;10;0;;
16726;1998;7;28;6;1.008,6;25,4;20;28;20,4;59;360;8;8;0;;
16726;1998;7;28;9;1.008,3;36;24,8;;;38;180;8;6;0;;
16726;1998;7;28;12;1.007,4;33,2;23,8;;;43;170;12;6;0;;
16726;1998;7;28;15;1.006,4;33;26,6;;;59;210;6;8;0;;
16726;1998;7;28;18;1.005,8;29,2;25;37;25;70;210;4;6;2;;
16726;1998;7;28;21;1.006,5;25,2;21,6;;;72;360;5;10;0;;
16726;1998;7;29;0;1.005,8;22,8;20,4;;;79;350;8;10;0;;
16726;1998;7;29;3;1.005;20;18;;;81;0;0;10;0;;
16726;1998;7;29;6;1.004,6;23,6;20;29,2;18,6;70;0;0;8;0;;
16726;1998;7;29;9;1.004,6;31;22,2;;;44;200;7;8;0;;
16726;1998;7;29;12;1.003,7;33,2;25;;;50;200;10;8;0;;
16726;1998;7;29;15;1.003,4;32,6;25;;;52;200;10;10;0;;
16726;1998;7;29;18;1.003,3;28,4;24,8;34,6;23,6;74;0;0;10;0;;
16726;1998;7;29;21;1.004,2;25,8;23,8;;;84;20;15;10;0;;
16726;1998;7;30;0;1.003,4;25;22,6;;;81;10;10;10;0;;
16726;1998;7;30;3;1.003,4;25;22;;;76;20;16;10;0;;
16726;1998;7;30;6;1.005;24,6;22;28,4;23;79;0;0;6;0;;
16726;1998;7;30;9;1.006,4;29,6;24;;;61;160;6;6;0;;
16726;1998;7;30;12;1.007,1;31,4;24,2;;;53;170;12;8;1;;
16726;1998;7;30;15;1.007,9;31;24,6;;;58;180;9;10;1;;
16726;1998;7;30;18;1.008,7;27,8;23,6;32,5;23,5;69;0;0;10;0;;
16726;1998;7;30;21;1.009,4;24;21,8;;;82;0;0;10;0;;
16726;1998;7;31;0;1.010,1;22,8;20,8;;;83;0;0;10;0;;
16726;1998;7;31;3;1.010,1;22,8;20,8;;;83;0;0;10;0;;
16726;1998;7;31;6;1.009,8;25;21,4;27,8;20,4;71;0;0;10;0;;
16726;1998;7;31;9;1.009,8;30;25;;;65;180;6;8;0;;
16726;1998;7;31;12;1.009,7;33,2;24,4;;;46;180;18;8;0;;
16726;1998;7;31;15;1.009,3;32,6;24,8;;;51;160;16;8;0;;
16726;1998;7;31;18;1.010,1;28,2;24,8;34,6;25;75;0;0;8;0;;
16726;1998;7;31;21;1.011,3;23,6;22,2;;;88;0;0;8;0;;
16726;1998;8;1;0;1.011,1;21,2;20,2;;;91;0;0;10;0;;
16726;1998;8;1;3;1.010,4;20;19,2;;;92;360;5;10;0;;
16726;1998;8;1;6;1.010,1;27;21;29;20;56;10;6;8;0;;
16726;1998;8;1;9;1.010,4;30,2;25;;;64;180;12;8;0;;
16726;1998;8;1;12;1.009,8;32,8;25,6;;;55;180;14;8;0;;
16726;1998;8;1;15;1.009,8;33;25,8;;;55;160;8;10;0;;
16726;1998;8;1;18;1.010,7;28;25;34,4;27;77;0;0;8;0;;
16726;1998;8;1;21;1.012;24,2;23,2;;;92;0;0;10;0;;
16726;1998;8;2;0;1.012;20,4;18;;;78;0;0;10;0;;
16726;1998;8;2;3;1.012;18,8;18,2;;;94;0;0;10;0;;
16726;1998;8;2;6;1.012,2;24,4;20,8;28,4;18,4;71;0;0;8;0;;
16726;1998;8;2;9;1.012,6;32;24,6;;;53;200;6;8;0;;
16726;1998;8;2;12;1.012,4;33,4;24;;;43;200;9;10;2;;
16726;1998;8;2;15;1.012,3;33;23,8;;;44;200;10;10;0;;
16726;1998;8;2;18;1.013;28,2;24,2;35,2;24,4;70;0;0;10;0;;
16726;1998;8;2;21;1.014,1;22,8;20,8;;;83;360;4;10;0;;
16726;1998;8;3;0;1.013,3;20,2;18,6;;;85;0;0;10;0;;
16726;1998;8;3;3;1.013,1;19,6;17;;;76;0;0;10;0;;
16726;1998;8;3;6;1.013,3;26;21;28,2;19,4;62;0;0;10;0;;
16726;1998;8;3;9;1.013,3;33;23,4;;;42;180;8;10;0;;
16726;1998;8;3;12;1.012,3;34,2;23,4;;;36;180;10;10;0;;
16726;1998;8;3;15;1.012,6;33;25,2;;;51;180;6;10;1;;
16726;1998;8;3;18;1.013,4;28,4;25,4;35,6;18,8;77;0;0;10;0;;
16726;1998;8;3;21;1.014,2;23,4;21,6;;;85;0;0;10;0;;
16726;1998;8;4;0;1.013,3;20,8;18,8;;;82;0;0;10;0;;
16726;1998;8;4;3;1.012,4;24,4;17,6;;;49;360;8;10;0;;
16726;1998;8;4;6;1.013;25,4;19,6;28,6;20,8;56;360;5;10;0;;
16726;1998;8;4;9;1.012;38,2;22,2;;;21;20;8;10;0;;
16726;1998;8;4;12;1.011;40,6;24,4;;;23;40;17;10;0;;
16726;1998;8;4;15;1.010,6;40;22,4;;;16;150;10;10;0;;
16726;1998;8;4;18;1.011,1;31,4;23,2;41;25,4;47;240;8;10;0;;
16726;1998;8;4;21;1.011,8;28,6;20;;;42;0;0;10;0;;
16726;1998;8;5;0;1.010,4;25;17,8;;;46;360;5;10;0;;
16726;1998;8;5;3;1.010,4;25;17,8;;;46;360;5;10;0;;
16726;1998;8;5;6;1.009,4;26,4;19,4;31,4;24;49;360;6;10;0;;
16726;1998;8;5;9;1.008,4;38,6;22,6;;;22;70;12;10;0;;
16726;1998;8;5;12;1.007,7;35,6;25,6;;;43;160;8;8;0;;
16726;1998;8;5;15;1.007,3;34,4;24,8;;;44;180;10;8;1;;
16726;1998;8;5;18;1.007,7;29,2;25,8;40,2;26,4;75;0;0;8;1;;
16726;1998;8;5;21;1.008,7;25;23,6;;;89;0;0;10;0;;
16726;1998;8;6;0;1.008,7;20,2;18,6;;;85;0;0;10;0;;
16726;1998;8;6;3;1.008,3;19,8;18,6;;;89;350;7;10;0;;
16726;1998;8;6;6;1.008,4;24;20;29,2;19,8;68;0;0;6;0;;
16726;1998;8;6;9;1.008,8;33,4;23,4;;;40;160;8;8;0;;
16726;1998;8;6;12;1.009,6;33,6;24;;;43;170;10;10;1;;
16726;1998;8;6;15;1.009,8;33,2;25;;;50;170;9;8;2;;
16726;1998;8;6;18;1.011;27,8;26,6;40;23,6;91;0;0;6;2;;
16726;1998;8;6;21;1.012,7;25,4;24,8;;;95;0;0;8;1;;
16726;1998;8;7;0;1.013;24;23,6;;;97;0;0;8;1;;
16726;1998;8;7;3;1.013;22,2;21,8;;;96;0;0;8;1;;
16726;1998;8;7;6;1.012,3;26;21,4;27,8;21;65;40;8;8;0;;
16726;1998;8;7;9;1.014,2;30,6;25,8;;;67;180;10;8;0;;
16726;1998;8;7;12;1.013,7;32,4;25,6;;;57;180;12;8;1;;
16726;1998;8;7;15;1.013,6;31;25,2;;;61;180;10;8;1;;
16726;1998;8;7;18;1.014,5;27,8;26;33,6;26;86;0;0;8;0;;
16726;1998;8;7;21;1.015,1;24,8;24;;;93;0;0;10;0;;
16726;1998;8;8;0;1.015,1;22,6;22,2;;;96;0;0;10;0;;
16726;1998;8;8;3;1.014;21,8;21,6;;;98;360;5;10;0;;
16726;1998;8;8;6;1.014,1;24,6;23,6;28,4;21,8;92;0;0;6;2;;
16726;1998;8;8;9;1.014,6;32;24;;;49;210;5;8;0;;
16726;1998;8;8;12;1.014,7;32,6;26;;;58;280;10;8;2;;
16726;1998;8;8;15;1.012,8;32,4;26,2;;;60;180;4;10;6;;
16726;1998;8;8;18;1.013,3;28,4;25;34,4;22;75;0;0;10;2;;
16726;1998;8;8;21;1.013,8;25,6;23;;;79;0;0;10;2;;
16726;1998;8;9;0;1.013,1;23,4;20,4;;;75;360;5;10;4;;
16726;1998;8;9;3;1.012;21;19,2;;;84;0;0;10;1;;
16726;1998;8;9;6;1.012,6;23,4;20,2;34,2;19,8;73;0;0;8;2;;
16726;1998;8;9;9;1.012;30;25;;;65;0;0;8;3;;
16726;1998;8;9;12;1.011,5;31,4;24,6;;;56;190;12;8;3;;
16726;1998;8;9;15;1.010,5;30,4;24,8;;;62;190;12;10;4;;
16726;1998;8;9;18;1.010,4;26,8;24;34,4;23,4;78;0;0;8;2;;
16726;1998;8;9;21;1.010,4;24,8;24;;;93;0;0;10;0;;
16726;1998;8;10;0;1.010,9;22,8;20,8;;;83;0;0;10;0;;
16726;1998;8;10;3;1.011,5;19,8;19;;;92;0;0;10;0;;
16726;1998;8;10;6;1.011,7;24;19;26,8;19;60;360;6;8;0;;
16726;1998;8;10;9;1.011,8;30,6;22;;;45;180;6;8;0;;
16726;1998;8;10;12;1.011,7;31,6;23,2;;;47;180;12;8;2;;
16726;1998;8;10;15;1.011,4;32,4;22,6;;;42;200;11;8;3;;
16726;1998;8;10;18;1.012,2;27,8;23,6;34;24;69;0;0;8;3;;
16726;1998;8;10;21;1.013,1;24,8;21,2;;;71;360;5;8;1;;
16726;1998;8;11;0;1.012,4;23;19;;;67;0;0;8;0;;
16726;1998;8;11;3;1.012,2;23,8;18,2;;;56;30;5;10;0;;
16726;1998;8;11;6;1.012,2;29;19;29;22,8;35;360;8;10;0;;
16726;1998;8;11;9;1.012;31,6;20,4;;;32;30;12;10;0;;
16726;1998;8;11;12;1.011,1;37;21,6;;;23;70;15;10;0;;
16726;1998;8;11;15;1.011;33,8;21,4;;;30;160;13;10;2;;
16726;1998;8;11;18;1.011,8;28,4;24,4;37,6;23;70;190;9;10;0;;
16726;1998;8;11;21;1.013;25,8;23,2;;;79;180;5;10;0;;
16726;1998;8;12;0;1.012,4;23,4;20,4;;;75;0;0;10;0;;
16726;1998;8;12;3;1.012;22;21,8;;;98;360;5;8;0;;
16726;1998;8;12;6;1.011,5;22,4;21,2;28,4;21;89;0;0;5;3;;
16726;1998;8;12;9;1.011,9;30;23;;;53;160;8;8;0;;
16726;1998;8;12;12;1.011;30,4;23,8;;;56;180;9;8;4;;
16726;1998;8;12;15;1.010,4;30,2;23,4;;;54;140;12;8;4;;
16726;1998;8;12;18;1.010,6;27,6;23,6;32;22;70;180;5;8;4;;
16726;1998;8;12;21;1.011,3;22,8;21,6;;;90;360;4;8;4;;
16726;1998;8;13;0;1.010,6;20,8;18,6;;;80;0;0;8;0;;
16726;1998;8;13;3;1.009,7;18,6;14,8;;;65;360;5;8;0;;
16726;1998;8;13;6;1.009,6;20;16,4;27,6;16,6;67;0;0;8;2;;
16726;1998;8;13;9;1.009,7;28,8;22,8;;;58;170;9;8;2;;
16726;1998;8;13;12;1.009,1;30;22,2;;;48;160;10;8;2;;
16726;1998;8;13;15;1.008,6;29,6;22,8;;;54;150;14;10;5;;
16726;1998;8;13;18;1.009;26,6;23;31,2;20;72;140;8;10;3;;
16726;1998;8;13;21;1.009,7;24;21,4;;;78;0;0;10;2;;
16726;1998;8;14;0;1.009,7;22;20,6;;;88;0;0;10;2;;
16726;1998;8;14;3;1.009,4;21;19,2;;;84;0;0;10;2;;
16726;1998;8;14;6;1.010;22,8;20;27;20,4;76;350;5;8;2;;
16726;1998;8;14;9;1.010,5;28,6;23,4;;;63;170;7;8;2;;
16726;1998;8;14;12;1.010;29,6;24,8;;;66;180;15;8;3;;
16726;1998;8;14;15;1.010;29;25,4;;;74;180;13;8;2;;
16726;1998;8;14;18;1.011;26,4;24,2;30,6;22,8;83;0;0;8;0;;
16726;1998;8;14;21;1.012,4;23;22;;;91;360;4;8;0;;
16726;1998;8;15;0;1.012,6;21;19,8;;;89;360;7;8;0;;
16726;1998;8;15;3;1.012,8;20;19;;;91;360;6;8;0;;
16726;1998;8;15;6;1.013,6;24;20,6;26,8;20;73;0;0;8;0;;
16726;1998;8;15;9;1.014,4;29,6;23,2;;;56;170;9;8;0;;
16726;1998;8;15;12;1.014,2;30,8;24;;;55;190;13;8;1;;
16726;1998;8;15;15;1.013,8;29,8;25;;;66;210;13;10;0;;
16726;1998;8;15;18;1.014,7;26,6;24,6;32;24;84;0;0;8;0;;
16726;1998;8;15;21;1.015,3;24;23;;;92;0;0;10;0;;
16726;1998;8;16;0;1.015,3;23,4;20,4;;;75;360;5;10;0;;
16726;1998;8;16;3;1.015;22,6;22,2;;;96;360;8;10;0;;
16726;1998;8;16;6;1.014,6;25;20,8;27,4;21,4;67;360;5;8;0;;
16726;1998;8;16;9;1.014,6;25;20,8;;;67;360;5;8;0;;
16726;1998;8;16;12;1.014,1;31,4;23,8;;;51;180;12;10;2;;
16726;1998;8;16;15;1.013,4;31;23,4;;;50;190;10;10;5;;
16726;1998;8;16;18;1.013,7;27,2;25,4;32,8;20,2;86;0;0;8;2;;
16726;1998;8;16;21;1.014;23,8;23,2;;;95;0;0;8;2;;
16726;1998;8;17;0;1.012,7;20,6;19,6;;;91;0;0;8;2;;
16726;1998;8;17;3;1.011,9;19,6;18,2;;;87;0;0;8;2;;
16726;1998;8;17;6;1.012,4;22,4;19,8;27,2;19,2;78;0;0;8;0;;
16726;1998;8;17;9;1.012,8;31,2;22,4;;;44;180;6;10;0;;
16726;1998;8;17;12;1.012,2;32,4;28;;;70;180;14;10;1;;
16726;1998;8;17;15;1.011,5;31,4;22,4;;;43;150;12;10;2;;
16726;1998;8;17;18;1.011,9;27,6;22,8;34;22,4;65;140;7;10;0;;
16726;1998;8;17;21;1.011,9;25,6;22;;;72;0;0;10;0;;
16726;1998;8;18;0;1.011,8;23;20,8;;;81;0;0;10;0;;
16726;1998;8;18;3;1.011,8;21;20;;;91;0;0;10;0;;
16726;1998;8;18;6;1.012,4;23;20;27,6;19,8;75;350;6;8;2;;
16726;1998;8;18;9;1.012,4;29,4;23,4;;;58;200;6;8;2;;
16726;1998;8;18;12;1.011,9;29,8;24;;;60;170;13;8;5;0;
16726;1998;8;18;15;1.012,4;24,4;23;;;88;240;6;1;6;3;
16726;1998;8;18;18;1.012,7;23,6;22,6;29,8;23;92;0;0;5;5;3;
16726;1998;8;18;21;1.013,8;22,4;22,2;;;98;360;4;6;3;;
16726;1998;8;19;0;1.013;21,4;21,2;;;98;340;5;6;3;;
16726;1998;8;19;3;1.013,1;20,2;20;;;98;350;4;6;3;;
16726;1998;8;19;6;1.013,3;21,6;21;24;20;95;0;0;3;1;;
16726;1998;8;19;9;1.013,4;28;24;;;70;0;0;5;1;;
16726;1998;8;19;12;1.012,6;29;23;;;58;160;6;6;3;;
16726;1998;8;19;15;1.011,8;29,8;25,4;;;69;170;12;6;2;;
16726;1998;8;19;18;1.012,2;27,4;24,6;30,4;21,6;79;0;0;8;2;;
16726;1998;8;19;21;1.013;24;23;;;92;350;5;8;2;;
16726;1998;8;20;0;1.012,4;21,8;21,4;;;96;350;5;10;0;;
16726;1998;8;20;3;1.011,9;21;20,4;;;94;360;8;10;0;;
16726;1998;8;20;6;1.012,2;23,4;22;27,6;21;88;0;0;8;0;;
16726;1998;8;20;9;1.012,2;32;22,6;;;42;0;0;10;2;;
16726;1998;8;20;12;1.011,8;31,2;25;;;59;180;11;10;2;;
16726;1998;8;20;15;1.011;32,2;23,2;;;44;20;14;10;3;;
16726;1998;8;20;18;1.011,7;27,4;23;33,4;23,4;67;10;13;10;0;;
16726;1998;8;20;21;1.012,3;24,4;22,4;;;83;360;6;10;0;;
16726;1998;8;21;0;1.011,8;23,6;22,4;;;90;360;6;10;0;;
16726;1998;8;21;3;1.011,1;21,2;20,4;;;93;360;7;10;0;;
16726;1998;8;21;6;1.011,5;23;21,4;27,4;20,8;86;340;5;10;0;;
16726;1998;8;21;9;1.011;30;23;;;53;20;9;10;0;;
16726;1998;8;21;12;1.010,7;31,2;23,4;;;49;180;9;10;2;;
16726;1998;8;21;15;1.009,7;31,8;24;;;50;20;16;10;1;;
16726;1998;8;21;18;1.010,1;26,6;22,8;34,2;23;71;10;10;10;0;;
16726;1998;8;21;21;1.010,7;23,8;22,4;;;88;0;0;10;0;;
16726;1998;8;22;0;1.010,4;22,8;20,8;;;83;0;0;10;0;;
16726;1998;8;22;3;1.010,4;21,8;19,6;;;81;0;0;10;0;;
16726;1998;8;22;6;1.009,8;25,6;22;27;21,2;72;20;7;10;0;;
16726;1998;8;22;9;1.009,6;30,8;22;;;44;10;8;10;0;;
16726;1998;8;22;12;1.008,8;33,8;21;;;27;330;11;10;1;;
16726;1998;8;22;15;1.008,4;32,2;21,4;;;34;360;9;10;1;;
16726;1998;8;22;18;1.009;27,2;22,2;34,4;25,6;63;360;13;10;1;;
16726;1998;8;22;21;1.009,7;24,6;22;;;79;360;7;10;1;;
16726;1998;8;23;0;1.009,7;21,4;20,4;;;91;360;6;10;1;;
16726;1998;8;23;3;1.009,4;19,4;18,4;;;90;360;7;10;1;;
16726;1998;8;23;6;1.010;22,6;20;28,4;19,2;78;350;5;8;0;;
16726;1998;8;23;9;1.009,4;30,6;21;;;39;20;6;10;0;;
16726;1998;8;23;12;1.008,7;32;23;;;44;230;10;10;0;;
16726;1998;8;23;15;1.008,3;32,2;22,8;;;42;10;17;10;0;;
16726;1998;8;23;18;1.009;27,8;22,8;34,2;22,6;64;20;19;10;0;;
16726;1998;8;23;21;1.010,6;26;23;;;76;20;11;10;0;;
16726;1998;8;24;0;1.010,5;22,6;20;;;78;350;7;10;0;;
16726;1998;8;24;3;1.010,5;21,6;20,4;;;89;360;7;10;0;;
16726;1998;8;24;6;1.011,4;23,6;21,6;28,2;20,6;83;0;0;8;0;;
16726;1998;8;24;9;1.011,9;29,4;23,8;;;61;170;7;8;0;;
16726;1998;8;24;12;1.011,4;31,8;24;;;50;160;9;10;1;;
16726;1998;8;24;15;1.010,7;31,2;23;;;47;160;9;10;1;;
16726;1998;8;24;18;1.010,7;27,2;21,2;32,6;23,6;56;130;6;10;1;;
16726;1998;8;24;21;1.011,3;25;22;;;76;0;0;10;0;;
16726;1998;8;25;0;1.011,3;22,4;20,8;;;86;0;0;10;0;;
16726;1998;8;25;3;1.010,2;20,4;19,6;;;93;0;0;10;0;;
16726;1998;8;25;6;1.009,7;23;21,4;27,2;20,2;86;350;5;10;0;;
16726;1998;8;25;9;1.010,5;31,8;22,2;;;40;20;6;10;0;;
16726;1998;8;25;12;1.009,7;32,4;25,8;;;58;220;9;10;0;;
16726;1998;8;25;15;1.008,4;33;24;;;45;80;7;10;0;;
16726;1998;8;25;18;1.008,3;28;23;34,2;23;64;20;12;10;0;;
16726;1998;8;25;21;1.009,7;26,2;23,2;;;76;10;13;10;0;;
16726;1998;8;26;0;1.009,7;25;22,6;;;81;360;9;10;0;;
16726;1998;8;26;3;1.009;21,8;20,8;;;91;350;6;10;0;;
16726;1998;8;26;6;1.009;23,6;21,8;28;21,2;85;0;0;10;0;;
16726;1998;8;26;9;1.009,3;30,6;23,6;;;54;0;0;10;0;;
16726;1998;8;26;12;1.009;31,6;24,6;;;55;180;10;10;0;;
16726;1998;8;26;15;1.008,4;30;23,6;;;57;100;12;10;1;;
16726;1998;8;26;18;1.008,7;27,8;22,4;32,4;23,6;61;170;6;10;3;;
16726;1998;8;26;21;1.009,4;24;21,6;;;80;0;0;10;3;;
16726;1998;8;27;0;1.009,6;21,4;20,2;;;89;0;0;10;0;;
16726;1998;8;27;3;1.009,3;20,4;19,4;;;91;20;4;10;0;;
16726;1998;8;27;6;1.009,4;22,2;20,4;27,8;20;84;360;5;8;2;;
16726;1998;8;27;9;1.009,7;29;24,2;;;66;180;8;8;2;;
16726;1998;8;27;12;1.008,8;29,8;24,8;;;65;210;13;8;2;;
16726;1998;8;27;15;1.008,3;29,8;24,2;;;61;210;12;10;2;;
16726;1998;8;27;18;1.008,3;28;23;30,4;22,2;64;180;5;10;1;;
16726;1998;8;27;21;1.009,4;23,4;22;;;88;0;0;10;0;;
16726;1998;8;28;0;1.008,6;21,6;20,2;;;87;350;6;10;0;;
16726;1998;8;28;3;1.008,4;20;19;;;91;350;6;10;0;;
16726;1998;8;28;6;1.008,7;22;20,4;28;19,8;86;0;0;10;0;;
16726;1998;8;28;9;1.009,1;30;23;;;53;160;5;10;0;;
16726;1998;8;28;12;1.008,8;31,4;22;;;41;190;8;10;0;;
16726;1998;8;28;15;1.008,3;32;23,2;;;45;180;8;10;0;;
16726;1998;8;28;18;1.008,8;28;22;32,8;20;57;360;9;10;0;;
16726;1998;8;28;21;1.010,2;23,4;21,4;;;83;0;0;10;0;;
16726;1998;8;29;0;1.010,1;21,2;20;;;89;0;0;10;0;;
16726;1998;8;29;3;1.009,7;18,6;18;;;94;350;6;10;0;;
16726;1998;8;29;6;1.010,4;21,6;20;28;18,6;86;0;0;10;1;;
16726;1998;8;29;9;1.010,1;29,8;23,2;;;55;160;6;10;2;;
16726;1998;8;29;12;1.010,1;30,4;25;;;63;190;11;10;3;;
16726;1998;8;29;15;1.009,7;29,2;23,8;;;62;210;8;10;2;;
16726;1998;8;29;18;1.009,8;27;23,6;32;21,6;74;270;5;10;2;;
16726;1998;8;29;21;1.011,3;24,2;22,8;;;88;360;5;10;2;;
16726;1998;8;30;0;1.011,5;22;20,6;;;88;350;6;10;0;;
16726;1998;8;30;3;1.012;20,6;19,6;;;91;360;7;10;0;;
16726;1998;8;30;6;1.012,6;22,6;21,2;27,6;19,8;88;0;0;10;0;;
16726;1998;8;30;9;1.013,1;30;21;;;42;0;0;10;0;;
16726;1998;8;30;12;1.012,8;33,4;20,6;;;27;360;4;10;0;;
16726;1998;8;30;15;1.011,9;32;19,4;;;24;20;15;10;0;;
16726;1998;8;30;18;1.012,6;26,8;18,8;34,2;22,6;44;20;16;10;0;;
16726;1998;8;30;21;1.013,1;23,6;18,2;;;57;10;13;10;0;;
16726;1998;8;31;0;1.013;21,4;17,2;;;64;360;10;10;0;;
16726;1998;8;31;3;1.012,6;20,4;16,6;;;67;360;10;10;0;;
16726;1998;8;31;6;1.012,4;22,2;17,8;26,8;13,4;63;360;8;8;0;;
16726;1998;8;31;9;1.013;29,4;19,8;;;38;360;2;10;1;;
16726;1998;8;31;12;1.012,7;30,6;21;;;39;300;6;10;2;;
16726;1998;8;31;15;1.012,2;29,8;18,2;;;28;330;15;10;0;;
16726;1998;8;31;18;1.012,8;25,4;17,8;31,8;22,2;44;350;7;10;0;;
16726;1998;8;31;21;1.014,1;21,6;16,6;;;58;360;8;10;0;;
16726;1998;9;1;0;1.014,1;20,8;16,8;;;65;360;8;10;0;;
16726;1998;9;1;3;1.013,7;17,6;14,8;;;73;360;7;10;0;;
16726;1998;9;1;6;1.014,9;19,6;16,4;26;16,8;70;350;7;10;0;;
16726;1998;9;1;9;1.015,1;29,4;18,4;;;30;0;0;10;0;;
16726;1998;9;1;12;1.015,3;29,2;20,8;;;44;210;10;10;2;;
16726;1998;9;1;15;1.014,6;29;19;;;35;200;6;10;5;;
16726;1998;9;1;18;1.015,7;24,6;18,2;30,8;19,6;51;0;0;10;4;;
16726;1998;9;1;21;1.016,2;21,6;16,6;;;58;360;5;10;2;;
16726;1998;9;2;0;1.017,3;17,8;15,2;;;74;360;7;10;0;;
16726;1998;9;2;3;1.017,1;18,4;16,4;;;80;360;7;10;0;;
16726;1998;9;2;6;1.018;21,2;18,6;24,6;17,5;77;0;0;10;2;;
16726;1998;9;2;9;1.018,9;28,8;20,6;;;45;130;5;10;2;;
16726;1998;9;2;12;1.018,2;28,4;21,6;;;53;150;15;10;3;;
16726;1998;9;2;15;1.017,7;28,4;20;;;43;260;8;10;5;;
16726;1998;9;2;18;1.018,4;25;19,6;30,8;17,4;59;0;0;10;5;;
16726;1998;9;2;21;1.019,3;20,2;17,8;;;78;0;0;10;4;;
16726;1998;9;3;0;1.019,3;18,4;16,2;;;79;360;7;10;1;;
16726;1998;9;3;3;1.018,6;17;15,6;;;86;360;8;10;1;;
16726;1998;9;3;6;1.018,4;19,2;17;25,4;16,6;79;350;5;10;0;;
16726;1998;9;3;9;1.019;27;21;;;56;210;7;10;0;;
16726;1998;9;3;12;1.018,2;27,6;22;;;59;190;13;10;2;;
16726;1998;9;3;15;1.016,7;27,4;21,8;;;59;120;11;10;4;;
16726;1998;9;3;18;1.016,4;25,2;21,2;29;19;68;120;6;10;2;;
16726;1998;9;3;21;1.017,6;21;19,4;;;85;0;0;8;0;;
16726;1998;9;4;0;1.017,6;18,4;16,4;;;80;0;0;10;0;;
16726;1998;9;4;3;1.015,4;17;15,6;;;86;340;6;10;0;;
16726;1998;9;4;6;1.015,3;20;18;25,6;17;81;0;0;8;0;;
16726;1998;9;4;9;1.015;29;20;;;40;0;0;10;0;;
16726;1998;9;4;12;1.014,4;29,4;21,8;;;49;190;10;10;0;;
16726;1998;9;4;15;1.013;29,2;21,2;;;46;160;5;10;0;;
16726;1998;9;4;18;1.012,6;26;19;30,4;20;49;360;12;10;2;;
16726;1998;9;4;21;1.012,6;21,2;19,8;;;87;360;6;10;0;;
16726;1998;9;5;0;1.011,9;19,8;18,2;;;85;360;5;10;0;;
16726;1998;9;5;3;1.011,7;18,2;16;;;79;360;5;10;0;;
16726;1998;9;5;6;1.012;19,4;17,2;26,6;16,6;79;10;4;10;2;;
16726;1998;9;5;9;1.012,3;29;20,6;;;44;0;0;10;0;;
16726;1998;9;5;12;1.011,7;28,8;21,8;;;52;190;10;10;1;;
16726;1998;9;5;15;1.011;27,4;22,4;;;63;180;10;10;1;;
16726;1998;9;5;18;1.011,1;25;22,4;30,6;19,4;79;190;5;10;5;;
16726;1998;9;5;21;1.011,7;22,2;21;;;89;350;4;10;5;;
16726;1998;9;6;0;1.011,1;20,6;19,6;;;91;0;0;10;1;;
16726;1998;9;6;3;1.011;19,2;17,6;;;85;0;0;10;1;;
16726;1998;9;6;6;1.010,5;20,8;19,4;25,4;19;87;0;0;8;1;;
16726;1998;9;6;9;1.010,9;27,6;21,8;;;58;0;0;8;3;;
16726;1998;9;6;12;1.009,8;28,8;22,2;;;54;140;12;8;2;;
16726;1998;9;6;15;1.009,4;28,2;22;;;56;120;12;8;4;;
16726;1998;9;6;18;1.009,6;25,4;21,6;30;20,8;70;0;0;10;4;;
16726;1998;9;6;21;1.010;22,2;20,4;;;84;360;6;10;2;;
16726;1998;9;7;0;1.009,6;19,4;18,6;;;92;360;6;10;0;;
16726;1998;9;7;3;1.009,1;18,6;17,8;;;92;0;0;10;0;;
16726;1998;9;7;6;1.009,7;20,2;18,8;25,4;18,6;87;0;0;8;0;;
16726;1998;9;7;9;1.010,5;27,6;21,8;;;58;200;6;8;0;;
16726;1998;9;7;12;1.010,1;29;23,2;;;59;200;12;8;2;;
16726;1998;9;7;15;1.009,8;27,6;22,4;;;62;190;9;10;2;;
16726;1998;9;7;18;1.010,2;25;21,8;29,6;20,2;74;180;6;10;1;;
16726;1998;9;7;21;1.011,3;22;20,4;;;86;0;0;10;0;;
16726;1998;9;8;0;1.011,5;20,2;19,4;;;92;360;4;10;2;;
16726;1998;9;8;3;1.011;19;18,6;;;96;360;4;10;0;;
16726;1998;9;8;6;1.011,3;21,6;20,2;25;18,6;87;340;5;8;0;;
16726;1998;9;8;9;1.011,5;29,6;21,2;;;44;0;0;8;0;;
16726;1998;9;8;12;1.011,7;30,2;22,2;;;47;140;8;10;1;;
16726;1998;9;8;15;1.011,7;29;23,2;;;59;170;13;10;2;;
16726;1998;9;8;18;1.011,7;25,4;21,8;31;21,6;72;0;0;10;4;;
16726;1998;9;8;21;1.011,7;21,8;20,4;;;87;0;0;10;2;;
16726;1998;9;9;0;1.010,6;19,8;19;;;92;360;6;10;2;;
16726;1998;9;9;3;1.010,9;21;18,6;;;79;360;6;10;2;;
16726;1998;9;9;6;1.009,6;22,6;19,6;25,4;19,8;75;360;5;10;5;;
16726;1998;9;9;9;1.012,2;29,2;23;;;57;0;0;10;7;;
16726;1998;9;9;12;1.010,4;29,6;20,6;;;42;280;8;10;7;;
16726;1998;9;9;15;1.010,7;28,8;21,4;;;49;360;11;10;6;;
16726;1998;9;9;18;1.009;24,8;20;32;22,6;62;360;10;10;7;;
16726;1998;9;9;21;1.010,4;22;18,8;;;73;0;0;10;4;;
16726;1998;9;10;0;1.009,4;21,2;17,2;;;65;350;6;10;6;;
16726;1998;9;10;3;1.009;22,4;18;;;63;360;5;10;7;;
16726;1998;9;10;6;1.009,3;24,2;19,8;24,8;21;65;360;7;10;7;;
16726;1998;9;10;9;1.009,6;30,8;20,2;;;34;350;4;10;6;;
16726;1998;9;10;12;1.009;31,6;22,2;;;41;180;10;10;6;;
16726;1998;9;10;15;1.009,4;29;21,6;;;50;190;6;10;6;;
16726;1998;9;10;18;1.009,3;24;21,8;32,6;24;82;0;0;8;6;;
16726;1998;9;10;21;1.010,5;21,8;20,4;;;87;0;0;10;2;;
16726;1998;9;11;0;1.010,2;20,2;17,8;;;78;0;0;10;2;;
16726;1998;9;11;3;1.009,6;19,2;16;;;70;360;8;10;2;;
16726;1998;9;11;6;1.010,1;19,6;16,4;24,6;19,2;70;350;6;10;1;;
16726;1998;9;11;9;1.010,2;28,2;20,4;;;46;180;7;10;1;;
16726;1998;9;11;12;1.009,7;28;23;;;64;200;10;10;1;;
16726;1998;9;11;15;1.009,1;27,2;23,6;;;73;190;12;10;6;;
16726;1998;9;11;18;1.009,4;25;23;29,2;17,4;84;160;4;10;5;;
16726;1998;9;11;21;1.009,7;21,6;21;;;95;0;0;10;2;;
16726;1998;9;12;0;1.009,1;19,8;19;;;92;0;0;10;2;;
16726;1998;9;12;3;1.008,6;18,6;17,8;;;92;360;4;10;2;;
16726;1998;9;12;6;1.008,4;19,6;18,4;27;17,4;88;0;0;6;1;;
16726;1998;9;12;9;1.007,9;28,8;22,2;;;54;0;0;8;0;;
16726;1998;9;12;12;1.007;29;23;;;58;200;12;10;0;;
16726;1998;9;12;15;1.005,8;28,8;22,2;;;54;160;12;10;0;;
16726;1998;9;12;18;1.006,4;25,2;21,4;30;19,6;70;220;3;10;4;;
16726;1998;9;12;21;1.006;20,8;19,8;;;91;0;0;10;2;;
16726;1998;9;13;0;1.005,6;20;18,6;;;87;0;0;10;2;;
16726;1998;9;13;3;1.004,4;19,6;18,8;;;92;0;0;10;4;;
16726;1998;9;13;6;1.003,8;23,2;20,4;25,2;19;76;180;12;10;6;;
16726;1998;9;13;9;1.004,3;29,2;23,6;;;61;190;10;8;4;;
16726;1998;9;13;12;1.004,6;30,6;22,8;;;49;290;11;10;4;;
16726;1998;9;13;15;1.004,7;28,8;20;;;41;350;7;10;1;;
16726;1998;9;13;18;1.006;23,2;18;31,2;23,2;58;350;5;10;0;;
16726;1998;9;13;21;1.007,5;18,2;16,2;;;80;0;0;10;0;;
16726;1998;9;14;0;1.007,7;16,4;15,4;;;89;0;0;10;0;;
16726;1998;9;14;3;1.007,8;15,8;15,2;;;93;360;4;10;2;;
16726;1998;9;14;6;1.008;17,6;16;23,8;15,8;84;0;0;10;2;;
16726;1998;9;14;9;1.008,4;25;20;;;61;160;8;10;7;;
16726;1998;9;14;12;1.008,6;28,2;22,8;;;61;290;8;10;6;;
16726;1998;9;14;15;1.008,6;28;22;;;57;280;10;10;5;;
16726;1998;9;14;18;1.009;24,2;21,2;29,6;17,6;75;300;5;10;3;;
16726;1998;9;14;21;1.009,6;23,6;21,2;;;80;0;0;10;2;;
16726;1998;9;15;0;1.009,8;20,8;20;;;93;170;4;10;3;;
16726;1998;9;15;3;1.009,4;21;20,2;;;93;360;5;8;6;;
16726;1998;9;15;6;1.009,4;23;21;24,2;20;83;160;6;10;6;;
16726;1998;9;15;9;1.010,4;23,2;21;;;81;60;5;5;7;;
16726;1998;9;15;12;1.009,8;24,8;22,6;;;82;270;8;8;7;;
16726;1998;9;15;15;1.009,3;26,2;19,6;;;52;360;10;10;3;;
16726;1998;9;15;18;1.009,8;21,8;17,8;27,4;21,4;66;360;8;10;6;;
16726;1998;9;15;21;1.011;17;16;;;90;0;0;10;2;;
16726;1998;9;16;0;1.010,9;16,6;15,6;;;90;350;6;10;3;;
16726;1998;9;16;3;1.010,5;15,2;13,8;;;85;350;7;10;2;;
16726;1998;9;16;6;1.010,2;16;13;21,8;14;69;20;5;10;0;;
16726;1998;9;16;9;1.010,7;24,2;14;;;27;20;8;10;0;;
16726;1998;9;16;12;1.009,6;27,6;14,8;;;18;360;10;10;0;;
16726;1998;9;16;15;1.009;25,8;15,8;;;30;330;12;10;0;;
16726;1998;9;16;18;1.009,6;21,2;15,8;28,4;10,6;54;20;15;10;0;;
16726;1998;9;16;21;1.010,5;17,4;13,4;;;61;360;5;10;0;;
16726;1998;9;17;0;1.010,2;13,6;11,6;;;78;360;5;10;0;;
16726;1998;9;17;3;1.010,4;13,4;11,4;;;77;350;7;10;0;;
16726;1998;9;17;6;1.010,7;14,2;12;21,2;12,8;76;360;5;10;0;;
16726;1998;9;17;9;1.010,6;25;15,2;;;29;0;0;10;1;;
16726;1998;9;17;12;1.010,1;26,6;17,2;;;35;190;8;10;1;;
16726;1998;9;17;15;1.009,1;26,8;16,8;;;32;360;9;10;2;;
16726;1998;9;17;18;1.010,6;21,4;16,8;28,6;13,8;61;20;8;10;1;;
16726;1998;9;17;21;1.011,9;17,8;15,4;;;76;350;5;10;1;;
16726;1998;9;18;0;1.011,9;15,4;14,6;;;91;360;8;10;1;;
16726;1998;9;18;3;1.011,3;16,8;15,2;;;83;0;0;10;2;;
16726;1998;9;18;6;1.011,8;17,8;16,6;22,4;14;88;0;0;10;7;;
16726;1998;9;18;9;1.012,8;25,2;19;;;53;200;6;10;2;;
16726;1998;9;18;12;1.012,6;25,8;20;;;56;180;6;10;5;;
16726;1998;9;18;15;1.012;25;20,2;;;62;190;7;10;6;;
16726;1998;9;18;18;1.012,4;23,4;21;27,6;17,8;80;0;0;10;6;;
16726;1998;9;18;21;1.013;20,4;19,6;;;93;0;0;10;2;;
16726;1998;9;19;0;1.012,4;19;18;;;90;0;0;10;2;;
16726;1998;9;19;3;1.012,4;17,6;17,4;;;98;0;0;10;2;;
16726;1998;9;19;6;1.012,4;18,4;18;23,4;17,4;96;350;6;10;3;;
16726;1998;9;19;9;1.013,4;25,4;19,8;;;58;360;8;10;4;;
16726;1998;9;19;12;1.012,6;27,4;18,6;;;40;360;7;10;3;;
16726;1998;9;19;15;1.012,7;25,2;18,2;;;48;340;13;10;4;;
16726;1998;9;19;18;1.014;21;15,6;28,4;18,4;54;360;8;10;4;;
16726;1998;9;19;21;1.015;15,6;13,6;;;79;0;0;10;2;;
16726;1998;9;20;0;1.014,5;14,4;13;;;85;360;5;10;3;;
16726;1998;9;20;3;1.014,4;13,2;12,4;;;91;360;6;10;2;;
16726;1998;9;20;6;1.015,1;14,4;13;21;12,4;85;360;5;10;1;;
16726;1998;9;20;9;1.015,3;24;15,2;;;34;20;15;10;2;;
16726;1998;9;20;12;1.015,3;25,8;15,8;;;30;340;13;10;2;;
16726;1998;9;20;15;1.014,7;24;16;;;40;330;12;10;2;;
16726;1998;9;20;18;1.015,3;20;15;26,2;14,4;56;360;8;10;3;;
16726;1998;9;20;21;1.015,8;15,2;13,4;;;80;0;0;10;3;;
16726;1998;9;21;0;1.015,1;15,6;13,8;;;81;0;0;10;3;;
16726;1998;9;21;3;1.014,5;14,6;13;;;83;360;5;10;3;;
16726;1998;9;21;6;1.014,7;14,6;13;20;13;83;360;5;10;2;;
16726;1998;9;21;9;1.014,5;24;16;;;40;360;10;10;5;;
16726;1998;9;21;12;1.014,1;23;15;;;38;300;6;10;6;;
16726;1998;9;21;15;1.013;22,6;16,4;;;50;360;8;10;4;;
16726;1998;9;21;18;1.013,4;18,6;14,8;25,6;14,2;65;0;0;10;4;;
16726;1998;9;21;21;1.014,6;15,6;13,4;;;77;360;5;10;2;;
16726;1998;9;22;0;1.014,6;13;12;;;88;350;8;10;2;;
16726;1998;9;22;3;1.013,7;12,4;11,6;;;91;350;4;10;2;;
16726;1998;9;22;6;1.014,1;15,8;13,8;18,6;12,4;79;360;4;10;6;0;
16726;1998;9;22;9;1.014,4;21,6;17,4;;;64;0;0;10;4;;
16726;1998;9;22;12;1.014,1;23,4;18;;;57;200;6;10;5;;
16726;1998;9;22;15;1.013,3;23;18;;;59;150;5;10;6;;
16726;1998;9;22;18;1.013,8;20,2;15,8;25,6;15,6;61;10;5;10;3;;
16726;1998;9;22;21;1.015;17,8;15;;;73;360;5;10;3;;
16726;1998;9;23;0;1.014,5;15;13;;;79;360;5;10;2;;
16726;1998;9;23;3;1.014,5;15;13;;;79;360;5;10;2;;
16726;1998;9;23;6;1.015,4;14,8;13,2;20,2;13,6;83;360;4;10;3;;
16726;1998;9;23;9;1.016,4;24,2;18,8;;;58;200;6;10;2;;
16726;1998;9;23;12;1.016,2;26;20;;;55;180;8;10;3;;
16726;1998;9;23;15;1.015,9;25;17,4;;;43;160;6;10;3;;
16726;1998;9;23;18;1.016,7;21,4;17,2;26,6;13,6;64;30;6;10;2;;
16726;1998;9;23;21;1.017,7;17;15,4;;;83;360;8;10;2;;
16726;1998;9;24;0;1.017,4;16,6;15,2;;;85;360;5;10;2;;
16726;1998;9;24;3;1.017,2;15;14;;;89;360;6;10;2;;
16726;1998;9;24;6;1.018,1;15,4;14,2;21,4;14,8;87;350;6;10;0;;
16726;1998;9;24;9;1.020,2;25,4;19;;;52;230;4;10;4;;
16726;1998;9;24;12;1.019,4;25,4;18,6;;;50;180;8;10;5;;
16726;1998;9;24;15;1.019,8;24,4;19,4;;;60;180;8;10;5;;
16726;1998;9;24;18;1.020,3;21;18;27;15,2;73;0;0;10;4;;
16726;1998;9;24;21;1.021,1;18,6;17,2;;;86;0;0;10;5;;
16726;1998;9;25;0;1.020,3;16,8;15,2;;;83;350;5;10;2;;
16726;1998;9;25;3;1.019,5;15,6;14,2;;;85;350;6;10;0;;
16726;1998;9;25;6;1.019,7;16,2;14,4;21;15;81;340;5;10;7;;
16726;1998;9;25;9;1.020,7;24,8;17;;;42;0;0;10;6;;
16726;1998;9;25;12;1.019,4;25,2;18;;;46;180;8;10;7;;
16726;1998;9;25;15;1.018,9;24;20;;;68;180;6;10;7;;
16726;1998;9;25;18;1.019,4;22,2;19;27;16,2;73;0;0;10;7;;
16726;1998;9;25;21;1.019,7;21,2;18,2;;;73;0;0;10;7;;
16726;1998;9;26;0;1.019,3;19,4;17,8;;;85;360;5;10;7;;
16726;1998;9;26;3;1.018,4;18,4;17,2;;;88;350;4;10;5;;
16726;1998;9;26;6;1.018,7;19,6;17,8;23;16,2;83;0;0;8;7;;
16726;1998;9;26;9;1.019,1;23;19;;;67;40;6;8;7;;
16726;1998;9;26;12;1.018,4;26;20,2;;;56;210;7;8;7;;
16726;1998;9;26;15;1.018;24,8;20,6;;;67;170;6;10;6;0,2;
16726;1998;9;26;18;1.018,1;21;19,2;26,6;19,6;84;0;0;10;2;0,2;
16726;1998;9;26;21;1.018,6;19;17,8;;;88;0;0;10;2;;
16726;1998;9;27;0;1.018,6;18;17,6;;;96;0;0;10;2;;
16726;1998;9;27;3;1.018,4;16;14,8;;;87;0;0;10;2;;
16726;1998;9;27;6;1.018,2;16,8;16,2;21;15;94;350;6;10;0;;
16726;1998;9;27;9;1.018,2;26,8;20,8;;;56;360;6;10;0;;
16726;1998;9;27;12;1.017,1;29;21,8;;;51;210;9;10;2;;
16726;1998;9;27;15;1.015,8;27,6;22,2;;;61;120;8;10;2;;
16726;1998;9;27;18;1.016,6;23,4;20,2;29,6;16,8;73;20;9;10;2;;
16726;1998;9;27;21;1.016,4;19,4;18,6;;;92;360;8;10;2;;
16726;1998;9;28;0;1.015;17,4;16,6;;;92;0;0;10;2;;
16726;1998;9;28;3;1.014;16,2;15,8;;;96;350;8;10;2;;
16726;1998;9;28;6;1.014,2;18,6;17,6;24,4;16,2;90;310;5;10;4;;
16726;1998;9;28;9;1.013,6;25,4;20,4;;;61;0;0;10;5;;
16726;1998;9;28;12;1.012,4;25;22;;;76;180;10;10;7;;
16726;1998;9;28;15;1.011,8;26;21,4;;;65;180;10;10;6;;
16726;1998;9;28;18;1.011,1;23;21,4;27,4;18,4;86;180;5;8;6;;
16726;1998;9;28;21;1.011,7;21,2;20,6;;;95;0;0;10;6;;
16726;1998;9;29;0;1.010,2;21,4;20,6;;;93;0;0;10;6;;
16726;1998;9;29;3;1.009,4;21,8;20,8;;;91;0;0;8;7;0;
16726;1998;9;29;6;1.008,3;21;20;23;20,6;91;0;0;7;6;5,9;
16726;1998;9;29;9;1.009;24,6;21;;;71;180;8;10;4;;
16726;1998;9;29;12;1.008,6;25,4;20,4;;;61;250;10;8;7;;
16726;1998;9;29;15;1.008,7;20,8;19;;;84;140;6;8;6;4,1;
16726;1998;9;29;18;1.009;20;18,6;27;20;87;0;0;10;3;4,1;
16726;1998;9;29;21;1.010,2;17;16,6;;;96;360;5;10;2;;
16726;1998;9;30;0;1.011;18,2;16,4;;;82;360;10;10;2;;
16726;1998;9;30;3;1.011,4;14,6;14;;;93;330;6;10;2;;
16726;1998;9;30;6;1.011,8;16,2;15;20;14,4;87;360;6;10;0;;
16726;1998;9;30;9;1.012,4;23,8;18,2;;;56;20;12;10;2;;
16726;1998;9;30;12;1.011,7;26,6;17;;;34;340;9;10;2;;
16726;1998;9;30;15;1.011,5;25,8;18,8;;;49;330;8;10;2;;
16726;1998;9;30;18;1.013,4;21,8;17,6;27,4;16;65;20;8;10;2;;
16726;1998;9;30;21;1.013,6;17,6;16;;;84;360;5;10;2;;
16726;1998;10;1;0;1.013,1;16,2;14,2;;;79;360;8;10;2;;
16726;1998;10;1;3;1.013;15;13,4;;;83;360;7;10;2;;
16726;1998;10;1;6;1.013,6;15;13,4;22,4;13,4;83;350;5;10;0;;
16726;1998;10;1;9;1.015,1;25;17;;;41;0;0;10;0;;
16726;1998;10;1;12;1.014,2;26,6;17,8;;;39;200;9;10;0;;
16726;1998;10;1;15;1.013,8;25,8;18,6;;;48;160;5;10;0;;
16726;1998;10;1;18;1.014,5;21,6;17,2;27,4;14,6;62;20;11;10;0;;
16726;1998;10;1;21;1.013,8;19;15,4;;;66;20;8;10;0;;
16726;1998;10;2;0;1.012,3;17;14,6;;;76;0;0;10;0;;
16726;1998;10;2;3;1.012,3;15;13,6;;;85;0;0;10;0;;
16726;1998;10;2;6;1.013,6;15;14,2;22,2;13,6;91;0;0;10;0;;
16726;1998;10;2;9;1.013,6;25,4;18,4;;;48;0;0;10;0;;
16726;1998;10;2;12;1.012,6;25,6;18,4;;;46;190;10;10;2;;
16726;1998;10;2;15;1.011,1;25;19,8;;;60;190;10;10;2;;
16726;1998;10;2;18;1.011,3;22;20;26,6;15;82;180;5;10;2;;
16726;1998;10;2;21;1.011,3;20;18,6;;;87;0;0;10;2;;
16726;1998;10;3;0;1.010,9;19,6;18,4;;;88;0;0;10;2;;
16726;1998;10;3;3;1.010,2;18,2;17,6;;;94;0;0;10;2;;
16726;1998;10;3;6;1.009,3;18,8;18,2;22,2;17,6;94;0;0;10;3;;
16726;1998;10;3;9;1.008,4;25,2;20,8;;;66;190;7;10;6;;
16726;1998;10;3;12;1.007,3;24,8;21,6;;;74;210;11;10;7;;
16726;1998;10;3;15;1.005;26,2;22,8;;;74;170;13;10;6;;
16726;1998;10;3;18;1.005,3;24,4;22,8;27,4;18,2;87;180;6;10;5;;
16726;1998;10;3;21;1.006,4;22,8;20,6;;;81;330;5;10;7;;
16726;1998;10;4;0;1.006,6;20,8;18,2;;;77;360;8;10;7;;
16726;1998;10;4;3;1.007;16,8;15,8;;;90;340;5;10;2;;
16726;1998;10;4;6;1.007,8;18,2;16,6;25;16,4;84;0;0;10;2;;
16726;1998;10;4;9;1.009;23,8;17,2;;;48;360;7;10;4;;
16726;1998;10;4;12;1.009,1;25;17;;;41;350;7;10;3;;
16726;1998;10;4;15;1.010,6;24;17;;;46;350;7;10;3;;
16726;1998;10;4;18;1.011,4;18,4;14,8;26,6;18;66;350;4;10;2;;
16726;1998;10;4;21;1.012,8;17;14,4;;;74;0;0;10;2;;
16726;1998;10;5;0;1.013,3;14,4;13;;;85;0;0;10;2;;
16726;1998;10;5;3;1.013;13;12,2;;;91;340;8;10;4;;
16726;1998;10;5;6;1.014,1;14;12,8;19,2;12,6;87;350;7;10;5;;
16726;1998;10;5;9;1.015,9;23,2;16,6;;;48;20;5;10;4;;
16726;1998;10;5;12;1.015;26;17,4;;;38;210;7;10;4;;
16726;1998;10;5;15;1.014,9;25;18,8;;;53;120;6;10;1;;
16726;1998;10;5;18;1.016;19,2;14,6;27,4;13,8;59;20;7;10;0;;
16726;1998;10;5;21;1.016,6;15;12,8;;;77;20;5;10;0;;
16726;1998;10;6;0;1.016,8;14;12,4;;;82;20;5;10;0;;
16726;1998;10;6;3;1.016,3;13;12;;;88;360;5;10;0;;
16726;1998;10;6;6;1.017,1;14,8;13;19,8;12;80;360;4;10;0;;
16726;1998;10;6;9;1.017,7;26,2;17,4;;;37;0;0;10;0;;
16726;1998;10;6;12;1.017,3;26;19,2;;;50;180;9;10;0;;
16726;1998;10;6;15;1.017,1;25;20;;;61;200;7;10;0;;
16726;1998;10;6;18;1.017,8;19,4;17;27,2;14,8;78;0;0;10;0;;
16726;1998;10;6;21;1.017,1;16,4;15,6;;;92;340;7;10;0;;
16726;1998;10;7;0;1.016,6;15,2;14,2;;;89;0;0;10;0;;
16726;1998;10;7;3;1.016;14;13,2;;;91;350;5;10;0;;
16726;1998;10;7;6;1.015,8;16;14,2;19,8;13,6;81;0;0;10;0;;
16726;1998;10;7;9;1.016,4;29,4;19,2;;;35;0;0;10;0;;
16726;1998;10;7;12;1.016,6;31;20,6;;;36;180;6;10;5;;
16726;1998;10;7;15;1.015,5;29;19,2;;;35;30;5;10;5;;
16726;1998;10;7;18;1.016,3;24,6;17,8;31,6;16;49;160;8;10;5;;
16726;1998;10;7;21;1.016,6;21,8;18,4;;;70;0;0;10;7;;
16726;1998;10;8;0;1.015,3;21,4;16,2;;;56;0;0;10;7;;
16726;1998;10;8;3;1.014,6;17,8;15,2;;;74;360;5;10;5;;
16726;1998;10;8;6;1.015,8;19;15;24,6;16,4;63;20;6;10;3;;
16726;1998;10;8;9;1.017,7;31,6;20;;;31;0;0;10;2;;
16726;1998;10;8;12;1.017,4;33,2;19,8;;;26;180;6;10;2;;
16726;1998;10;8;15;1.016,8;29;21;;;46;230;6;10;2;;
16726;1998;10;8;18;1.018,4;23,6;18,6;33,4;19;60;360;6;10;0;;
16726;1998;10;8;21;1.018,6;23;17;;;52;350;6;10;0;;
16726;1998;10;9;0;1.019,4;21,4;16,6;;;60;20;8;10;0;;
16726;1998;10;9;3;1.019,3;20,4;15,6;;;58;20;5;10;3;;
16726;1998;10;9;6;1.019,9;19,6;15;23,6;17,8;59;0;0;10;2;;
16726;1998;10;9;9;1.021;30,6;20;;;34;160;4;10;0;;
16726;1998;10;9;12;1.020,8;31,2;19,8;;;31;180;6;10;0;;
16726;1998;10;9;15;1.020,4;29,8;20,2;;;38;140;6;10;0;;
16726;1998;10;9;18;1.020,8;22,4;18,6;31,6;19;68;10;4;10;0;;
16726;1998;10;9;21;1.021,4;17,8;16;;;82;360;4;10;0;;
16726;1998;10;10;0;1.020,6;16,8;15;;;82;0;0;10;0;;
16726;1998;10;10;3;1.019,8;15,6;14,4;;;87;350;6;10;0;;
16726;1998;10;10;6;1.019,5;16,4;15,2;22,8;14,4;87;0;0;10;0;;
16726;1998;10;10;9;1.020;27,8;19,2;;;41;170;5;10;0;;
16726;1998;10;10;12;1.018,4;28,4;22,4;;;57;190;8;10;0;;
16726;1998;10;10;15;1.017,6;27,6;21,6;;;57;190;5;10;0;;
16726;1998;10;10;18;1.017,4;22;20,2;30,6;16,4;84;0;0;10;0;;
16726;1998;10;10;21;1.017;17,6;16,6;;;90;0;0;10;0;;
16726;1998;10;11;0;1.016,3;17;16,2;;;92;0;0;10;0;;
16726;1998;10;11;3;1.015,3;17,2;17;;;98;340;7;10;0;;
16726;1998;10;11;6;1.014,4;17;16,6;22,4;16,2;96;0;0;8;7;;
16726;1998;10;11;9;1.014,1;24,6;21;;;71;170;5;8;8;;
16726;1998;10;11;12;1.014,4;25,6;20,6;;;62;200;8;10;7;;
16726;1998;10;11;15;1.013,1;24,2;20,2;;;68;190;6;10;8;;
16726;1998;10;11;18;1.012,3;19,2;17,8;26,6;17;87;0;0;10;7;;
16726;1998;10;11;21;1.012;17;16,4;;;94;0;0;10;6;;
16726;1998;10;12;0;1.010,9;16,4;15,6;;;92;340;6;10;7;;
16726;1998;10;12;3;1.010,6;15,6;14,8;;;91;0;0;10;4;;
16726;1998;10;12;6;1.010,2;16,2;15;20;14,4;87;320;8;10;2;;
16726;1998;10;12;9;1.010,1;25;20;;;61;200;7;10;7;;
16726;1998;10;12;12;1.009,8;25;20,2;;;62;190;12;10;8;;
16726;1998;10;12;15;1.009;23,6;20,8;;;77;210;10;10;8;;
16726;1998;10;12;18;1.009,7;19,6;18,6;26,4;16,2;91;140;14;6;8;7,3;
16726;1998;10;12;21;1.008,8;18;17,2;;;92;210;5;8;7;;
16726;1998;10;13;0;1.009,3;17,4;16,6;;;92;360;5;8;6;8,3;
16726;1998;10;13;3;1.007,9;17,2;17;;;98;0;0;8;6;;
16726;1998;10;13;6;1.008,3;16,4;16;19,6;16,2;96;0;0;8;6;8,8;
16726;1998;10;13;9;1.010,4;18,8;18;;;92;190;7;10;6;10,7;
16726;1998;10;13;12;1.010,1;21,6;18;;;69;160;8;10;5;0,2;
16726;1998;10;13;15;1.010,5;19,6;18;;;85;160;6;8;8;;
16726;1998;10;13;18;1.010,9;18;17;23;16,4;90;0;0;10;6;13,4;
16726;1998;10;13;21;1.012,3;16;15,8;;;98;0;0;10;4;;
16726;1998;10;14;0;1.012,7;14,6;14,4;;;98;0;0;10;4;;
16726;1998;10;14;3;1.012,2;13,8;13,6;;;98;0;0;10;6;;
16726;1998;10;14;6;1.013,1;15,4;15,2;18;13,8;98;0;0;4;7;17,9;
16726;1998;10;14;9;1.014,5;17,2;16,6;;;94;10;7;7;8;;
16726;1998;10;14;12;1.014,4;18;17;;;90;80;6;10;6;4,8;
16726;1998;10;14;15;1.014,6;20;17;;;73;360;8;10;5;;
16726;1998;10;14;18;1.016,6;17;13;21;15,4;61;0;0;8;6;4,8;
16726;1998;10;14;21;1.018,1;15,2;12,8;;;75;0;0;10;5;;
16726;1998;10;15;0;1.018,4;14;12,4;;;82;340;5;10;4;;
16726;1998;10;15;3;1.018,2;12,8;12;;;91;30;5;10;5;;
16726;1998;10;15;6;1.019,3;12,6;12,2;17,8;11,8;95;350;4;10;7;0;
16726;1998;10;15;9;1.019,8;18,8;13,8;;;55;360;6;10;3;0,3;
16726;1998;10;15;12;1.018,6;20,4;14,4;;;48;360;10;10;4;;
16726;1998;10;15;15;1.018,5;19,2;13,2;;;46;340;10;10;4;;
16726;1998;10;15;18;1.019,3;14,8;12,6;20,6;11,8;77;20;6;10;3;0,3;
16726;1998;10;15;21;1.020,2;14;12;;;78;360;5;10;2;;
16726;1998;10;16;0;1.020,3;11,8;10;;;78;360;5;10;1;;
16726;1998;10;16;3;1.020;11,2;9,8;;;83;360;5;10;1;;
16726;1998;10;16;6;1.020,4;11;10;15,6;10,2;88;360;5;10;0;;
16726;1998;10;16;9;1.021,4;20;15;;;56;0;0;10;1;;
16726;1998;10;16;12;1.020,8;23;15,4;;;40;0;0;10;2;;
16726;1998;10;16;15;1.020,4;21,4;16,2;;;56;160;5;10;1;;
16726;1998;10;16;18;1.021,3;16,6;14,4;23,4;11;77;0;0;10;1;;
16726;1998;10;16;21;1.022,5;13,4;12,6;;;91;360;5;10;0;;
16726;1998;10;17;0;1.023;13;12,2;;;91;360;6;10;0;;
16726;1998;10;17;3;1.023,3;12,2;11,2;;;88;360;4;10;0;;
16726;1998;10;17;6;1.024;13,8;12;17,2;10,8;80;360;5;10;0;;
16726;1998;10;17;9;1.024,6;21,8;15,6;;;50;0;0;10;0;;
16726;1998;10;17;12;1.023,1;24,2;15,2;;;33;140;5;10;1;;
16726;1998;10;17;15;1.022,6;22,8;16,8;;;52;110;6;10;1;;
16726;1998;10;17;18;1.023,5;17,2;13,2;24,4;13,8;61;360;5;10;3;;
16726;1998;10;17;21;1.023,5;13,6;12;;;82;350;8;10;2;;
16726;1998;10;18;0;1.023,3;11,8;11,2;;;93;340;8;10;0;;
16726;1998;10;18;3;1.022,1;10,6;10,2;;;95;360;5;10;0;;
16726;1998;10;18;6;1.022,5;12;11,2;18;10,2;90;360;4;10;6;;
16726;1998;10;18;9;1.022,9;19,6;16;;;67;360;5;10;5;;
16726;1998;10;18;12;1.020,6;25;17;;;41;0;0;10;5;;
16726;1998;10;18;15;1.019,4;23;16,2;;;46;30;10;10;2;;
16726;1998;10;18;18;1.019,7;18,8;16;26;12;74;10;11;10;2;;
16726;1998;10;18;21;1.019,7;16,4;15,6;;;92;360;6;10;0;;
16726;1998;10;19;0;1.019,3;13,4;12,8;;;93;360;6;10;2;;
16726;1998;10;19;3;1.019;13,2;12,6;;;93;360;8;10;2;;
16726;1998;10;19;6;1.019,9;14;13;18,8;12;89;360;5;10;1;;
16726;1998;10;19;9;1.019,3;22;17,2;;;60;360;5;10;1;;
16726;1998;10;19;12;1.018,1;26;19;;;49;200;5;10;2;;
16726;1998;10;19;15;1.017,4;23,4;19;;;64;160;10;10;2;;
16726;1998;10;19;18;1.018,6;17,6;14,6;26,4;13,6;71;360;6;10;1;;
16726;1998;10;19;21;1.018,9;13,8;12,8;;;89;360;5;10;1;;
16726;1998;10;20;0;1.018,7;13;12,2;;;91;360;4;10;1;;
16726;1998;10;20;3;1.017,8;12,4;11,6;;;91;360;5;10;1;;
16726;1998;10;20;6;1.018,5;13;12;26,4;11;88;350;7;8;1;;
16726;1998;10;20;9;1.018,6;23,2;17;;;51;0;0;10;3;;
16726;1998;10;20;12;1.018,4;24;19,2;;;62;200;8;10;5;;
16726;1998;10;20;15;1.018,4;22,4;19,2;;;73;190;8;10;6;;
16726;1998;10;20;18;1.019,8;19;17,6;24,8;13;87;0;0;10;4;;
16726;1998;10;20;21;1.020;16,6;16;;;94;360;5;10;2;;
16726;1998;10;21;0;1.020,7;15;14,6;;;96;350;7;10;2;;
16726;1998;10;21;3;1.020,8;13,6;13,4;;;98;360;5;10;2;;
16726;1998;10;21;6;1.021,7;13;12,8;24,6;12,4;98;0;0;10;3;;
16726;1998;10;21;9;1.024;22,4;17,2;;;57;0;0;10;3;;
16726;1998;10;21;12;1.023,1;24,8;19,4;;;58;190;7;10;1;;
16726;1998;10;21;15;1.023,4;23,6;19,6;;;68;0;0;10;1;;
16726;1998;10;21;18;1.024,2;20,4;18;26,6;13;78;10;7;10;1;;
16726;1998;10;21;21;1.025,1;16,2;15,6;;;94;0;0;10;0;;
16726;1998;10;22;0;1.025,1;14,2;13,6;;;93;360;7;10;0;;
16726;1998;10;22;3;1.025,3;14;13,4;;;93;0;0;10;0;;
16726;1998;10;22;6;1.025,8;14;13,4;26,4;13;93;340;4;8;2;;
16726;1998;10;22;9;1.026,4;24;19;;;60;0;0;10;2;;
16726;1998;10;22;12;1.024,6;24,8;19,6;;;60;200;7;10;2;;
16726;1998;10;22;15;1.023,3;23,8;20;;;69;180;5;10;2;;
16726;1998;10;22;18;1.023,8;20,8;19,2;26,8;13;85;0;0;10;4;;
16726;1998;10;22;21;1.024,2;17,4;16,2;;;88;0;0;10;4;;
16726;1998;10;23;0;1.023,1;17,2;16,6;;;94;350;4;10;4;;
16726;1998;10;23;3;1.021,7;16,6;16,2;;;96;0;0;10;4;;
16726;1998;10;23;6;1.021,1;16,6;16;20,8;13;94;0;0;5;4;;
16726;1998;10;23;9;1.020,6;23;19;;;67;0;0;6;2;;
16726;1998;10;23;12;1.019,3;22,2;18,6;;;70;190;12;8;6;;
16726;1998;10;23;15;1.017,8;21,6;18,6;;;74;120;10;8;7;;
16726;1998;10;23;18;1.018,1;20,2;18;24,6;16,4;80;90;5;8;7;;
16726;1998;10;23;21;1.017,7;18,6;17,8;;;92;0;0;8;6;;
16726;1998;10;24;0;1.017,7;17;16;;;90;0;0;8;6;;
16726;1998;10;24;3;1.016,4;16;15;;;89;0;0;8;7;;
16726;1998;10;24;6;1.015,4;15,2;15;20,2;15;98;0;0;5;8;3,8;
16726;1998;10;24;9;1.015,8;18;17,2;;;92;130;6;8;6;;
16726;1998;10;24;12;1.014,5;19,4;17;;;78;150;10;8;6;0,6;
16726;1998;10;24;15;1.013,6;19,6;16,6;;;73;180;8;8;5;;
16726;1998;10;24;18;1.013,7;18,8;16,2;21;15,2;75;120;5;8;4;0,6;
16726;1998;10;24;21;1.013,7;15,6;14,8;;;91;0;0;10;3;;
16726;1998;10;25;0;1.013,4;15,2;14,4;;;91;0;0;10;3;;
16726;1998;10;25;3;1.012,8;14,4;13,6;;;91;360;5;10;6;;
16726;1998;10;25;6;1.012,4;14,8;14,6;19,2;13,8;98;0;0;8;6;1,4;
16726;1998;10;25;9;1.012;18;16,8;;;88;0;0;8;5;;
16726;1998;10;25;12;1.010,9;21,6;16,8;;;60;210;4;10;2;;
16726;1998;10;25;15;1.010,9;20,6;16,8;;;67;0;0;10;2;;
16726;1998;10;25;18;1.011,7;15;13,6;22,6;14,8;85;0;0;10;0;;
16726;1998;10;25;21;1.012,3;13,4;12,4;;;88;0;0;10;2;;
16726;1998;10;26;0;1.011,8;13,4;12,8;;;93;0;0;10;5;;
16726;1998;10;26;3;1.011;13,4;12,7;;;91;0;0;10;4;;
16726;1998;10;26;6;1.011;14,2;13,6;15;13;93;20;5;8;6;;
16726;1998;10;26;9;1.010,7;20;18,2;;;83;0;0;8;7;;
16726;1998;10;26;12;1.009,4;23;19,4;;;70;180;8;8;5;0;
16726;1998;10;26;15;1.009,4;22,4;18,6;;;68;0;0;10;5;;
16726;1998;10;26;18;1.009,6;21;19;24;14,2;82;230;5;8;6;0;
16726;1998;10;26;21;1.009,6;19,4;18,4;;;90;0;0;8;4;;
16726;1998;10;27;0;1.009,1;17,8;17;;;92;0;0;8;6;;
16726;1998;10;27;3;1.009,3;16,4;15,4;;;89;20;12;8;8;3,3;
16726;1998;10;27;6;1.010,5;15;14,4;21;14,8;93;340;5;10;4;3,3;
16726;1998;10;27;9;1.013,1;20,4;15,6;;;58;360;10;10;4;;
16726;1998;10;27;12;1.013,7;21;14,4;;;44;360;6;10;3;;
16726;1998;10;27;15;1.014,7;20,4;13,6;;;43;360;8;10;3;;
16726;1998;10;27;18;1.018;15,2;12;21,8;14,6;66;360;5;10;6;;
16726;1998;10;27;21;1.020;14,4;11,8;;;72;0;0;10;4;;
16726;1998;10;28;0;1.022,4;13,8;11;;;69;0;0;10;2;;
16726;1998;10;28;3;1.023,3;12,4;10,4;;;76;350;8;10;0;;
16726;1998;10;28;6;1.024,2;12;9,2;21,6;9,5;67;350;8;10;0;;
16726;1998;10;28;9;1.025,4;18,8;11,4;;;34;10;4;10;0;;
16726;1998;10;28;12;1.024,2;21;12,4;;;30;180;5;10;0;;
16726;1998;10;28;15;1.024;19,6;11,4;;;30;360;8;10;0;;
16726;1998;10;28;18;1.024,7;14,8;8;21,8;12;32;350;7;10;2;;
16726;1998;10;28;21;1.024,6;13,6;9,6;;;57;0;0;10;0;;
16726;1998;10;29;0;1.024,2;10,2;8,8;;;82;0;0;10;2;;
16726;1998;10;29;3;1.023,1;9,6;8,6;;;87;350;6;10;2;;
16726;1998;10;29;6;1.022,5;11;10;14,8;9;88;360;6;10;3;;
16726;1998;10;29;9;1.022,6;21;16;;;57;20;10;10;2;;
16726;1998;10;29;12;1.020,8;24;16,6;;;44;340;6;10;1;;
16726;1998;10;29;15;1.019,8;22;16;;;51;20;10;10;1;;
16726;1998;10;29;18;1.020,6;15;13,6;24,4;11;85;360;5;10;0;;
16726;1998;10;29;21;1.019,9;12;11,4;;;93;360;6;10;0;;
16726;1998;10;30;0;1.017,4;13;12,6;;;95;360;6;10;4;;
16726;1998;10;30;3;1.017;12,4;12;;;95;10;5;10;2;;
16726;1998;10;30;6;1.016,8;12;11,4;15;11;93;360;5;10;4;;
16726;1998;10;30;9;1.016,6;18,8;15,4;;;68;360;5;10;1;;
16726;1998;10;30;12;1.015,1;24;18,2;;;54;200;5;10;2;;
16726;1998;10;30;15;1.014,1;22,4;16,2;;;50;360;8;10;0;;
16726;1998;10;30;18;1.014,5;17,2;15;25;11,6;78;340;5;10;0;;
16726;1998;10;30;21;1.014,4;14,2;13;;;87;360;8;10;0;;
16726;1998;10;31;0;1.014;12,6;12,2;;;95;350;7;10;0;;
16726;1998;10;31;3;1.013,6;12,2;12;;;98;360;7;10;0;;
16726;1998;10;31;6;1.013;13,4;12,4;17,2;11,2;88;360;7;8;6;;
16726;1998;10;31;9;1.014,4;19,6;16,8;;;74;0;0;10;7;;
16726;1998;10;31;12;1.013,1;21,8;16,4;;;54;0;0;10;7;;
16726;1998;10;31;15;1.013;21,4;17,4;;;65;270;5;10;5;;
16726;1998;10;31;18;1.014,2;17,4;15,6;23,2;13,4;82;360;5;10;4;;
16726;1998;10;31;21;1.014,6;14,4;13,4;;;89;0;0;10;2;;
16726;1998;11;1;0;1.014,7;13,2;12,2;;;88;0;0;10;2;;
16726;1998;11;1;3;1.014,6;12,4;11,2;;;86;0;0;10;2;;
16726;1998;11;1;6;1.014,7;12,2;11,4;17,6;11;90;360;5;10;6;;
16726;1998;11;1;9;1.015;20,6;15,4;;;55;0;0;10;4;;
16726;1998;11;1;12;1.013,8;22,6;15,8;;;46;190;6;10;4;;
16726;1998;11;1;15;1.012,7;21;13,6;;;40;250;7;10;2;;
16726;1998;11;1;18;1.013,7;15,8;13,6;23;12,2;77;350;4;10;4;;
16726;1998;11;1;21;1.014,1;12,2;10,6;;;81;340;6;10;2;;
16726;1998;11;2;0;1.012,8;10,2;3,4;;;18;0;0;10;2;;
16726;1998;11;2;3;1.012,2;9,4;9;;;95;0;0;10;2;;
16726;1998;11;2;6;1.012,7;10,2;9,8;16,6;9,4;95;0;0;10;5;;
16726;1998;11;2;9;1.013,8;18,8;15,4;;;68;0;0;10;3;;
16726;1998;11;2;12;1.013,1;22;16,4;;;53;180;8;10;3;;
16726;1998;11;2;15;1.013;21,4;16,8;;;61;160;6;10;2;;
16726;1998;11;2;18;1.014;14,6;13,4;23;10;87;0;0;10;2;;
16726;1998;11;2;21;1.015,1;12,4;11,8;;;93;340;5;10;0;;
16726;1998;11;3;0;1.015,3;11;10,4;;;92;360;5;10;0;;
16726;1998;11;3;3;1.015,4;10;9,8;;;97;360;6;10;0;;
16726;1998;11;3;6;1.016,4;10;9,8;15,6;9,6;97;350;5;10;4;;
16726;1998;11;3;9;1.017,4;19;15,4;;;66;0;0;10;2;;
16726;1998;11;3;12;1.016,8;22,4;16,4;;;51;190;6;10;2;;
16726;1998;11;3;15;1.016,8;21,4;18,2;;;72;170;7;10;4;;
16726;1998;11;3;18;1.018,1;16;14,8;23,4;9,8;87;0;0;10;2;;
16726;1998;11;3;21;1.018,7;15,6;14,8;;;91;0;0;10;6;;
16726;1998;11;4;0;1.019,1;13,6;13;;;93;0;0;10;3;;
16726;1998;11;4;3;1.018,9;13,8;13,4;;;95;0;0;10;4;;
16726;1998;11;4;6;1.019,3;14;13,4;16,6;12,8;93;0;0;6;5;;
16726;1998;11;4;9;1.020;20;17,6;;;78;0;0;8;4;;
16726;1998;11;4;12;1.019,5;23,2;18,8;;;64;180;8;10;4;;
16726;1998;11;4;15;1.019,1;22,2;17,4;;;60;280;6;10;3;;
16726;1998;11;4;18;1.020;15;14,2;23,6;9;91;0;0;10;2;;
16726;1998;11;4;21;1.020,4;13;12,6;;;95;0;0;10;2;;
16726;1998;11;5;0;1.020,7;11,8;11,4;;;95;0;0;10;2;;
16726;1998;11;5;3;1.020,7;11,4;11,2;;;97;0;0;10;3;;
16726;1998;11;5;6;1.021,3;11,4;11;15;11;95;0;0;8;4;;
16726;1998;11;5;9;1.022,1;22;18;;;66;0;0;8;3;;
16726;1998;11;5;12;1.020,6;23;18,4;;;62;180;5;10;4;;
16726;1998;11;5;15;1.020,6;21,2;18;;;72;0;0;10;6;;
16726;1998;11;5;18;1.021,3;16;15;23,6;11,4;89;0;0;10;8;;
16726;1998;11;5;21;1.021,7;14;13,2;;;91;0;0;10;6;;
16726;1998;11;6;0;1.021,7;11,6;10,8;;;90;360;5;10;6;;
16726;1998;11;6;3;1.021,6;10,4;9,2;;;85;360;7;10;4;;
16726;1998;11;6;6;1.022,1;7,8;7;16,6;7,8;89;340;6;10;6;;
16726;1998;11;6;9;1.022;21;14,6;;;47;0;0;10;4;;
16726;1998;11;6;12;1.022;25;15,6;;;33;180;6;10;3;;
16726;1998;11;6;15;1.020;21;17,6;;;70;190;6;10;3;;
16726;1998;11;6;18;1.020,6;14,8;14,2;25;7,8;93;0;0;10;4;;
16726;1998;11;6;21;1.020,6;11,8;11,2;;;93;350;6;10;0;;
16726;1998;11;7;0;1.020,6;11,2;10,6;;;93;360;6;10;0;;
16726;1998;11;7;3;1.020;10,4;9,4;;;87;0;0;10;0;;
16726;1998;11;7;6;1.019,7;9,6;8,2;15;7,4;82;360;4;10;4;;
16726;1998;11;7;9;1.019,7;21;15,4;;;52;0;0;10;3;;
16726;1998;11;7;12;1.018,2;23,2;16,6;;;48;180;6;10;2;;
16726;1998;11;7;15;1.017,6;21,8;17,8;;;66;180;6;10;0;;
16726;1998;11;7;18;1.018;15,6;14,8;24;9,4;91;0;0;10;0;;
16726;1998;11;7;21;1.018,2;12;11,4;;;93;0;0;10;1;;
16726;1998;11;8;0;1.017,7;11,4;11;;;95;0;0;10;4;;
16726;1998;11;8;3;1.017,3;12,6;12,4;;;98;350;6;10;6;3,1;
16726;1998;11;8;6;1.018,1;13;12,6;16,4;9,2;95;360;8;8;2;3,1;
16726;1998;11;8;9;1.018,9;20,4;16,6;;;67;360;12;10;1;;
16726;1998;11;8;12;1.018,4;22,6;16,8;;;53;10;12;10;3;;
16726;1998;11;8;15;1.018,1;18,4;13,8;;;57;360;8;10;4;;
16726;1998;11;8;18;1.020;16,6;12,8;23;13;63;330;4;10;4;;
16726;1998;11;8;21;1.020,3;15;11,4;;;62;360;6;10;4;;
16726;1998;11;9;0;1.020;13,6;10,6;;;67;360;10;10;2;;
16726;1998;11;9;3;1.019,7;12,4;9,8;;;70;340;9;10;2;;
16726;1998;11;9;6;1.019,8;12,2;10;16,6;10;74;360;6;10;2;;
16726;1998;11;9;9;1.019,5;18,4;13;;;51;360;6;10;2;;
16726;1998;11;9;12;1.017,7;21,4;15;;;47;210;8;10;2;;
16726;1998;11;9;15;1.017,1;20,2;15,6;;;60;20;8;10;1;;
16726;1998;11;9;18;1.018;15;11;22,4;12,2;58;20;5;10;0;;
16726;1998;11;9;21;1.018,4;11,8;9,6;;;74;360;8;10;0;;
16726;1998;11;10;0;1.018,1;9,6;8,6;;;87;360;8;10;0;;
16726;1998;11;10;3;1.017,6;8,4;7,6;;;89;350;10;10;1;;
16726;1998;11;10;6;1.018;7,6;6,6;15;7,2;86;340;6;10;1;;
16726;1998;11;10;9;1.019,7;18,4;13,6;;;56;0;0;10;1;;
16726;1998;11;10;12;1.017;20;14,4;;;51;180;6;10;1;;
16726;1998;11;10;15;1.016;18,6;14,2;;;59;170;6;10;2;;
16726;1998;11;10;18;1.016,4;13;11,4;20,4;4,6;81;350;2;10;3;;
16726;1998;11;10;21;1.016,7;10,6;9,8;;;90;350;7;10;0;;
16726;1998;11;11;0;1.016,2;9,2;8,4;;;89;360;7;10;0;;
16726;1998;11;11;3;1.015,3;8,2;7,4;;;89;350;5;10;3;;
16726;1998;11;11;6;1.015;10;9;13;8;87;360;5;10;7;;
16726;1998;11;11;9;1.014,4;17;13,6;;;67;0;0;10;5;;
16726;1998;11;11;12;1.012,7;19;15;;;63;180;5;10;5;;
16726;1998;11;11;15;1.012,4;18,8;14,8;;;63;200;5;10;7;;
16726;1998;11;11;18;1.013,1;16,4;14,4;20,8;9,6;79;0;0;10;7;;
16726;1998;11;11;21;1.012,6;15,8;14;;;81;0;0;10;5;;
16726;1998;11;12;0;1.011,9;14,4;13,2;;;87;170;5;10;4;;
16726;1998;11;12;3;1.010,6;15;14;;;89;0;0;10;6;;
16726;1998;11;12;6;1.010,7;16,2;15,8;16,4;14;96;0;0;8;7;0,6;
16726;1998;11;12;9;1.010,6;18;16,4;;;84;180;5;8;7;;
16726;1998;11;12;12;1.010,2;20;18;;;81;240;10;8;7;6;
16726;1998;11;12;15;1.009,8;16;15;;;89;160;10;8;7;10,1;
16726;1998;11;12;18;1.009,6;15,6;14,6;21,2;15,2;89;180;5;8;6;18;
16726;1998;11;12;21;1.010,1;13,8;13,2;;;93;140;5;8;7;2,7;
16726;1998;11;13;0;1.010,1;11,2;11;;;97;0;0;8;5;;
16726;1998;11;13;3;1.010,1;10,4;10,2;;;97;0;0;8;5;0,8;
16726;1998;11;13;6;1.010,6;10,2;9,8;16,4;9,4;95;340;5;8;6;3,5;
16726;1998;11;13;9;1.010,5;15,4;14,2;;;87;0;0;10;5;;
16726;1998;11;13;12;1.008,7;17,4;13,6;;;64;0;0;10;8;0;
16726;1998;11;13;15;1.007,3;15;14;;;89;160;8;6;8;1,9;
16726;1998;11;13;18;1.007,1;12,2;11,8;19,6;10;95;0;0;8;7;4,9;
16726;1998;11;13;21;1.006,4;11;10,4;;;92;10;6;10;7;1,7;
16726;1998;11;14;0;1.006,4;10,4;10;;;95;360;4;10;8;6,7;
16726;1998;11;14;3;1.006,1;9,8;9;;;90;360;5;10;7;1,6;
16726;1998;11;14;6;1.006,7;8,8;8,6;12,8;8,6;97;360;5;10;3;10;
16726;1998;11;14;9;1.008,2;14,8;12,4;;;74;10;6;10;5;;
16726;1998;11;14;12;1.008,2;18,4;13,4;;;53;0;0;10;6;;
16726;1998;11;14;15;1.009,6;15,8;12,6;;;68;20;6;10;7;;
16726;1998;11;14;18;1.011,5;12,8;11,4;19,6;8,8;83;0;0;10;6;;
16726;1998;11;14;21;1.013,1;10,6;9,8;;;90;360;5;10;3;;
16726;1998;11;15;0;1.013,4;9,4;9;;;95;350;6;10;2;;
16726;1998;11;15;3;1.013,8;8,2;7,8;;;94;350;6;10;2;;
16726;1998;11;15;6;1.014,7;7,2;7;13,4;7,2;97;340;7;10;5;;
16726;1998;11;15;9;1.015,3;16;13;;;69;10;5;10;5;;
16726;1998;11;15;12;1.014,1;19;14;;;55;180;7;10;3;;
16726;1998;11;15;15;1.013,8;16,4;14,4;;;79;180;6;10;4;;
16726;1998;11;15;18;1.014,2;16;14,4;20;7,2;83;0;0;10;6;;
16726;1998;11;15;21;1.013,8;16;14,8;;;87;360;5;10;7;2,3;
16726;1998;11;16;0;1.013,3;15,4;14,6;;;91;170;6;10;5;2;
16726;1998;11;16;3;1.013;14,8;14,4;;;95;0;0;10;4;;
16726;1998;11;16;6;1.014,5;13,4;13;16;13;95;340;5;10;5;4,3;
16726;1998;11;16;9;1.016,2;16;14,2;;;81;0;0;10;4;;
16726;1998;11;16;12;1.015,7;20;14,4;;;51;20;8;10;4;;
16726;1998;11;16;15;1.015,4;17,4;13;;;58;10;5;10;6;;
16726;1998;11;16;18;1.015,9;12,6;11;20,2;12,6;81;10;5;10;3;;
16726;1998;11;16;21;1.016,2;9,4;8,8;;;92;350;6;10;2;;
16726;1998;11;17;0;1.015,4;9;8,8;;;97;0;0;10;2;;
16726;1998;11;17;3;1.014,4;7,4;7,2;;;97;0;0;10;2;;
16726;1998;11;17;6;1.014,1;9;8,6;12,6;7,4;95;0;0;10;7;;
16726;1998;11;17;9;1.013,7;14,6;13;;;83;180;5;8;6;;
16726;1998;11;17;12;1.012,2;17,6;13,2;;;58;260;6;8;7;0;
16726;1998;11;17;15;1.011,4;16,8;13;;;63;280;5;10;4;;
16726;1998;11;17;18;1.012,8;13,6;11,4;19,2;9;75;20;12;8;6;0,7;
16726;1998;11;17;21;1.014,4;10,2;9;;;85;0;0;10;3;;
16726;1998;11;18;0;1.015,3;8;6,8;;;83;0;0;10;2;;
16726;1998;11;18;3;1.015,3;7,6;6,6;;;86;360;5;10;2;;
16726;1998;11;18;6;1.016,4;5;4,6;16,8;4,8;94;360;5;10;2;;
16726;1998;11;18;9;1.017,3;14;10;;;57;360;5;10;2;;
16726;1998;11;18;12;1.016,4;17;10,6;;;41;360;5;10;2;;
16726;1998;11;18;15;1.016,8;14;8,6;;;44;20;6;10;5;;
16726;1998;11;18;18;1.018;8,8;6;17,4;5;63;350;6;10;0;;
16726;1998;11;18;21;1.019,3;5,6;4,2;;;78;340;10;10;0;;
16726;1998;11;19;0;1.019,5;4,4;1,9;;;59;350;9;10;0;;
16726;1998;11;19;3;1.019,5;3,6;2,6;;;84;340;8;10;0;;
16726;1998;11;19;6;1.019,4;4,6;4,4;8,8;3,6;97;360;5;10;4;;
16726;1998;11;19;9;1.019,4;15;11;;;58;360;5;10;3;;
16726;1998;11;19;12;1.017,3;16,8;11,8;;;52;200;5;10;5;;
16726;1998;11;19;15;1.015,7;15,4;12,4;;;68;0;0;10;6;;
16726;1998;11;19;18;1.014,6;16,2;12;18,4;4;58;180;10;10;6;;
16726;1998;11;19;21;1.013,8;15,6;13,2;;;75;20;13;8;8;2,2;
16726;1998;11;20;0;1.012,7;12,6;10;;;70;360;10;10;8;21,8;
16726;1998;11;20;3;1.008,7;17;15;;;80;180;15;10;8;;
16726;1998;11;20;6;1.007,9;19;16,4;19;12;75;180;20;6;8;24;
16726;1998;11;20;9;1.010,7;13;12;;;88;30;15;4;8;7,1;
16726;1998;11;20;12;1.009,3;12,8;12;;;91;330;10;4;8;12,9;
16726;1998;11;20;15;1.007,8;14,4;13;;;85;200;5;10;7;17,1;
16726;1998;11;20;18;1.007,3;14,6;13,4;20;12,2;87;240;5;8;8;41,5;
16726;1998;11;20;21;1.009,1;12;11,8;;;98;0;0;10;7;1,2;
16726;1998;11;21;0;1.010,4;12;11,8;;;98;10;8;10;7;;
16726;1998;11;21;3;1.012,2;12;11;;;88;360;10;10;7;;
16726;1998;11;21;6;1.013,8;9,6;8;14,8;9,6;79;360;7;10;1;1,2;
16726;1998;11;21;9;1.015,5;14,6;10,6;;;58;360;5;10;4;;
16726;1998;11;21;12;1.015,5;17,4;11,2;;;42;0;0;10;7;;
16726;1998;11;21;15;1.016;15,4;12,8;;;73;0;0;10;8;;
16726;1998;11;21;18;1.016,8;13;11,4;17,8;9;81;0;0;10;8;;
16726;1998;11;21;21;1.016,8;11,4;10;;;83;0;0;10;8;;
16726;1998;11;22;0;1.016,2;11,6;10,6;;;88;360;5;10;8;;
16726;1998;11;22;3;1.015,1;11,2;10,6;;;93;360;8;10;7;2,6;
16726;1998;11;22;6;1.014,2;12;11,6;13,4;11;95;360;6;10;8;2,6;
16726;1998;11;22;9;1.013,7;14,2;13;;;87;10;5;10;8;;
16726;1998;11;22;12;1.012;17,4;15,2;;;78;10;5;10;8;;
16726;1998;11;22;15;1.012,2;16,8;14,8;;;80;0;0;10;8;0,2;
16726;1998;11;22;18;1.010,7;20,2;14,2;21,2;12;48;180;12;8;8;0,4;
16726;1998;11;22;21;1.008,8;20,2;14;;;47;160;12;8;8;;
16726;1998;11;23;0;1.007,1;20,8;13,6;;;41;150;18;8;8;;
16726;1998;11;23;3;1.005,8;12,4;11,2;;;86;340;18;8;8;4,2;
16726;1998;11;23;6;1.004,8;11,2;10,8;20,8;10;95;0;0;8;7;14;
16726;1998;11;23;9;1.006,1;14,2;12;;;76;0;0;8;8;;
16726;1998;11;23;12;1.007;12,6;11,2;;;83;0;0;6;7;7,5;
16726;1998;11;23;15;1.007,7;12,8;10,4;;;72;170;5;10;6;;
16726;1998;11;23;18;1.008,7;12,6;9,8;24;11;68;210;5;8;7;8,5;
16726;1998;11;23;21;1.010,2;9,6;9;;;92;0;0;8;7;4,3;
16726;1998;11;24;0;1.012,2;9,8;9,2;;;92;360;7;8;8;2,5;
16726;1998;11;24;3;1.012,6;9;8,8;;;97;360;5;10;7;2;
16726;1998;11;24;6;1.014,5;10,4;9,6;12,6;9;90;20;5;7;7;9;
16726;1998;11;24;9;1.015,8;13;12;;;88;0;0;8;7;;
16726;1998;11;24;12;1.015,8;15,6;13,2;;;75;0;0;8;7;2;
16726;1998;11;24;15;1.016,7;15;13,4;;;83;0;0;10;5;1,3;
16726;1998;11;24;18;1.017,6;11,4;11,2;17,8;8,6;97;360;5;10;6;3,3;
16726;1998;11;24;21;1.018,5;11,6;11,4;;;97;0;0;8;7;0,1;
16726;1998;11;25;0;1.018,5;10,2;10;;;97;360;5;8;6;;
16726;1998;11;25;3;1.017,6;10,2;10;;;97;360;6;8;6;;
16726;1998;11;25;6;1.018,1;8,6;8,2;11,6;8;94;360;5;10;5;0,1;
16726;1998;11;25;9;1.018,5;15;13;;;79;0;0;10;5;;
16726;1998;11;25;12;1.017,3;15,6;12,8;;;71;0;0;10;7;;
16726;1998;11;25;15;1.016,7;15;13,2;;;80;0;0;10;7;;
16726;1998;11;25;18;1.017;13;12;17,8;8,6;88;0;0;10;7;;
16726;1998;11;25;21;1.017;12;11,4;;;93;0;0;10;7;;
16726;1998;11;26;0;1.014,9;10,6;10,2;;;95;360;5;10;7;0,3;
16726;1998;11;26;3;1.014,2;10,8;10,2;;;92;360;5;10;7;;
16726;1998;11;26;6;1.013;10,8;10;13,2;10,2;90;360;7;10;8;0,4;
16726;1998;11;26;9;1.012,3;14,2;12,8;;;85;360;7;10;7;0,2;
16726;1998;11;26;12;1.009,3;16,2;13;;;68;360;7;10;8;0,2;
16726;1998;11;26;15;1.008,8;14;12;;;78;350;7;10;8;1,1;
16726;1998;11;26;18;1.009,3;13;11;16,6;10,8;77;20;8;10;8;3,1;
16726;1998;11;26;21;1.010,2;12,8;10,8;;;77;20;6;10;8;;
16726;1998;11;27;0;1.011,1;12,8;10,8;;;77;0;0;10;4;;
16726;1998;11;27;3;1.011,1;11,4;9,8;;;81;0;0;10;3;;
16726;1998;11;27;6;1.011,9;10;9;13,6;9,6;87;360;7;10;3;;
16726;1998;11;27;9;1.014,1;14,2;12,6;;;83;0;0;10;8;;
16726;1998;11;27;12;1.013;16,6;14;;;74;0;0;10;8;;
16726;1998;11;27;15;1.012,7;14,4;13,6;;;91;0;0;6;8;2,2;
16726;1998;11;27;18;1.012,8;13;12,6;17,6;9,8;95;360;5;8;8;3,5;
16726;1998;11;27;21;1.011,3;12,2;11,8;;;95;360;5;8;8;0,1;
16726;1998;11;28;0;1.010,1;12,2;11,8;;;95;300;12;8;8;10,1;
16726;1998;11;28;3;1.008,7;11,2;10,6;;;93;10;6;8;8;0,7;
16726;1998;11;28;6;1.009,1;11,4;10,2;13,6;9,8;85;130;8;10;8;15,3;
16726;1998;11;28;9;1.009,6;12,4;12;;;95;0;0;10;6;0,6;
16726;1998;11;28;12;1.007,8;13;12;;;88;0;0;8;8;0,8;
16726;1998;11;28;15;1.007,5;12;11;;;88;360;5;8;7;2;
16726;1998;11;28;18;1.007;12;11;15;10;88;0;0;8;7;3,5;
16726;1998;11;28;21;1.007,4;10;9,4;;;92;0;0;8;7;;
16726;1998;11;29;0;1.006,7;10;9,6;;;95;360;6;8;7;;
16726;1998;11;29;3;1.005,1;10;9,4;;;92;10;5;8;8;1;
16726;1998;11;29;6;1.004,7;10,2;10;12;9;97;10;5;8;8;6,7;
16726;1998;11;29;9;1.005,1;13;11,4;;;81;0;0;10;7;;
16726;1998;11;29;12;1.005,3;15;13;;;79;360;5;10;7;;
16726;1998;11;29;15;1.006,4;15,6;12,6;;;69;360;5;10;7;;
16726;1998;11;29;18;1.008,3;11,4;10;17,4;10;83;360;5;10;2;;
16726;1998;11;29;21;1.010,7;8,2;7,8;;;94;360;6;10;2;;
16726;1998;11;30;0;1.011,8;7,6;7;;;91;340;8;10;1;;
16726;1998;11;30;3;1.013,1;7,6;7;;;91;360;5;10;5;;
16726;1998;11;30;6;1.014,6;7;6,1;14,8;6,6;85;10;6;10;4;;
16726;1998;11;30;9;1.016,6;12,4;11,4;;;88;0;0;10;5;;
16726;1998;11;30;12;1.016;16;14;;;79;180;7;10;5;;
16726;1998;11;30;15;1.016,8;15,2;13,4;;;80;0;0;10;7;;
16726;1998;11;30;18;1.017,8;13,4;11;17;7;73;20;5;10;7;;
16726;1998;11;30;21;1.019,1;12,2;10,4;;;78;20;5;10;6;;
16726;1998;12;1;0;1.019,1;12,2;10,4;;;78;20;5;10;6;;
16726;1998;12;1;3;1.019,9;11,4;9,8;;;81;20;5;10;6;;
16726;1998;12;1;6;1.020,7;10;9;13,4;9,8;87;360;5;10;3;;
16726;1998;12;1;9;1.022;15;13;;;79;350;5;10;5;;
16726;1998;12;1;12;1.021,1;17;13,4;;;64;0;0;10;5;;
16726;1998;12;1;15;1.020,7;15,8;13,6;;;77;10;5;6;8;9,9;
16726;1998;12;1;18;1.022,2;13;12,8;22,8;2,6;98;0;0;7;8;12,1;
16726;1998;12;1;21;1.023,1;12,4;12,2;;;98;10;6;8;8;6,2;
16726;1998;12;2;0;1.022,9;11,6;11,4;;;97;360;7;8;6;2,8;
16726;1998;12;2;3;1.022,6;11;10,8;;;97;360;8;8;5;;
16726;1998;12;2;6;1.022,7;8,8;8,4;13;8,4;94;10;6;10;4;9;
16726;1998;12;2;9;1.023,5;16,6;14;;;74;10;5;10;4;;
16726;1998;12;2;12;1.022,2;19;15;;;63;0;0;10;4;;
16726;1998;12;2;15;1.022,1;18;14,6;;;68;0;0;10;4;;
16726;1998;12;2;18;1.022,6;13;11,4;19,4;8,8;81;0;0;10;4;;
16726;1998;12;2;21;1.022,6;10,6;10;;;92;330;5;10;4;;
16726;1998;12;3;0;1.022,5;9,4;8,8;;;92;350;5;10;3;;
16726;1998;12;3;3;1.022,1;8,4;7,8;;;92;330;6;10;2;;
16726;1998;12;3;6;1.022,1;8,2;7,8;13;8;94;320;6;10;2;;
16726;1998;12;3;9;1.022,9;16;12,2;;;61;320;5;10;2;;
16726;1998;12;3;12;1.020,4;18;14;;;62;0;0;10;2;;
16726;1998;12;3;15;1.020,6;15,6;13,6;;;79;0;0;10;7;;
16726;1998;12;3;18;1.020,8;11,8;10,4;19,6;8,2;83;360;5;10;7;;
16726;1998;12;3;21;1.020,3;11;9,6;;;83;360;7;10;4;;
16726;1998;12;4;0;1.019,5;10,2;9,6;;;92;0;0;10;7;;
16726;1998;12;4;3;1.018,2;12,2;10,6;;;81;20;7;10;7;;
16726;1998;12;4;6;1.018,9;12;11,2;13;8,8;90;350;5;10;7;0,7;
16726;1998;12;4;9;1.017;18;15;;;71;160;18;8;8;0,6;
16726;1998;12;4;12;1.017,3;16,6;15,6;;;90;140;18;4;8;5;
16726;1998;12;4;15;1.016;16;15,2;;;91;150;18;4;8;5;
16726;1998;12;4;18;1.013,1;17;15,4;18,6;12;83;150;18;6;8;11,5;
16726;1998;12;4;21;1.014,1;18;16,4;;;84;150;16;6;8;0;
16726;1998;12;5;0;1.013,4;18;16,2;;;82;150;18;8;8;0,5;
16726;1998;12;5;3;1.012,4;17,4;16;;;86;150;12;8;8;7,2;
16726;1998;12;5;6;1.013,6;14,6;14;18,8;14,2;93;0;0;6;4;8;
16726;1998;12;5;9;1.015;18,6;14,4;;;61;0;0;6;6;;
16726;1998;12;5;12;1.013,7;19,4;14,8;;;59;220;6;10;4;;
16726;1998;12;5;15;1.013,4;16,6;13,2;;;66;230;6;10;5;;
16726;1998;12;5;18;1.013,3;14,4;12,2;20,4;14,4;76;210;5;10;4;0,3;
16726;1998;12;5;21;1.014,5;14,4;12,6;;;80;0;0;10;6;;
16726;1998;12;6;0;1.014,1;14,8;12,2;;;72;0;0;10;6;;
16726;1998;12;6;3;1.013,6;14,8;12,6;;;77;0;0;10;8;;
16726;1998;12;6;6;1.014;10,2;9,6;15,4;10,2;92;0;0;10;5;0,5;
16726;1998;12;6;9;1.013,6;16;13;;;69;100;6;8;7;;
16726;1998;12;6;12;1.012,8;15,4;10,5;;;50;240;6;8;6;3,2;
16726;1998;12;6;15;1.013;14,8;11,2;;;62;0;0;10;4;;
16726;1998;12;6;18;1.013,6;10,8;9,6;17,4;10,2;85;170;7;10;4;3,2;
16726;1998;12;6;21;1.013,4;11,6;10;;;81;0;0;10;4;;
16726;1998;12;7;0;1.013,4;9,6;8,8;;;90;0;0;10;6;;
16726;1998;12;7;3;1.013,4;9,8;9,4;;;95;310;6;10;7;;
16726;1998;12;7;6;1.014,6;10,2;9,8;13;9,6;95;0;0;8;7;1,9;
16726;1998;12;7;9;1.015,8;12,4;11,2;;;86;0;0;10;7;;
16726;1998;12;7;12;1.015,3;13,4;10,4;;;66;230;5;10;7;0,2;
16726;1998;12;7;15;1.014,9;14;11;;;67;180;5;10;6;;
16726;1998;12;7;18;1.015;9,6;9;15;9,6;92;360;5;8;7;1,6;
16726;1998;12;7;21;1.015,8;9,6;9;;;92;360;5;8;7;;
16726;1998;12;8;0;1.014,7;7;6,8;;;97;360;5;10;5;;
16726;1998;12;8;3;1.014,7;7;6,8;;;97;360;5;10;5;;
16726;1998;12;8;6;1.014,6;7,4;7,2;9,8;7;97;0;0;10;6;;
16726;1998;12;8;9;1.015,5;9,6;9,2;;;95;360;6;7;7;0,5;
16726;1998;12;8;12;1.015;11,8;9;;;67;10;13;10;7;0;
16726;1998;12;8;15;1.015,3;11,4;8,2;;;61;360;5;10;2;;
16726;1998;12;8;18;1.016,4;7,8;6,4;13,4;7,4;80;0;0;10;6;0,9;
16726;1998;12;8;21;1.016,4;6;5,4;;;91;360;5;10;4;;
16726;1998;12;9;0;1.017,1;6,8;6,2;;;91;360;5;10;6;;
16726;1998;12;9;3;1.016,8;6,8;6;;;88;360;6;10;7;2;
16726;1998;12;9;6;1.017,4;5;4,8;7,8;4,8;97;360;5;10;4;2;
16726;1998;12;9;9;1.019,3;9,2;6;;;59;10;15;10;4;;
16726;1998;12;9;12;1.019;10,2;5,8;;;46;360;12;10;5;;
16726;1998;12;9;15;1.020,2;8,8;5;;;51;360;6;10;7;;
16726;1998;12;9;18;1.022,2;4;2,6;11,2;4;77;360;4;10;3;;
16726;1998;12;9;21;1.023,3;2,2;1,4;;;85;10;5;10;2;;
16726;1998;12;10;0;1.024,6;0;-0,1;;;96;0;0;10;1;;
16726;1998;12;10;3;1.025,8;0,6;-0,6;;;78;360;7;10;1;;
16726;1998;12;10;6;1.026,9;-0,1;-0,2;11;-0,1;96;290;6;10;0;;
16726;1998;12;10;9;1.028,2;8;4;;;46;100;8;10;3;;
16726;1998;12;10;12;1.027,7;9,6;5,8;;;52;350;5;10;5;;
16726;1998;12;10;15;1.027,7;8,8;5,4;;;55;350;6;10;6;;
16726;1998;12;10;18;1.028;5,8;4,4;11,4;-0,1;78;360;3;10;5;;
16726;1998;12;10;21;1.028;6;4,8;;;82;0;0;10;5;;
16726;1998;12;11;0;1.026,7;5;4,2;;;87;0;0;10;5;;
16726;1998;12;11;3;1.026,1;5;4,2;;;87;0;0;10;7;;
16726;1998;12;11;6;1.025,3;6;5,2;6;4;88;0;0;8;7;0;
16726;1998;12;11;9;1.025,4;10;9,8;;;97;140;8;6;8;;
16726;1998;12;11;12;1.023,4;12;11,2;;;90;290;12;3;8;6,4;
16726;1998;12;11;15;1.022,5;11,4;11;;;95;170;6;8;7;4,4;
16726;1998;12;11;18;1.023,4;10,4;10,2;13,2;6;97;360;5;8;6;11,9;
16726;1998;12;11;21;1.023,7;10;10;;;100;0;0;8;6;1;
16726;1998;12;12;0;1.023;9,6;9,6;;;100;20;6;8;6;;
16726;1998;12;12;3;1.022,4;10,4;10,4;;;100;0;0;8;7;1,2;
16726;1998;12;12;6;1.022,6;9,8;9,6;11;6,2;97;0;0;6;7;3,6;
16726;1998;12;12;9;1.023,9;11,6;11,6;;;100;0;0;4;8;5,2;
16726;1998;12;12;12;1.022,4;13,2;12,6;;;93;0;0;8;7;2,3;
16726;1998;12;12;15;1.022,6;12;11,8;;;98;0;0;8;7;4,5;
16726;1998;12;12;18;1.023,3;11,4;11,2;14,6;6,4;97;360;5;10;6;12;
16726;1998;12;12;21;1.024;11;10,6;;;95;0;0;8;7;4,3;
16726;1998;12;13;0;1.024,3;10,8;10,6;;;97;0;0;8;8;0,5;
16726;1998;12;13;3;1.024,4;10,6;10,4;;;97;0;0;8;8;1,6;
16726;1998;12;13;6;1.024,3;10,4;10,2;11,6;10;97;360;6;10;8;7,4;
16726;1998;12;13;9;1.025,7;13;12,4;;;93;0;0;10;8;;
16726;1998;12;13;12;1.025,7;14,2;12,8;;;85;0;0;10;8;;
16726;1998;12;13;15;1.025,1;13,4;12,4;;;88;360;7;10;8;0,1;
16726;1998;12;13;18;1.025,3;11,2;10,2;15,4;10,4;88;30;6;10;4;0,1;
16726;1998;12;13;21;1.025,3;9,6;9;;;92;350;7;10;2;;
16726;1998;12;14;0;1.024;7,6;7,2;;;94;350;8;10;2;;
16726;1998;12;14;3;1.022,9;5,8;5,6;;;97;360;5;10;2;;
16726;1998;12;14;6;1.022;6,6;6,2;11,2;5,4;94;360;5;10;3;;
16726;1998;12;14;9;1.021,4;10,6;9,8;;;90;0;0;10;6;;
16726;1998;12;14;12;1.018,4;13,2;11;;;75;20;16;8;7;;
16726;1998;12;14;15;1.015,9;13;11;;;77;20;5;8;7;;
16726;1998;12;14;18;1.015,4;9;8,6;16;6,6;95;310;14;5;7;4,8;
16726;1998;12;14;21;1.014,2;7,2;6,6;;;91;0;0;10;4;;
16726;1998;12;15;0;1.013,8;8,8;6,2;;;65;360;10;10;4;;
16726;1998;12;15;3;1.013,7;7,6;5,8;;;75;360;6;10;5;;
16726;1998;12;15;6;1.014,1;7;5;9;6,4;71;270;5;10;3;;
16726;1998;12;15;9;1.014,5;12,6;8;;;48;70;8;10;8;;
16726;1998;12;15;12;1.014;13,2;8,2;;;45;20;12;10;3;;
16726;1998;12;15;15;1.014;12;7,6;;;50;40;6;10;3;;
16726;1998;12;15;18;1.015,7;10,4;6;15;7;46;40;15;10;3;;
16726;1998;12;15;21;1.016;10,2;6,2;;;50;360;10;10;2;;
16726;1998;12;16;0;1.015,1;10,6;6,4;;;48;40;7;10;2;;
16726;1998;12;16;3;1.015,4;9,2;6,2;;;61;340;5;10;2;;
16726;1998;12;16;6;1.014,9;8;5;10,6;8;59;360;6;10;2;;
16726;1998;12;16;9;1.016,3;12;8;;;54;360;6;10;6;;
16726;1998;12;16;12;1.015,5;14;9;;;47;0;0;10;5;;
16726;1998;12;16;15;1.016,4;13,4;8;;;42;40;15;10;4;;
16726;1998;12;16;18;1.018,2;9,2;6;15,4;8;59;360;5;10;2;;
16726;1998;12;16;21;1.019,5;7,4;5,2;;;69;350;8;10;2;;
16726;1998;12;17;0;1.019,5;5,6;4,2;;;78;350;10;10;2;;
16726;1998;12;17;3;1.018,9;6;4,2;;;73;360;8;10;2;;
16726;1998;12;17;6;1.019,1;6;4;11,4;4,2;70;350;7;10;3;;
16726;1998;12;17;9;1.019,8;10;7;;;62;350;8;10;4;;
16726;1998;12;17;12;1.017,7;14,4;10;;;54;190;6;10;2;;
16726;1998;12;17;15;1.017;12;9,2;;;67;100;5;10;6;;
16726;1998;12;17;18;1.016;8,4;7,2;15;6;83;0;0;10;5;;
16726;1998;12;17;21;1.016,8;8;7,4;;;91;30;6;8;8;4,3;
16726;1998;12;18;0;1.016,7;5,8;5,4;;;94;0;0;8;8;5,1;
16726;1998;12;18;3;1.016,8;6;5,6;;;94;0;0;8;8;0;
16726;1998;12;18;6;1.017,7;6,4;5,8;9,6;5,6;91;360;5;8;8;9,4;
16726;1998;12;18;9;1.018,6;10;6;;;50;20;6;10;6;;
16726;1998;12;18;12;1.017,7;12;7;;;43;40;6;10;2;;
16726;1998;12;18;15;1.017,7;13;8;;;45;40;10;10;2;;
16726;1998;12;18;18;1.018,7;8,2;4,8;13,6;6,4;55;360;5;10;2;;
16726;1998;12;18;21;1.018,5;7,2;4,8;;;66;350;6;10;3;;
16726;1998;12;19;0;1.018,2;9,2;5,4;;;51;360;11;10;4;;
16726;1998;12;19;3;1.017,7;6,4;4,4;;;70;360;7;10;2;;
16726;1998;12;19;6;1.017,4;3,8;2,6;9,8;3,6;80;360;8;10;3;;
16726;1998;12;19;9;1.017,1;11;7;;;52;360;6;10;4;;
16726;1998;12;19;12;1.014,7;13,4;8,4;;;45;0;0;10;4;;
16726;1998;12;19;15;1.014,7;13,8;7,4;;;32;340;9;10;5;;
16726;1998;12;19;18;1.015,3;7;4,6;14,6;3,6;66;360;6;10;2;;
16726;1998;12;19;21;1.015,4;3,4;2,6;;;87;340;7;10;5;;
16726;1998;12;20;0;1.015,1;3,4;2,8;;;90;0;0;10;2;;
16726;1998;12;20;3;1.014,7;4,4;3,6;;;87;360;6;10;2;;
16726;1998;12;20;6;1.015,1;3,8;3,2;7,4;3,2;90;360;5;10;2;;
16726;1998;12;20;9;1.015,8;10,8;8,4;;;70;360;5;10;2;;
16726;1998;12;20;12;1.014;15,4;10;;;46;360;4;10;2;;
16726;1998;12;20;15;1.013,7;14,2;10,4;;;59;0;0;10;4;;
16726;1998;12;20;18;1.014;8,8;7,6;16,6;3,6;84;0;0;10;4;;
16726;1998;12;20;21;1.013,8;7,8;7;;;89;0;0;10;4;;
16726;1998;12;21;0;1.013,1;8,4;8,2;;;97;0;0;10;7;0,7;
16726;1998;12;21;3;1.013;8,2;8;;;97;350;5;8;8;4,3;
16726;1998;12;21;6;1.012,8;8,4;8,2;9,6;7,4;97;360;4;6;7;5,2;
16726;1998;12;21;9;1.013,7;11;10,8;;;97;0;0;5;8;0,3;
16726;1998;12;21;12;1.012;15,2;13,8;;;85;140;6;6;7;0,5;
16726;1998;12;21;15;1.011,3;15;13,2;;;80;180;8;8;7;;
16726;1998;12;21;18;1.010,9;13,6;12,8;16;8,4;91;220;18;6;8;9,2;
16726;1998;12;21;21;1.010,6;15;12,6;;;75;200;19;7;7;0;
16726;1998;12;22;0;1.009;15,4;12,2;;;66;190;24;8;8;0,2;
16726;1998;12;22;3;1.006;15,6;11,8;;;61;180;27;8;8;0;
16726;1998;12;22;6;1.004,8;14,6;12,4;16;8;76;190;24;6;8;0,7;
16726;1998;12;22;9;1.007,1;9,4;9;;;95;0;0;2;8;13,5;
16726;1998;12;22;12;1.004,7;10;9,2;;;90;30;7;8;8;8,5;
16726;1998;12;22;15;1.004,4;9,2;9;;;97;360;8;8;7;1,6;
16726;1998;12;22;18;1.004,6;8,6;8,4;15,4;8,6;97;360;7;8;7;25;
16726;1998;12;22;21;1.005,7;8,8;7,6;;;84;10;9;8;6;;
16726;1998;12;23;0;1.006,4;8,8;7,2;;;78;20;7;10;5;;
16726;1998;12;23;3;1.007,5;7,6;6,2;;;80;10;5;10;3;;
16726;1998;12;23;6;1.009,6;5,4;5;8,8;5;94;340;5;10;4;;
16726;1998;12;23;9;1.011,3;9,6;8,2;;;82;0;0;8;6;;
16726;1998;12;23;12;1.011;11;9,8;;;85;340;5;5;8;3,8;
16726;1998;12;23;15;1.012,8;8,8;7,8;;;87;20;9;8;7;2;
16726;1998;12;23;18;1.013,7;7,4;6,4;14,4;5,4;85;0;0;8;5;5,9;
16726;1998;12;23;21;1.014,6;4,6;4,2;;;93;340;7;8;6;1,2;
16726;1998;12;24;0;1.014,7;4;3,8;;;97;340;8;8;6;;
16726;1998;12;24;3;1.015,1;6,4;5,4;;;85;360;10;8;5;;
16726;1998;12;24;6;1.018;5;3,2;7,4;4;71;360;8;10;2;1,2;
16726;1998;12;24;9;1.019,5;8;5;;;59;360;8;10;2;;
16726;1998;12;24;12;1.019,8;11;6,2;;;43;360;8;10;1;;
16726;1998;12;24;15;1.019,4;11;6,4;;;45;360;6;10;5;;
16726;1998;12;24;18;1.021,7;7,6;4,8;12,8;5;62;350;7;10;4;;
16726;1998;12;24;21;1.022,9;4,8;2,8;;;69;350;10;10;4;;
16726;1998;12;25;0;1.023,5;4,2;2,2;;;67;350;9;10;5;;
16726;1998;12;25;3;1.023,8;3,8;2;;;70;360;10;10;5;;
16726;1998;12;25;6;1.024,8;3,4;1,8;7,6;2,6;73;350;10;10;3;;
16726;1998;12;25;9;1.025,8;9;5,6;;;56;340;5;10;2;;
16726;1998;12;25;12;1.024,8;13;8;;;45;180;5;10;0;;
16726;1998;12;25;15;1.025;10,6;7,4;;;60;200;5;10;2;;
16726;1998;12;25;18;1.026,2;6,2;4,6;13,6;3,4;77;360;5;10;5;;
16726;1998;12;25;21;1.026,5;4,2;4;;;97;360;7;10;3;;
16726;1998;12;26;0;1.026,5;3;2,2;;;86;360;7;10;2;;
16726;1998;12;26;3;1.026,2;2,4;1,6;;;86;360;7;10;2;;
16726;1998;12;26;6;1.026,5;3,4;2,4;6,4;2,4;83;360;7;10;4;;
16726;1998;12;26;9;1.026,7;9,2;6,2;;;61;360;9;10;5;;
16726;1998;12;26;12;1.025;13,4;9;;;52;0;0;10;5;;
16726;1998;12;26;15;1.024,7;11,8;9,8;;;76;0;0;10;7;;
16726;1998;12;26;18;1.025,1;9;8;13,8;3,4;87;0;0;10;7;;
16726;1998;12;26;21;1.025,3;5,4;4,8;;;91;350;9;10;7;;
16726;1998;12;27;0;1.024,3;3,8;3,4;;;93;350;7;10;7;;
16726;1998;12;27;3;1.023,8;2,6;2,2;;;93;360;9;10;4;;
16726;1998;12;27;6;1.023,9;2,2;1,8;9;2;93;350;8;10;3;;
16726;1998;12;27;9;1.024;9,4;7,4;;;73;10;7;10;3;;
16726;1998;12;27;12;1.022,4;14;9,6;;;54;0;0;10;2;;
16726;1998;12;27;15;1.022,1;13;9,4;;;59;0;0;10;4;;
16726;1998;12;27;18;1.023,1;5,6;5;14,6;2,2;91;0;0;8;2;;
16726;1998;12;27;21;1.023,4;4,8;4;;;87;10;5;10;2;;
16726;1998;12;28;0;1.023,5;4;3,4;;;90;350;10;10;2;;
16726;1998;12;28;3;1.022,7;5,6;3;;;61;360;10;10;2;;
16726;1998;12;28;6;1.023,3;4;2;5,6;3,4;67;360;6;10;2;;
16726;1998;12;28;9;1.023,4;7;4,8;;;69;360;6;10;5;;
16726;1998;12;28;12;1.022,6;11;6,6;;;48;0;0;10;5;;
16726;1998;12;28;15;1.022,1;11,2;8,4;;;66;0;0;10;7;;
16726;1998;12;28;18;1.022,6;5,6;4,8;14;4;88;0;0;8;7;;
16726;1998;12;28;21;1.023,3;3,6;3;;;90;0;0;10;2;;
16726;1998;12;29;0;1.022;2,8;2,2;;;89;0;0;10;2;;
16726;1998;12;29;3;1.021,1;3;2,4;;;89;360;8;10;2;;
16726;1998;12;29;6;1.022,2;3,6;3;6;2,8;90;360;5;10;7;;
16726;1998;12;29;9;1.022,2;9,4;7,4;;;73;360;6;10;2;;
16726;1998;12;29;12;1.020,4;15,2;9,4;;;41;0;0;10;2;;
16726;1998;12;29;15;1.020;13,6;9,2;;;52;0;0;10;5;;
16726;1998;12;29;18;1.020,7;7,6;2,2;15,4;3,6;27;350;8;10;6;;
16726;1998;12;29;21;1.021,3;5,6;5;;;91;350;9;10;5;;
16726;1998;12;30;0;1.020,7;4,6;4,2;;;93;350;9;10;5;;
16726;1998;12;30;3;1.020;3,6;3,2;;;93;360;5;10;4;;
16726;1998;12;30;6;1.020,2;6;5,4;8;3,6;91;0;0;10;8;;
16726;1998;12;30;9;1.020,8;9;7,6;;;82;350;5;8;7;;
16726;1998;12;30;12;1.019,5;14,2;9,8;;;54;0;0;10;7;;
16726;1998;12;30;15;1.019,8;13,2;10,2;;;66;0;0;10;7;;
16726;1998;12;30;18;1.020,3;10,2;8,6;15,4;6;80;0;0;10;7;;
16726;1998;12;30;21;1.020,3;10;8,4;;;79;0;0;10;6;;
16726;1998;12;31;0;1.021,7;9,6;8,2;;;82;360;5;10;6;;
16726;1998;12;31;3;1.022,5;9;7,4;;;78;0;0;10;6;;
16726;1998;12;31;6;1.023,7;7,6;6,4;10,6;6;83;360;7;10;7;;
16726;1998;12;31;9;1.024,7;13,4;10;;;62;20;6;10;6;;
16726;1998;12;31;12;1.024,6;15,4;10,6;;;52;190;7;10;2;;
16726;1998;12;31;15;1.025;13,6;11;;;71;0;0;10;5;;
16726;1998;12;31;18;1.024,8;9,6;8,2;16;7,6;82;360;6;10;5;;
16726;1998;12;31;21;1.026,4;8,2;6,2;;;72;360;9;10;5;;
16726;1999;1;1;0;1.026,2;7,4;5,6;;;75;360;11;10;5;;
16726;1999;1;1;3;1.026,1;5,2;4,2;;;84;350;8;10;6;;
16726;1999;1;1;6;1.026,2;6,4;4,6;9,4;5;74;350;10;10;5;;
16726;1999;1;1;9;1.026,5;9;6,8;;;71;10;5;10;7;;
16726;1999;1;1;12;1.024,3;12,2;8,4;;;56;350;5;8;7;;
16726;1999;1;1;15;1.025;10,8;8,8;;;75;0;0;8;8;0;
16726;1999;1;1;18;1.025,1;8,2;7,4;13,6;6,4;89;20;6;7;8;1,8;
16726;1999;1;1;21;1.024,7;8,4;7,6;;;89;0;0;8;8;;
16726;1999;1;2;0;1.025,1;8,8;7,6;;;84;10;6;10;8;;
16726;1999;1;2;3;1.025,1;9,2;7,8;;;82;360;7;10;7;;
16726;1999;1;2;6;1.025;9;7,6;9,8;7,8;82;360;5;10;7;;
16726;1999;1;2;9;1.025,1;13,2;10,4;;;68;360;5;10;7;;
16726;1999;1;2;12;1.023;16,4;12,2;;;58;180;5;10;7;;
16726;1999;1;2;15;1.021,3;15,2;11,6;;;63;0;0;10;7;;
16726;1999;1;2;18;1.020;10,8;9,2;16,8;9;80;360;8;10;6;;
16726;1999;1;2;21;1.020,3;12;10;;;76;360;8;8;8;;
16726;1999;1;3;0;1.018,2;10,6;10,4;;;97;0;0;8;8;4,9;
16726;1999;1;3;3;1.013,7;15;12,8;;;77;190;16;8;7;2,2;
16726;1999;1;3;6;1.010,7;15,6;12,8;15,6;9,8;71;170;25;4;8;9,8;
16726;1999;1;3;9;1.011,3;9,6;9,4;;;97;280;7;8;8;14;
16726;1999;1;3;12;1.010,9;12,6;10,4;;;74;140;7;10;7;1,6;
16726;1999;1;3;15;1.009,7;12,6;10,4;;;74;160;8;10;6;;
16726;1999;1;3;18;1.009,4;11,6;10,8;16,4;9,4;90;120;7;8;6;15,6;
16726;1999;1;3;21;1.009,4;11,4;10,8;;;93;0;0;10;8;0,5;
16726;1999;1;4;0;1.008,8;11,6;10;;;81;0;0;10;8;4,7;
16726;1999;1;4;3;1.008,6;10,8;10,2;;;92;0;0;10;6;0,8;
16726;1999;1;4;6;1.008,7;9;8,8;12,2;8,6;97;350;5;1;5;6;
16726;1999;1;4;9;1.008,8;13;12,2;;;91;0;0;8;4;;
16726;1999;1;4;12;1.007,7;15;12;;;68;0;0;10;6;;
16726;1999;1;4;15;1.007,4;13,4;11,2;;;75;0;0;10;6;;
16726;1999;1;4;18;1.008,3;11;10;15,6;9;88;0;0;10;6;;
16726;1999;1;4;21;1.009;10;9;;;87;360;5;10;6;;
16726;1999;1;5;0;1.009,6;11,4;8,2;;;61;360;8;10;6;;
16726;1999;1;5;3;1.010,1;13;9;;;55;40;12;10;6;;
16726;1999;1;5;6;1.011;12,4;8,6;13;10;57;20;13;10;6;;
16726;1999;1;5;9;1.013;15;10;;;49;50;10;10;5;;
16726;1999;1;5;12;1.012,7;16,4;11;;;47;20;12;10;3;;
16726;1999;1;5;15;1.013,8;15;10;;;49;30;12;10;3;;
16726;1999;1;5;18;1.015,3;12,8;8,6;17,2;8,6;54;10;8;10;3;;
16726;1999;1;5;21;1.016,2;12,4;8,2;;;52;10;12;10;3;;
16726;1999;1;6;0;1.017;12;8,2;;;56;20;14;10;2;;
16726;1999;1;6;3;1.017,4;11,6;7,8;;;56;20;17;10;2;;
16726;1999;1;6;6;1.018;11;7,4;14;10;56;350;8;10;2;;
16726;1999;1;6;9;1.018,6;15,6;10,2;;;46;30;12;10;0;;
16726;1999;1;6;12;1.018,2;17,8;11,4;;;41;290;5;10;0;;
16726;1999;1;6;15;1.018,1;15;11;;;58;200;5;10;1;;
16726;1999;1;6;18;1.019,5;10;8,4;19;10;79;0;0;10;1;;
16726;1999;1;6;21;1.019,8;8,8;7,6;;;84;360;6;10;0;;
16726;1999;1;7;0;1.020;6,8;6;;;88;360;5;10;0;;
16726;1999;1;7;3;1.019,5;5;4,2;;;87;340;6;10;0;;
16726;1999;1;7;6;1.019,1;2;1,8;10;2;96;0;0;10;0;;
16726;1999;1;7;9;1.019,5;10;8;;;74;0;0;10;0;;
16726;1999;1;7;12;1.017,4;15,6;11,2;;;55;180;5;10;0;;
16726;1999;1;7;15;1.017;14;11,4;;;71;0;0;10;0;;
16726;1999;1;7;18;1.016,7;8,2;7,8;16;2;94;360;6;10;0;;
16726;1999;1;7;21;1.015,8;6,8;6,4;;;94;360;5;10;0;;
16726;1999;1;8;0;1.014,1;5,8;5,4;;;94;360;5;10;0;;
16726;1999;1;8;3;1.012,4;4,4;4,2;;;97;340;8;10;0;;
16726;1999;1;8;6;1.012;5,6;5,4;8,2;4,4;97;350;8;10;0;;
16726;1999;1;8;9;1.012;13;11;;;77;330;6;10;0;;
16726;1999;1;8;12;1.010,1;17;13;;;61;0;0;10;0;;
16726;1999;1;8;15;1.009,4;15;12;;;68;0;0;10;0;;
16726;1999;1;8;18;1.009,4;10;9;19;5,6;87;20;5;10;0;;
16726;1999;1;8;21;1.009,4;8,6;7,8;;;89;0;0;10;0;;
16726;1999;1;9;0;1.008,7;6,8;6,4;;;94;0;0;10;0;;
16726;1999;1;9;3;1.008,7;5,2;4,8;;;94;0;0;10;0;;
16726;1999;1;9;6;1.008,7;4;3,8;10;4;97;0;0;10;3;;
16726;1999;1;9;9;1.009,3;10;9,4;;;92;0;0;10;2;;
16726;1999;1;9;12;1.008,4;16,4;13;;;66;140;5;10;4;;
16726;1999;1;9;15;1.008,6;14;12;;;78;0;0;10;3;;
16726;1999;1;9;18;1.010;10;9;16,8;4;87;0;0;10;3;;
16726;1999;1;9;21;1.011,1;8;7,8;;;97;350;4;10;5;;
16726;1999;1;10;0;1.011,9;6,2;6;;;97;350;5;10;3;;
16726;1999;1;10;3;1.012,4;5,6;5,4;;;97;360;4;10;2;;
16726;1999;1;10;6;1.014,1;5;4,8;10;5;97;350;7;10;4;;
16726;1999;1;10;9;1.016,2;11,8;10,6;;;86;10;4;10;5;;
16726;1999;1;10;12;1.016,3;16;12,4;;;63;0;0;10;7;;
16726;1999;1;10;15;1.016,8;14,8;13;;;80;180;6;10;7;;
16726;1999;1;10;18;1.018;9,8;9,4;16,4;5;95;0;0;10;3;;
16726;1999;1;10;21;1.019,3;8,6;8,2;;;94;0;0;10;3;;
16726;1999;1;11;0;1.019,9;8,2;8;;;97;0;0;10;3;;
16726;1999;1;11;3;1.019,7;7,2;7;;;97;10;5;10;5;;
16726;1999;1;11;6;1.021,1;8,4;8;10;7,2;94;20;6;8;6;;
16726;1999;1;11;9;1.022,1;12;11,2;;;90;0;0;8;7;;
16726;1999;1;11;12;1.022;16;13,4;;;73;180;12;8;7;;
16726;1999;1;11;15;1.021,6;15,4;13,6;;;81;200;10;8;8;;
16726;1999;1;11;18;1.022,6;14,4;12,8;16,4;8,4;83;190;8;8;6;;
16726;1999;1;11;21;1.023;13,8;12;;;80;190;8;10;6;;
16726;1999;1;12;0;1.022,7;11,6;10,2;;;83;0;0;10;2;;
16726;1999;1;12;3;1.022,6;8,4;7,8;;;92;0;0;10;5;;
16726;1999;1;12;6;1.023,1;8;7,6;14,4;7,4;94;350;5;10;5;;
16726;1999;1;12;9;1.024,6;16,4;13,4;;;69;0;0;10;4;;
16726;1999;1;12;12;1.022,9;18;14,2;;;64;190;5;10;5;;
16726;1999;1;12;15;1.022;15,8;14;;;81;190;5;8;7;;
16726;1999;1;12;18;1.022,1;13;11,2;18;8;79;20;6;10;4;;
16726;1999;1;12;21;1.022,4;8,2;7,8;;;94;360;7;10;2;;
16726;1999;1;13;0;1.022,1;5,8;5,6;;;97;360;5;10;2;;
16726;1999;1;13;3;1.021,3;6,2;5,8;;;94;360;5;10;2;;
16726;1999;1;13;6;1.021,7;4;3,8;13;4;97;350;5;10;2;;
16726;1999;1;13;9;1.021,6;10;8;;;74;360;5;10;3;;
16726;1999;1;13;12;1.019,4;15;11;;;58;0;0;10;5;;
16726;1999;1;13;15;1.018,1;14,4;10,6;;;60;230;5;10;5;;
16726;1999;1;13;18;1.017,7;8;7;16;4;86;0;0;10;3;;
16726;1999;1;13;21;1.017;5,2;5;;;97;0;0;10;3;;
16726;1999;1;14;0;1.014,5;5,2;5;;;97;0;0;10;3;;
16726;1999;1;14;3;1.011,3;8;7,8;;;97;130;6;8;8;0,7;
16726;1999;1;14;6;1.009;13,6;12,8;14,4;4,8;91;270;20;4;7;5,2;
16726;1999;1;14;9;1.010,7;12,8;11;;;79;0;0;8;3;2,6;
16726;1999;1;14;12;1.010,5;13;10;;;66;280;12;8;4;0,2;
16726;1999;1;14;15;1.011;13,4;10;;;62;10;8;10;5;0;
16726;1999;1;14;18;1.011,9;11,4;9,4;15,4;10,4;75;360;5;10;5;2,8;
16726;1999;1;14;21;1.014;8,2;7,4;;;89;0;0;10;5;;
16726;1999;1;15;0;1.015;7,4;6,8;;;91;0;0;10;3;;
16726;1999;1;15;3;1.015;6,2;5,8;;;94;0;0;10;3;;
16726;1999;1;15;6;1.015,5;5,8;5,4;11,4;5,4;94;10;5;10;3;;
16726;1999;1;15;9;1.017,7;12,6;10;;;70;350;5;10;5;;
16726;1999;1;15;12;1.016,4;15;9;;;39;350;6;10;4;;
16726;1999;1;15;15;1.016,7;12,6;8,2;;;50;360;10;10;5;;
16726;1999;1;15;18;1.017,3;10,8;7,8;15,4;5,8;64;10;7;10;5;;
16726;1999;1;15;21;1.018,5;8,2;6,6;;;78;360;5;10;3;;
16726;1999;1;16;0;1.019,4;7,8;6,6;;;83;360;5;10;2;;
16726;1999;1;16;3;1.020,6;7;5,8;;;83;360;7;10;2;;
16726;1999;1;16;6;1.023,4;6,6;5,6;11;4,6;85;20;6;10;0;;
16726;1999;1;16;9;1.023,5;12,2;8,2;;;54;360;7;10;0;;
16726;1999;1;16;12;1.022,2;16,6;10;;;37;0;0;10;0;;
16726;1999;1;16;15;1.022,5;13,8;10,2;;;61;190;7;10;0;;
16726;1999;1;16;18;1.023,8;7,2;6,4;17,6;6,6;88;360;6;10;0;;
16726;1999;1;16;21;1.023,8;5,4;4,8;;;91;350;9;10;0;;
16726;1999;1;17;0;1.023,7;3,4;3;;;93;360;6;10;0;;
16726;1999;1;17;3;1.023,1;1,8;1,4;;;92;360;5;10;0;;
16726;1999;1;17;6;1.023,7;1,6;1,2;7,8;1,6;92;350;8;10;0;;
16726;1999;1;17;9;1.023,1;10,8;7,8;;;64;0;0;10;0;;
16726;1999;1;17;12;1.021,6;16,2;9,6;;;37;0;0;10;0;;
16726;1999;1;17;15;1.020;14;10,2;;;59;180;5;10;0;;
16726;1999;1;17;18;1.020,6;6,8;5,6;17;1,6;83;360;5;10;0;;
16726;1999;1;17;21;1.020,7;5,6;4,8;;;88;350;8;10;0;;
16726;1999;1;18;0;1.020,4;4;3,4;;;90;350;7;10;0;;
16726;1999;1;18;3;1.020;2,8;2,2;;;89;10;6;10;0;;
16726;1999;1;18;6;1.019,9;4;2,4;7,8;2,6;73;0;0;10;0;;
16726;1999;1;18;9;1.021;11,6;7,4;;;50;0;0;10;2;;
16726;1999;1;18;12;1.020,7;15;10,4;;;52;0;0;10;2;;
16726;1999;1;18;15;1.019,7;14,2;9,8;;;54;0;0;10;3;;
16726;1999;1;18;18;1.020,2;7,8;6,8;16;3;86;350;6;10;4;;
16726;1999;1;18;21;1.020,8;6,8;4,6;;;69;350;10;10;1;;
16726;1999;1;19;0;1.021,4;5,6;3,8;;;73;360;8;10;0;;
16726;1999;1;19;3;1.021,3;6,4;4;;;65;360;11;10;0;;
16726;1999;1;19;6;1.021,8;4,6;2,8;7,8;4,2;71;360;5;10;0;;
16726;1999;1;19;9;1.022,4;9,2;5,6;;;54;360;5;10;0;;
16726;1999;1;19;12;1.021,7;14,4;9,4;;;47;180;7;10;0;;
16726;1999;1;19;15;1.021,6;13,4;9,2;;;54;180;5;10;0;;
16726;1999;1;19;18;1.022,5;7,4;6,2;15,2;4,2;83;360;5;10;0;;
16726;1999;1;19;21;1.022,5;5,8;4,2;;;76;360;4;10;0;;
16726;1999;1;20;0;1.022,7;4,8;3,2;;;74;360;5;10;0;;
16726;1999;1;20;3;1.022,4;2,4;1,6;;;86;340;5;10;0;;
16726;1999;1;20;6;1.023;2,6;1,4;7,4;2,4;79;360;6;10;0;;
16726;1999;1;20;9;1.023,9;10;6,2;;;52;360;6;10;0;;
16726;1999;1;20;12;1.022,6;14,6;9;;;42;0;0;10;0;;
16726;1999;1;20;15;1.022,5;12,8;10,2;;;70;180;5;10;3;;
16726;1999;1;20;18;1.022,9;7;4,6;15,4;2,6;66;350;5;10;0;;
16726;1999;1;20;21;1.022,9;7,2;4,4;;;60;360;8;10;0;;
16726;1999;1;21;0;1.023,4;6,6;3,8;;;60;360;10;10;0;;
16726;1999;1;21;3;1.022,2;6;3,4;;;61;360;10;10;0;;
16726;1999;1;21;6;1.022,6;4,6;2,6;9,8;4;69;340;10;10;3;;
16726;1999;1;21;9;1.023,1;10,4;6;;;46;350;7;10;3;;
16726;1999;1;21;12;1.021;14,2;8,2;;;37;0;0;10;2;;
16726;1999;1;21;15;1.020,3;12,6;8,2;;;50;270;4;10;4;;
16726;1999;1;21;18;1.020,7;7,4;5;15;4,4;66;360;8;10;4;;
16726;1999;1;21;21;1.020,7;6;4;;;70;360;6;10;3;;
16726;1999;1;22;0;1.020,8;5;3,8;;;81;360;6;10;1;;
16726;1999;1;22;3;1.020,8;3;2;;;83;360;6;10;1;;
16726;1999;1;22;6;1.020,6;4,8;3,4;8,2;2,8;77;350;7;10;6;;
16726;1999;1;22;9;1.021;8,4;6;;;68;360;5;10;6;;
16726;1999;1;22;12;1.020;13;8,6;;;52;0;0;10;6;;
16726;1999;1;22;15;1.019,9;11,8;9;;;67;0;0;10;6;;
16726;1999;1;22;18;1.020,8;9,6;7,6;13,8;4,8;74;0;0;8;6;;
16726;1999;1;22;21;1.021,1;8;6,6;;;81;360;5;10;4;;
16726;1999;1;23;0;1.021,4;7,6;6,6;;;86;360;6;10;0;;
16726;1999;1;23;3;1.021,4;6,8;5,6;;;83;360;7;10;0;;
16726;1999;1;23;6;1.020,8;4,4;3,2;9,6;3;80;360;6;10;0;;
16726;1999;1;23;9;1.021,4;10,2;7;;;60;360;8;10;0;;
16726;1999;1;23;12;1.020,7;15;8,6;;;37;340;5;10;3;;
16726;1999;1;23;15;1.020,7;12,8;8,6;;;54;190;7;10;2;;
16726;1999;1;23;18;1.021,8;5,6;4,6;15,6;4,4;85;0;0;10;0;;
16726;1999;1;23;21;1.022,7;4,4;3,6;;;87;350;8;10;0;;
16726;1999;1;24;0;1.023,1;1,8;1,4;;;92;0;0;10;0;;
16726;1999;1;24;3;1.023;1,2;0,8;;;92;350;5;10;0;;
16726;1999;1;24;6;1.023,5;0,8;0,4;6,2;0,8;92;360;6;10;0;;
16726;1999;1;24;9;1.024,2;10,4;7,4;;;62;0;0;10;0;;
16726;1999;1;24;12;1.023,8;14,2;10;;;55;180;7;10;1;;
16726;1999;1;24;15;1.023,8;13;10,4;;;70;170;7;10;3;;
16726;1999;1;24;18;1.025;9,6;8,2;14,6;0,8;82;0;0;10;6;;
16726;1999;1;24;21;1.024,8;5,6;4,8;;;88;360;8;10;2;;
16726;1999;1;25;0;1.024,7;3,4;2,8;;;90;360;4;10;2;;
16726;1999;1;25;3;1.024,7;3,2;2,8;;;93;360;6;10;2;;
16726;1999;1;25;6;1.024,8;3;2,6;10;3;93;360;10;6;2;;
16726;1999;1;25;9;1.025;11,4;8,4;;;64;10;6;8;2;;
16726;1999;1;25;12;1.023,4;15,2;10;;;47;0;0;8;3;;
16726;1999;1;25;15;1.022,6;14;10,4;;;61;0;0;8;4;;
16726;1999;1;25;18;1.023,3;10,4;8;15,4;3;70;350;5;8;5;;
16726;1999;1;25;21;1.023,4;5,6;4,8;;;88;350;7;10;5;;
16726;1999;1;26;0;1.022,7;4,2;3,6;;;90;350;7;10;5;;
16726;1999;1;26;3;1.021,7;3;2,6;;;93;360;6;10;2;;
16726;1999;1;26;6;1.021,4;2,4;1,8;10,8;2,2;89;350;7;8;2;;
16726;1999;1;26;9;1.021;10,2;7;;;60;20;7;8;2;;
16726;1999;1;26;12;1.020;13,8;9,4;;;52;190;8;8;2;;
16726;1999;1;26;15;1.017,1;12,6;10,2;;;72;180;5;8;4;;
16726;1999;1;26;18;1.017,3;6,8;5,4;15;2,4;79;10;5;10;2;;
16726;1999;1;26;21;1.016,8;4,2;3,2;;;84;10;6;10;2;;
16726;1999;1;27;0;1.016,6;2,8;2;;;86;360;4;10;2;;
16726;1999;1;27;3;1.014,9;3;2,2;;;86;350;7;10;4;;
16726;1999;1;27;6;1.014,7;3;2,4;7,4;1,8;89;360;5;8;4;;
16726;1999;1;27;9;1.014,2;10;8;;;74;350;5;8;5;;
16726;1999;1;27;12;1.012,6;10,8;9,4;;;82;0;0;4;7;0,2;
16726;1999;1;27;15;1.011,1;12,4;9,8;;;70;0;0;8;6;;
16726;1999;1;27;18;1.010,9;10,4;8,8;12,4;3;80;140;7;8;8;0,2;
16726;1999;1;27;21;1.010,6;8,2;7,4;;;89;0;0;10;5;;
16726;1999;1;28;0;1.008,7;10,8;9;;;78;160;5;10;7;;
16726;1999;1;28;3;1.007,4;10,6;9,8;;;90;0;0;8;8;1,2;
16726;1999;1;28;6;1.006,6;10;9,2;12,4;7,8;90;120;7;8;8;1,7;
16726;1999;1;28;9;1.006,2;10,6;10;;;92;130;10;6;8;3,2;
16726;1999;1;28;12;1.003,8;11;10,2;;;90;150;8;6;8;3,2;
16726;1999;1;28;15;1.002;11,8;10,8;;;88;200;16;6;8;10,6;
16726;1999;1;28;18;1.002,2;9,4;8,8;12,8;9,4;92;210;7;8;8;18,4;
16726;1999;1;28;21;1.000,2;10,8;9,4;;;82;200;11;8;8;0,5;
16726;1999;1;29;0;1.001;8,6;8,2;;;94;0;0;8;8;2,2;
16726;1999;1;29;3;1.001,3;7,8;7,4;;;94;0;0;8;7;;
16726;1999;1;29;6;1.002,2;5,6;5,2;11,2;5,4;94;240;5;8;5;2,7;
16726;1999;1;29;9;1.003,3;11,2;9,2;;;75;160;5;10;4;;
16726;1999;1;29;12;1.002,1;11,8;8,2;;;58;0;0;10;6;;
16726;1999;1;29;15;999,4;12,2;9,2;;;65;160;12;10;6;;
16726;1999;1;29;18;997,3;9,8;9,2;13,6;5,6;92;160;8;6;8;2,6;
16726;1999;1;29;21;995,8;12,4;10,8;;;81;290;18;8;8;1,7;
16726;1999;1;30;0;996,2;8;6,8;;;83;360;10;10;7;0,9;
16726;1999;1;30;3;998,5;7,4;6,4;;;85;360;5;8;7;0,2;
16726;1999;1;30;6;1.000,4;5,8;5,4;13;5,4;94;180;5;10;6;3;
16726;1999;1;30;9;1.003,4;8;7,2;;;89;0;0;8;6;1,6;
16726;1999;1;30;12;1.003,7;11,6;7,4;;;50;10;7;10;5;;
16726;1999;1;30;15;1.004,8;11,4;6,4;;;41;350;7;10;6;;
16726;1999;1;30;18;1.006,4;6,8;5;13;5,8;74;360;6;10;7;1,6;
16726;1999;1;30;21;1.007,9;5,8;5;;;88;0;0;10;6;;
16726;1999;1;31;0;1.007,9;6,8;5,2;;;77;130;8;10;7;;
16726;1999;1;31;3;1.008;8,8;6,2;;;65;140;10;10;7;;
16726;1999;1;31;6;1.009,6;7,2;5,8;9;5,6;80;360;5;10;7;;
16726;1999;1;31;9;1.004,6;8;7;;;86;0;0;10;7;;
16726;1999;1;31;12;1.011,9;10,8;8,2;;;68;0;0;10;4;;
16726;1999;1;31;15;1.012,3;11,2;8,4;;;66;210;8;10;6;;
16726;1999;1;31;18;1.012,7;9,2;7,8;13,8;3,6;82;0;0;8;8;0,1;
16726;1999;1;31;21;1.012,7;6,8;6,4;;;94;360;7;8;8;2,2;
16726;1999;2;1;0;1.012,7;5,8;5,4;;;94;20;12;8;8;8;
16726;1999;2;1;3;1.011;4,8;4,4;;;93;0;0;8;8;0,2;
16726;1999;2;1;6;1.011,3;6,4;6;9,2;4,6;94;310;10;6;8;11,6;
16726;1999;2;1;9;1.011,7;6,8;5,8;;;85;30;9;8;7;9,8;
16726;1999;2;1;12;1.011,7;12,8;9,6;;;64;210;16;8;5;6,4;
16726;1999;2;1;15;1.013,1;13;9;;;55;220;12;10;6;1;
16726;1999;2;1;18;1.014,7;8;7;13,8;6,4;86;0;0;8;6;17,2;
16726;1999;2;1;21;1.016,6;6,2;5,6;;;91;0;0;10;6;0,8;
16726;1999;2;2;0;1.017,3;5;4,4;;;90;0;0;10;3;;
16726;1999;2;2;3;1.017,6;5,2;4,6;;;91;0;0;10;4;1;
16726;1999;2;2;6;1.018,6;4,4;4,2;8;3,8;97;0;0;10;6;1,8;
16726;1999;2;2;9;1.019,8;8,2;7,2;;;86;150;8;8;6;0,6;
16726;1999;2;2;12;1.019,3;10,2;8,8;;;82;70;7;8;6;1,2;
16726;1999;2;2;15;1.019,4;10,2;8,4;;;77;130;9;8;7;0,8;
16726;1999;2;2;18;1.021;6,4;5,6;10,6;4,4;88;20;5;10;3;2,6;
16726;1999;2;2;21;1.022,2;4,2;3,8;;;93;350;6;10;2;;
16726;1999;2;3;0;1.023,1;4;3,8;;;97;350;7;10;3;;
16726;1999;2;3;3;1.023,3;2,8;2,6;;;97;360;8;10;5;;
16726;1999;2;3;6;1.024;2,2;2;6,6;2;96;360;7;10;4;;
16726;1999;2;3;9;1.024,7;8,8;6,8;;;73;340;5;10;3;;
16726;1999;2;3;12;1.023,7;13,8;7,8;;;37;10;5;10;2;;
16726;1999;2;3;15;1.022,9;13;8,6;;;52;220;5;10;2;;
16726;1999;2;3;18;1.023,1;6,6;5;15,4;2,2;77;0;0;10;2;;
16726;1999;2;3;21;1.023,8;3,8;3,2;;;90;360;8;10;2;;
16726;1999;2;4;0;1.023,1;2,4;2;;;93;360;7;10;1;;
16726;1999;2;4;3;1.021,6;2,4;1,8;;;89;360;5;10;5;;
16726;1999;2;4;6;1.020,7;1,4;1;7,7;1,2;92;360;5;10;3;;
16726;1999;2;4;9;1.020,7;11,4;8;;;60;360;10;10;4;;
16726;1999;2;4;12;1.018,1;13,2;8;;;44;360;10;10;4;;
16726;1999;2;4;15;1.017,3;11,2;7,6;;;58;360;8;10;6;;
16726;1999;2;4;18;1.017,4;7,2;5,8;14,2;1,4;80;0;0;10;2;;
16726;1999;2;4;21;1.017,3;4,6;3,8;;;87;360;5;10;2;;
16726;1999;2;5;0;1.017,3;3,6;3;;;90;350;7;10;2;;
16726;1999;2;5;3;1.016,8;2,2;1,8;;;93;0;0;10;2;;
16726;1999;2;5;6;1.016;0,2;0;7,4;0,2;96;340;8;10;2;;
16726;1999;2;5;9;1.015,7;10;6,8;;;60;0;0;10;3;;
16726;1999;2;5;12;1.013,4;13;8,6;;;52;0;0;10;7;;
16726;1999;2;5;15;1.012,4;10,2;8,8;;;82;0;0;10;8;;
16726;1999;2;5;18;1.011,3;9,2;8,4;13,8;0,2;89;0;0;8;8;;
16726;1999;2;5;21;1.010,4;8;7;;;86;0;0;10;6;;
16726;1999;2;6;0;1.008,7;7,6;7,2;;;94;360;5;10;6;;
16726;1999;2;6;3;1.007,4;7;6,8;;;97;0;0;10;6;;
16726;1999;2;6;6;1.006,4;9;8,2;11,6;7;89;170;5;10;6;;
16726;1999;2;6;9;1.005,4;14;11;;;67;180;5;10;6;;
16726;1999;2;6;12;1.003,3;14;11,6;;;74;200;8;8;7;1,6;
16726;1999;2;6;15;1.002,1;12,8;11;;;79;210;12;8;6;;
16726;1999;2;6;18;1.001,4;11,8;10,2;15,6;9;81;290;6;8;6;1,6;
16726;1999;2;6;21;1.001,1;11;10,4;;;92;130;6;8;7;0,6;
16726;1999;2;7;0;999,8;10,2;9,6;;;92;360;9;8;8;2,3;
16726;1999;2;7;3;999,3;9;8,6;;;95;0;0;8;6;4,6;
16726;1999;2;7;6;999,4;7;6,8;12,4;6,8;97;340;5;10;3;7,5;
16726;1999;2;7;9;1.002,2;12,8;8,8;;;55;360;9;10;2;;
16726;1999;2;7;12;1.003,9;14,2;7;;;27;360;12;10;2;;
16726;1999;2;7;15;1.006,9;12,4;6,2;;;31;350;13;10;2;;
16726;1999;2;7;18;1.010;5,8;4,4;14,4;5,8;78;0;0;10;1;;
16726;1999;2;7;21;1.012;3;2;;;83;360;6;10;0;;
16726;1999;2;8;0;1.013,1;1;0,6;;;92;0;0;10;0;;
16726;1999;2;8;3;1.012,8;0,2;-0,2;;;93;360;5;10;0;;
16726;1999;2;8;6;1.012,3;1,8;1,4;6,4;0;92;0;0;10;7;;
16726;1999;2;8;9;1.011,5;6,2;5;;;82;0;0;8;8;;
16726;1999;2;8;12;1.011,1;9,2;8,8;;;95;120;6;7;8;2;
16726;1999;2;8;15;1.009,4;13,4;10,8;;;71;240;7;8;8;0,3;
16726;1999;2;8;18;1.008,4;13,4;11;14,6;1,8;73;210;9;6;7;3,2;
16726;1999;2;8;21;1.008,7;11,4;10;;;83;170;5;8;7;1,7;
16726;1999;2;9;0;1.010;8,6;8;;;92;150;5;8;7;3;
16726;1999;2;9;3;1.011,7;10,4;7,4;;;62;300;10;8;5;;
16726;1999;2;9;6;1.015;8,2;7,8;13,4;5,2;94;20;10;10;5;4,9;
16726;1999;2;9;9;1.016,3;12;8;;;54;20;15;10;2;;
16726;1999;2;9;12;1.016,8;14;9;;;47;0;0;10;2;;
16726;1999;2;9;15;1.016,8;13;8,2;;;47;20;8;10;2;;
16726;1999;2;9;18;1.016,8;8;5,8;15,4;8;70;0;0;10;3;;
16726;1999;2;9;21;1.018;8,2;6,8;;;81;0;0;10;5;;
16726;1999;2;10;0;1.016,7;7,2;6,2;;;85;0;0;10;5;;
16726;1999;2;10;3;1.015,7;6,6;6;;;91;0;0;10;4;;
16726;1999;2;10;6;1.015,1;5,6;5,2;8,2;5;94;0;0;8;5;;
16726;1999;2;10;9;1.015;12,6;10;;;70;0;0;5;5;;
16726;1999;2;10;12;1.012,8;15;12,4;;;72;180;15;8;5;;
16726;1999;2;10;15;1.011,5;15,2;13,2;;;79;180;15;10;5;;
16726;1999;2;10;18;1.011;14,4;12,6;16;5,6;80;160;14;8;6;;
16726;1999;2;10;21;1.010,4;14;12,4;;;82;160;12;8;5;;
16726;1999;2;11;0;1.010,4;14;12,4;;;82;160;12;10;5;;
16726;1999;2;11;3;1.007,4;15;12;;;68;160;15;10;5;;
16726;1999;2;11;6;1.006,6;15;12;15,4;13,8;68;160;15;10;5;;
16726;1999;2;11;9;1.006,2;15,8;13;;;71;160;15;10;6;;
16726;1999;2;11;12;1.003,3;16,2;13,6;;;74;160;15;10;7;;
16726;1999;2;11;15;1.000,6;15,4;13,8;;;83;200;13;7;7;0,1;
16726;1999;2;11;18;1.000,2;10,6;10,2;16,6;10,6;95;180;24;6;8;2,1;
16726;1999;2;11;21;1.001,3;9;8;;;87;260;10;8;7;3,9;
16726;1999;2;12;0;1.002,7;7,2;6,6;;;91;160;6;8;7;2,2;
16726;1999;2;12;3;1.003,5;7;6,4;;;91;130;5;8;7;1,5;
16726;1999;2;12;6;1.003,6;6;5,6;12,4;5,6;94;350;5;8;7;10,9;
16726;1999;2;12;9;1.005,8;8,6;6,8;;;76;150;9;8;6;2;
16726;1999;2;12;12;1.005,7;10,8;8;;;66;250;10;7;8;0,2;
16726;1999;2;12;15;1.006,2;10,6;7,6;;;64;160;11;7;7;1,7;
16726;1999;2;12;18;1.009,8;6,4;5,4;11,2;5,8;85;140;7;10;5;6,9;
16726;1999;2;12;21;1.011,4;9;6,6;;;69;240;13;6;7;0,2;
16726;1999;2;13;0;1.011,5;6;5,4;;;91;120;7;8;7;2,6;
16726;1999;2;13;3;1.011,9;7,6;5,8;;;75;150;5;10;7;;
16726;1999;2;13;6;1.014,5;6,2;5,2;9,4;5,8;85;130;8;6;6;4,6;
16726;1999;2;13;9;1.016,4;9,6;7,6;;;74;20;9;10;5;0,4;
16726;1999;2;13;12;1.015,8;11,6;6,2;;;38;200;5;10;4;0,5;
16726;1999;2;13;15;1.016,4;8,8;6,8;;;73;170;10;8;6;;
16726;1999;2;13;18;1.018;6,6;6;12,4;6,2;91;0;0;10;6;3;
16726;1999;2;13;21;1.018;5,8;5,6;;;97;0;0;10;6;;
16726;1999;2;14;0;1.018,1;6;5,6;;;94;0;0;10;6;4,4;
16726;1999;2;14;3;1.018,5;6,2;5,8;;;94;20;5;10;6;;
16726;1999;2;14;6;1.019,3;4;3,6;7,4;3,6;93;0;0;10;6;4,4;
16726;1999;2;14;9;1.021,4;8;7,4;;;91;0;0;10;6;;
16726;1999;2;14;12;1.021,1;12;8,6;;;61;180;7;10;6;;
16726;1999;2;14;15;1.021;10;7,6;;;70;270;5;10;7;;
16726;1999;2;14;18;1.022,1;8,4;6,8;12,6;4;78;0;0;10;7;;
16726;1999;2;14;21;1.022,7;5,6;5,2;;;94;360;5;10;3;;
16726;1999;2;15;0;1.022,9;4,2;3,8;;;93;340;6;10;3;;
16726;1999;2;15;3;1.022,1;2,8;2,6;;;97;350;6;10;5;;
16726;1999;2;15;6;1.022,2;3,2;2,8;9,6;2,4;93;360;5;10;4;;
16726;1999;2;15;9;1.022,2;9,6;7,8;;;77;0;0;10;4;;
16726;1999;2;15;12;1.021,3;11;8,6;;;71;0;0;8;8;0,5;
16726;1999;2;15;15;1.021,4;8,4;7,8;;;92;360;8;6;8;4,9;
16726;1999;2;15;18;1.021,4;7,2;6,8;12,6;3,2;94;10;8;10;8;5,6;
16726;1999;2;15;21;1.021,1;7,2;6,8;;;94;10;5;10;7;0,2;
16726;1999;2;16;0;1.020,4;6,8;6,4;;;94;360;5;10;7;;
16726;1999;2;16;3;1.019;7,2;6,6;;;91;360;5;10;7;;
16726;1999;2;16;6;1.017,7;7;6,6;8,8;6,6;94;360;5;10;7;0,2;
16726;1999;2;16;9;1.018,4;11,2;9,4;;;78;20;6;10;7;;
16726;1999;2;16;12;1.015,8;14;10,2;;;59;0;0;10;6;;
16726;1999;2;16;15;1.013,8;12,2;10;;;74;0;0;10;6;;
16726;1999;2;16;18;1.012,8;10;8,2;14,4;7;77;0;0;10;6;;
16726;1999;2;16;21;1.013,6;9;8;;;87;360;7;10;7;0,3;
16726;1999;2;17;0;1.012,2;8,6;8;;;92;360;8;10;7;0,3;
16726;1999;2;17;3;1.010,1;8;6,8;;;83;10;8;10;6;0,3;
16726;1999;2;17;6;1.010;6,4;5,2;10,2;5,8;82;360;5;10;2;0,9;
16726;1999;2;17;9;1.010,4;11,8;7;;;45;360;11;10;2;;
16726;1999;2;17;12;1.009,3;13;7,6;;;42;350;12;10;3;;
16726;1999;2;17;15;1.009,3;12,4;7,4;;;43;360;8;10;3;;
16726;1999;2;17;18;1.009,8;9;6;15;6,4;61;360;6;10;3;;
16726;1999;2;17;21;1.011,3;6,8;5,6;;;83;360;5;10;3;;
16726;1999;2;18;0;1.010,6;5,4;4,8;;;91;0;0;10;5;;
16726;1999;2;18;3;1.009,8;6,2;5,8;;;94;0;0;10;7;;
16726;1999;2;18;6;1.008,8;6;5,4;9;5,2;91;0;0;8;7;;
16726;1999;2;18;9;1.007,4;11,2;10;;;85;180;9;5;8;0,8;
16726;1999;2;18;12;1.006,5;11,2;10,4;;;90;120;7;5;7;3,4;
16726;1999;2;18;15;1.007,3;11,8;9,6;;;74;360;12;8;5;1,3;
16726;1999;2;18;18;1.009,3;9,6;6,4;13,4;5,8;59;350;12;10;4;5,9;
16726;1999;2;18;21;1.012,3;8;3,6;;;42;350;19;10;2;;
16726;1999;2;19;0;1.015,1;6,4;2;;;37;360;13;10;0;;
16726;1999;2;19;3;1.016,8;4;0;;;36;360;10;10;0;;
16726;1999;2;19;6;1.018,1;0,6;-1,2;10,4;0,2;69;360;5;10;0;;
16726;1999;2;19;9;1.019,5;9;3,8;;;35;360;12;10;0;;
16726;1999;2;19;12;1.019,5;11;4;;;20;350;15;10;0;;
16726;1999;2;19;15;1.020;11;4,2;;;21;360;10;10;0;;
16726;1999;2;19;18;1.022,1;4,2;1,2;11,6;0,6;52;30;6;10;0;;
16726;1999;2;19;21;1.023,5;3,2;0,2;;;49;360;5;10;0;;
16726;1999;2;20;0;1.024;-0,6;-1,6;;;81;360;5;10;0;;
16726;1999;2;20;3;1.024;-1;-1,8;;;84;350;8;10;0;;
16726;1999;2;20;6;1.024,3;1,4;-1;4,6;-1,4;60;360;8;10;0;;
16726;1999;2;20;9;1.024,3;11,6;6,2;;;38;10;10;10;0;;
16726;1999;2;20;12;1.023,7;14,4;8,4;;;37;360;14;10;0;;
16726;1999;2;20;15;1.022,2;14;8,4;;;40;360;10;10;1;;
16726;1999;2;20;18;1.022,9;7,2;5,8;15;1,4;80;0;0;10;0;;
16726;1999;2;20;21;1.022,1;6,2;5,2;;;85;0;0;10;4;;
16726;1999;2;21;0;1.020,4;7;6,2;;;88;360;6;10;5;;
16726;1999;2;21;3;1.019,9;6,2;5,8;;;94;0;0;10;5;;
16726;1999;2;21;6;1.018,9;5,2;5;8;5;97;0;0;10;6;;
16726;1999;2;21;9;1.019;10,6;9,2;;;82;0;0;10;6;;
16726;1999;2;21;12;1.017,6;14,2;11,4;;;69;190;5;10;7;;
16726;1999;2;21;15;1.015,8;14,6;11,8;;;70;160;9;10;6;;
16726;1999;2;21;18;1.015,9;11,8;11,4;15,6;5,2;95;150;6;8;7;1,3;
16726;1999;2;21;21;1.015,4;11,8;11,6;;;98;150;5;5;8;5,9;
16726;1999;2;22;0;1.014,5;11,6;11,4;;;97;150;2;8;7;1;
16726;1999;2;22;3;1.013,1;12;11,2;;;90;200;7;10;7;;
16726;1999;2;22;6;1.012,6;11,2;11;12,2;11,2;97;160;6;6;8;9,9;
16726;1999;2;22;9;1.012,8;12,8;12,4;;;95;160;7;5;7;0,9;
16726;1999;2;22;12;1.012;13;12,6;;;95;130;7;6;8;2;
16726;1999;2;22;15;1.010,7;13,8;12,6;;;87;200;4;6;8;0,3;
16726;1999;2;22;18;1.010,6;12,8;11,6;14,4;11,2;86;200;6;8;8;3,6;
16726;1999;2;22;21;1.010,2;12,6;11,8;;;91;0;0;8;8;0,3;
16726;1999;2;23;0;1.009,7;12,8;11,6;;;86;160;7;8;8;;
16726;1999;2;23;3;1.008,8;13;12;;;88;240;5;8;8;;
16726;1999;2;23;6;1.008;14;12;14;12,6;78;240;8;8;7;0,3;
16726;1999;2;23;9;1.007,9;15;12,4;;;72;240;10;8;8;;
16726;1999;2;23;12;1.006,7;15;12,4;;;72;260;12;8;8;2,4;
16726;1999;2;23;15;1.006,9;11,6;10,4;;;85;30;10;8;8;0,8;
16726;1999;2;23;18;1.008,2;9,8;8,6;16,6;9,8;85;350;6;8;7;3,2;
16726;1999;2;23;21;1.008,4;8,2;7,2;;;86;0;0;10;6;;
16726;1999;2;24;0;1.009;8;6,8;;;83;0;0;10;6;4,7;
16726;1999;2;24;3;1.009;7,4;6,4;;;85;0;0;10;6;;
16726;1999;2;24;6;1.011,1;6,8;5,8;9,8;5,6;85;20;7;10;5;4,9;
16726;1999;2;24;9;1.014,2;10;6;;;50;20;13;10;3;;
16726;1999;2;24;12;1.015,1;12,2;6;;;31;340;15;10;3;;
16726;1999;2;24;15;1.016,3;12;6,2;;;34;350;14;10;3;;
16726;1999;2;24;18;1.018,4;7;4,8;13,4;6,8;69;0;0;10;2;;
16726;1999;2;24;21;1.020,6;3,8;2,4;;;76;0;0;10;1;;
16726;1999;2;25;0;1.020,8;1,8;1;;;85;360;7;10;0;;
16726;1999;2;25;3;1.020,4;1;0,4;;;88;360;6;10;0;;
16726;1999;2;25;6;1.021;0,4;0;7;0;92;350;5;10;0;;
16726;1999;2;25;9;1.021,4;10,4;6,8;;;56;0;0;10;0;;
16726;1999;2;25;12;1.021,2;13,4;8,2;;;44;200;5;10;1;;
16726;1999;2;25;15;1.018,9;12,6;8,4;;;52;200;5;10;5;;
16726;1999;2;25;18;1.019,4;10,8;8,8;14;0,4;75;0;0;10;7;;
16726;1999;2;25;21;1.019,7;9;8;;;87;0;0;8;7;0,4;
16726;1999;2;26;0;1.019,7;8,4;7,6;;;89;0;0;8;8;0,4;
16726;1999;2;26;3;1.018,5;7,4;6,4;;;85;0;0;8;6;1,7;
16726;1999;2;26;6;1.018,2;7;6,6;11;6;94;0;0;8;8;3,4;
16726;1999;2;26;9;1.018,5;8,4;8;;;94;0;0;4;8;13,5;
16726;1999;2;26;12;1.017,1;11,8;10,4;;;83;0;0;10;5;0,3;
16726;1999;2;26;15;1.016,2;12,8;11,2;;;81;180;8;10;5;;
16726;1999;2;26;18;1.017;9,6;9,2;16;7;95;0;0;10;4;13,8;
16726;1999;2;26;21;1.018;7,6;7,4;;;97;360;4;10;0;;
16726;1999;2;27;0;1.018,2;6;5,8;;;97;360;6;10;0;;
16726;1999;2;27;3;1.018,4;4,6;4,4;;;97;360;7;10;0;;
16726;1999;2;27;6;1.019,7;5,2;4,8;11;4,2;94;360;7;10;2;;
16726;1999;2;27;9;1.020,6;14;10;;;57;350;6;10;2;;
16726;1999;2;27;12;1.019,8;17;13,6;;;67;200;10;10;3;;
16726;1999;2;27;15;1.019,4;15;11,6;;;65;150;6;10;4;;
16726;1999;2;27;18;1.020,8;13;9,4;17,4;5,2;59;60;7;10;5;;
16726;1999;2;27;21;1.022,6;7;6,4;;;91;0;0;10;2;;
16726;1999;2;28;0;1.023;5,6;5,2;;;94;350;6;10;0;;
16726;1999;2;28;3;1.022,4;4,8;4,4;;;93;360;6;10;0;;
16726;1999;2;28;6;1.023,1;4;3,8;13;3,8;97;360;5;10;0;;
16726;1999;2;28;9;1.024,3;13,8;10,2;;;61;0;0;10;1;;
16726;1999;2;28;12;1.023,4;15,8;11,2;;;53;190;6;10;1;;
16726;1999;2;28;15;1.022,5;15;11,6;;;65;190;8;10;1;;
16726;1999;2;28;18;1.023,3;10,4;9,4;16,4;4;87;0;0;10;1;;
16726;1999;2;28;21;1.024,2;7,4;7;;;94;360;7;10;0;;
16726;1999;3;1;0;1.024;6,4;6;;;94;360;6;10;0;;
16726;1999;3;1;3;1.023,1;5,2;5;;;97;360;7;10;0;;
16726;1999;3;1;6;1.022,7;5,2;5;10,4;4,2;97;350;5;8;0;;
16726;1999;3;1;9;1.023;15;11;;;58;350;6;10;0;;
16726;1999;3;1;12;1.022,7;17,8;12,6;;;52;180;5;10;0;;
16726;1999;3;1;15;1.021;16,4;12;;;56;170;5;10;1;;
16726;1999;3;1;18;1.021,3;12,4;9,6;18;5,2;68;30;11;10;0;;
16726;1999;3;1;21;1.020,8;8,4;7,6;;;89;350;7;10;0;;
16726;1999;3;2;0;1.020,8;6,4;6;;;94;10;5;10;0;;
16726;1999;3;2;3;1.019;6,2;5,8;;;94;20;6;10;5;;
16726;1999;3;2;6;1.018,4;7;6,6;12,4;5;94;0;0;10;2;;
16726;1999;3;2;9;1.017,8;14;10;;;57;20;10;10;3;;
16726;1999;3;2;12;1.016,6;16,8;11,6;;;50;360;13;10;3;;
16726;1999;3;2;15;1.015,5;16,2;11,6;;;55;360;13;10;3;;
16726;1999;3;2;18;1.016,2;12;10,2;17,4;7;78;20;7;10;2;;
16726;1999;3;2;21;1.016,6;11,4;9;;;71;360;8;10;1;;
16726;1999;3;3;0;1.016,2;9;7,6;;;82;360;6;10;1;;
16726;1999;3;3;3;1.015,8;9,6;7,6;;;74;360;8;10;1;;
16726;1999;3;3;6;1.016,8;9;7,4;12,2;7,8;78;10;8;10;0;;
16726;1999;3;3;9;1.017,3;14;10,6;;;64;360;10;10;0;;
16726;1999;3;3;12;1.016,8;17;11,2;;;45;180;5;10;0;;
16726;1999;3;3;15;1.016;16,6;12,2;;;56;200;7;10;0;;
16726;1999;3;3;18;1.017,1;11,2;10;17,8;9;85;0;0;10;0;;
16726;1999;3;3;21;1.017,6;8;7,4;;;91;360;8;10;4;;
16726;1999;3;4;0;1.016,2;7,4;6,8;;;91;360;5;10;4;;
16726;1999;3;4;3;1.015,8;6,6;6,2;;;94;360;4;10;4;;
16726;1999;3;4;6;1.015,7;5,8;5,4;11,2;5,6;94;0;0;10;5;;
16726;1999;3;4;9;1.016;11,4;10;;;83;0;0;10;7;;
16726;1999;3;4;12;1.015,4;16,8;12;;;53;190;5;10;7;;
16726;1999;3;4;15;1.014,6;15,4;12,4;;;68;180;13;10;8;;
16726;1999;3;4;18;1.015,3;14;13;17,2;5,8;89;0;0;10;8;;
16726;1999;3;4;21;1.011,5;12;10,6;;;83;320;8;10;6;1,7;
16726;1999;3;5;0;1.010,7;11;10;;;88;180;8;10;6;1,7;
16726;1999;3;5;3;1.010,7;13,2;13;;;98;180;15;8;8;;
16726;1999;3;5;6;1.011,3;13,4;13;14;11;95;180;8;8;7;8,7;
16726;1999;3;5;9;1.013;16,4;14;;;75;250;6;8;5;;
16726;1999;3;5;12;1.012,8;16,4;14,2;;;77;200;12;10;6;;
16726;1999;3;5;15;1.012,8;15,8;14,4;;;85;180;14;10;3;;
16726;1999;3;5;18;1.013,3;13,8;12,8;17,8;13,4;89;170;8;8;5;;
16726;1999;3;5;21;1.013,3;12;11,4;;;93;0;0;10;3;;
16726;1999;3;6;0;1.013,7;11;10,4;;;92;0;0;10;2;;
16726;1999;3;6;3;1.014,1;10,2;9,6;;;92;0;0;10;2;;
16726;1999;3;6;6;1.014,1;11,2;9,4;13,8;9;78;0;0;10;2;;
16726;1999;3;6;9;1.015;16,4;13,8;;;74;0;0;10;3;;
16726;1999;3;6;12;1.014,5;18;13,8;;;61;200;7;10;3;;
16726;1999;3;6;15;1.014;18;12,6;;;51;200;5;10;1;;
16726;1999;3;6;18;1.014,2;13,6;12,4;18,4;11;86;160;7;10;0;;
16726;1999;3;6;21;1.015,3;10;9,6;;;95;0;0;10;1;;
16726;1999;3;7;0;1.015,4;8;7,6;;;94;360;5;10;3;;
16726;1999;3;7;3;1.014,2;7,4;7;;;94;360;6;10;2;;
16726;1999;3;7;6;1.014,6;6,8;6,6;13,6;5,3;97;360;5;10;6;;
16726;1999;3;7;9;1.014,7;16,4;12;;;56;0;0;10;5;;
16726;1999;3;7;12;1.014,1;17;13;;;61;180;5;10;5;;
16726;1999;3;7;15;1.013,4;17,2;13,2;;;61;180;8;10;5;;
16726;1999;3;7;18;1.013,7;11,6;10,2;18,4;6,8;83;0;0;10;2;;
16726;1999;3;7;21;1.013,7;9;8,4;;;92;0;0;10;2;;
16726;1999;3;8;0;1.013,4;8;7,6;;;94;360;5;10;4;;
16726;1999;3;8;3;1.013;7,8;7,4;;;94;360;6;10;7;;
16726;1999;3;8;6;1.013,4;9,6;9,2;12;7,6;95;0;0;8;3;;
16726;1999;3;8;9;1.014;15;13;;;79;150;6;8;6;;
16726;1999;3;8;12;1.013,7;17,6;11,8;;;46;360;15;10;6;;
16726;1999;3;8;15;1.014,3;16;10,6;;;47;10;8;10;3;;
16726;1999;3;8;18;1.015,1;11;8;18,4;9,6;64;10;5;10;2;;
16726;1999;3;8;21;1.017,3;8,8;7,2;;;78;0;0;10;2;;
16726;1999;3;9;0;1.017,8;7,2;5,4;;;74;0;0;10;1;;
16726;1999;3;9;3;1.017,8;6,4;5;;;79;0;0;10;1;;
16726;1999;3;9;6;1.018,4;6;5;11,2;5,2;85;10;7;10;0;;
16726;1999;3;9;9;1.018,7;14;7,6;;;34;360;12;10;0;;
16726;1999;3;9;12;1.018,1;16,4;9;;;30;10;16;10;0;;
16726;1999;3;9;15;1.017,1;16,4;9,4;;;33;10;10;10;0;;
16726;1999;3;9;18;1.018,6;11,4;7;17;6;48;20;14;10;0;;
16726;1999;3;9;21;1.018,6;9,8;7;;;64;10;14;10;0;;
16726;1999;3;10;0;1.018,2;8;5;;;59;360;6;10;0;;
16726;1999;3;10;3;1.017,6;8,4;5,2;;;57;360;14;10;0;;
16726;1999;3;10;6;1.018,7;5;3,4;11,6;4,8;74;0;0;10;0;;
16726;1999;3;10;9;1.019,1;15,6;10;;;44;0;0;10;0;;
16726;1999;3;10;12;1.018,6;16,2;10,6;;;46;190;7;10;0;;
16726;1999;3;10;15;1.018,2;15,2;10,2;;;49;210;7;10;1;;
16726;1999;3;10;18;1.018,6;10,2;8,6;16,8;5;80;0;0;10;0;;
16726;1999;3;10;21;1.018,9;6,4;5,6;;;88;350;7;10;0;;
16726;1999;3;11;0;1.018,7;5;4,2;;;87;360;8;10;0;;
16726;1999;3;11;3;1.017,7;4,2;3,8;;;93;360;5;10;0;;
16726;1999;3;11;6;1.017,3;3,8;3,4;10,2;3;93;350;7;10;0;;
16726;1999;3;11;9;1.017;15;10,6;;;55;60;5;10;0;;
16726;1999;3;11;12;1.016,6;16,6;11,6;;;52;180;8;10;0;;
16726;1999;3;11;15;1.015,7;15,6;12;;;63;180;6;10;0;;
16726;1999;3;11;18;1.015,8;9,4;8,6;17;3,6;90;0;0;10;0;;
16726;1999;3;11;21;1.015,9;8,4;7,8;;;92;350;5;10;0;;
16726;1999;3;12;0;1.016;6,2;5,8;;;94;350;7;10;0;;
16726;1999;3;12;3;1.015,4;5,4;5,2;;;97;360;6;10;0;;
16726;1999;3;12;6;1.015,4;5;4,8;11;4,8;97;0;0;10;0;;
16726;1999;3;12;9;1.016,2;16;12;;;60;180;5;8;0;;
16726;1999;3;12;12;1.016,4;16,6;13,6;;;70;210;9;10;0;;
16726;1999;3;12;15;1.016,3;16,4;13;;;66;190;7;10;1;;
16726;1999;3;12;18;1.016,8;12,2;10,8;16,8;5;83;0;0;8;2;;
16726;1999;3;12;21;1.017,6;8,8;8,4;;;94;0;0;8;0;;
16726;1999;3;13;0;1.017,3;7,6;7,2;;;94;360;5;10;0;;
16726;1999;3;13;3;1.016,4;6,8;6,4;;;94;350;6;10;0;;
16726;1999;3;13;6;1.017;6,2;5,8;12,2;5,2;94;350;5;10;0;;
16726;1999;3;13;9;1.016,4;17,4;13,2;;;59;0;0;10;0;;
16726;1999;3;13;12;1.016,3;18,4;13,8;;;57;180;5;10;0;;
16726;1999;3;13;15;1.015,7;18,2;13,6;;;57;190;5;10;0;;
16726;1999;3;13;18;1.016,3;13,2;11,2;20,4;6,2;77;360;7;10;0;;
16726;1999;3;13;21;1.017,3;11,4;10,4;;;88;360;8;10;0;;
16726;1999;3;14;0;1.016,8;10,4;9,6;;;90;360;8;10;0;;
16726;1999;3;14;3;1.016,6;9,8;9,2;;;92;360;8;10;0;;
16726;1999;3;14;6;1.016,3;12,4;10,8;14;9,4;81;10;14;10;0;;
16726;1999;3;14;9;1.016,8;17;13;;;61;20;12;10;0;;
16726;1999;3;14;12;1.016,7;20,4;15;;;53;0;0;10;1;;
16726;1999;3;14;15;1.016,8;18;14;;;62;0;0;10;0;;
16726;1999;3;14;18;1.017,8;14,4;12,2;21,6;9,6;76;10;5;10;0;;
16726;1999;3;14;21;1.019,3;10,8;10;;;90;0;0;10;0;;
16726;1999;3;15;0;1.019,9;8,4;8;;;94;360;5;10;0;;
16726;1999;3;15;3;1.019,9;7,8;7,6;;;97;360;6;10;0;;
16726;1999;3;15;6;1.021,4;7,4;7,2;14,6;6,4;97;360;4;7;1;;
16726;1999;3;15;9;1.022,4;17,2;14;;;68;0;0;6;6;;
16726;1999;3;15;12;1.022,4;17,6;13,6;;;62;210;6;8;7;;
16726;1999;3;15;15;1.021,8;15,6;13;;;73;200;10;6;5;;
16726;1999;3;15;18;1.022,1;13,6;12;18,4;7,4;82;160;5;6;5;;
16726;1999;3;15;21;1.022,7;10;9,4;;;92;350;6;6;6;;
16726;1999;3;16;0;1.022,2;8,4;8,2;;;97;0;0;6;3;;
16726;1999;3;16;3;1.021,6;7,2;7;;;97;360;5;4;3;;
16726;1999;3;16;6;1.021,1;7;6,8;13,8;5,8;97;360;6;2;3;;
16726;1999;3;16;9;1.021,4;14,4;12;;;74;0;0;4;4;;
16726;1999;3;16;12;1.019,7;17;13,4;;;64;190;6;6;5;;
16726;1999;3;16;15;1.018,4;15,8;13;;;71;180;5;6;8;;
16726;1999;3;16;18;1.017,6;12;11;18;7;88;0;0;6;6;;
16726;1999;3;16;21;1.017;9,4;9,2;;;97;0;0;6;5;;
16726;1999;3;17;0;1.016,4;8,4;8,2;;;97;0;0;6;6;;
16726;1999;3;17;3;1.014,4;9;8,8;;;97;340;6;6;7;;
16726;1999;3;17;6;1.012,4;11;10,2;12,4;7,4;90;10;7;4;7;;
16726;1999;3;17;9;1.011,9;14;12;;;78;350;5;6;8;;
16726;1999;3;17;12;1.009,6;15,4;13;;;75;170;7;6;8;;
16726;1999;3;17;15;1.007,8;15,4;12,4;;;68;140;8;6;8;0,3;
16726;1999;3;17;18;1.006,5;15,6;12,2;16,4;11;65;160;15;8;8;1,6;
16726;1999;3;17;21;1.005;14,2;12,8;;;85;160;15;8;8;;
16726;1999;3;18;0;1.005;14;13;;;89;180;8;8;8;1,8;
16726;1999;3;18;3;1.000,3;11;10;;;88;20;8;8;7;;
16726;1999;3;18;6;996;17,6;11;17,6;10,8;40;150;17;5;6;2,4;
16726;1999;3;18;9;995,1;18,6;12,8;;;48;130;13;5;8;;
16726;1999;3;18;12;994,4;17,6;13,6;;;62;200;20;5;8;;
16726;1999;3;18;15;995,1;15,6;14,4;;;87;170;17;3;8;;
16726;1999;3;18;18;999;13,4;11,2;19,4;13,4;75;280;12;8;5;0,7;
16726;1999;3;18;21;1.000,2;12,4;10,4;;;76;210;6;8;6;;
16726;1999;3;19;0;1.000;11,4;10,4;;;88;220;7;8;5;;
16726;1999;3;19;3;1.000;9,2;8,2;;;87;130;10;8;7;1,1;
16726;1999;3;19;6;999,7;8,4;7,4;13,4;8;86;200;5;8;8;2,9;
16726;1999;3;19;9;1.000,8;9,4;8,4;;;87;180;5;8;8;;
16726;1999;3;19;12;1.001;10;8;;;74;180;12;6;8;5,6;
16726;1999;3;19;15;1.000,7;10;8;;;74;170;10;2;7;1,3;
16726;1999;3;19;18;1.001;8;7,4;10,4;7,8;91;0;0;5;8;12,6;
16726;1999;3;19;21;1.000,2;8,4;7,6;;;89;130;10;6;8;5;
16726;1999;3;20;0;999,7;9,4;8,6;;;90;200;6;6;8;6,9;
16726;1999;3;20;3;999,1;8,2;7,6;;;92;200;8;8;8;1;
16726;1999;3;20;6;1.000,7;7;6;10,4;7;85;360;9;8;6;12,9;
16726;1999;3;20;9;1.002,9;12,6;8,6;;;55;350;12;10;3;;
16726;1999;3;20;12;1.004,2;14,2;10,2;;;57;70;5;10;7;;
16726;1999;3;20;15;1.005,7;10;8,2;;;77;90;6;10;7;0,6;
16726;1999;3;20;18;1.007,1;7,8;7,2;14,8;7;91;0;0;10;3;0,6;
16726;1999;3;20;21;1.008,6;5,6;4,8;;;88;350;6;10;5;;
16726;1999;3;21;0;1.009,1;4,6;3,8;;;87;350;8;10;5;;
16726;1999;3;21;3;1.009,4;4,6;3,8;;;87;350;6;10;4;;
16726;1999;3;21;6;1.010,7;5,2;4,4;7,8;4,2;87;0;0;10;6;;
16726;1999;3;21;9;1.012,7;11;8;;;64;0;0;10;6;;
16726;1999;3;21;12;1.012;11;9,4;;;80;190;6;8;7;;
16726;1999;3;21;15;1.012;9,6;8,8;;;90;180;4;10;8;4,1;
16726;1999;3;21;18;1.012,8;7,4;7,2;11,6;5,2;97;0;0;10;5;4,1;
16726;1999;3;21;21;1.014,2;6;5,2;;;88;360;5;8;3;1,3;
16726;1999;3;22;0;1.014,4;3,2;3;;;97;360;7;10;2;;
16726;1999;3;22;3;1.014,4;3,2;3;;;97;360;6;10;2;;
16726;1999;3;22;6;1.015,4;4,2;3;8;2,4;80;350;7;8;5;1,3;
16726;1999;3;22;9;1.016,2;11;8;;;64;0;0;10;6;;
16726;1999;3;22;12;1.016;14,8;8,2;;;33;340;8;10;5;;
16726;1999;3;22;15;1.015,5;13;8;;;45;310;6;10;6;;
16726;1999;3;22;18;1.016,7;7,8;6,2;15,4;4,2;77;0;0;10;4;;
16726;1999;3;22;21;1.017,4;4,6;4,2;;;93;0;0;10;3;;
16726;1999;3;23;0;1.017;3,4;3;;;93;360;5;10;2;;
16726;1999;3;23;3;1.016,6;2,4;2,2;;;96;360;5;10;2;;
16726;1999;3;23;6;1.016,4;4,4;4;7,8;2,2;93;350;5;8;6;;
16726;1999;3;23;9;1.016,6;11;8,4;;;68;0;0;8;6;;
16726;1999;3;23;12;1.014,6;15,4;12;;;65;200;14;10;6;;
16726;1999;3;23;15;1.013,3;14,4;11,2;;;65;170;12;10;8;;
16726;1999;3;23;18;1.011,1;12,6;11,4;16,2;4,4;86;180;15;6;8;0,5;
16726;1999;3;23;21;1.008,6;12;11;;;88;360;4;8;8;1,8;
16726;1999;3;24;0;1.007,4;10,6;10,4;;;97;180;7;8;7;2,5;
16726;1999;3;24;3;1.006,2;10,2;10;;;97;0;0;8;8;0,4;
16726;1999;3;24;6;1.006,9;9,2;9;12,6;8,4;97;340;6;10;7;16,4;
16726;1999;3;24;9;1.008;11,8;9,6;;;74;360;7;10;7;;
16726;1999;3;24;12;1.008;15,2;11;;;57;350;14;10;7;;
16726;1999;3;24;15;1.009,4;16,4;11,6;;;53;20;10;10;5;;
16726;1999;3;24;18;1.011,1;14;10;17;9,2;57;20;6;10;2;;
16726;1999;3;24;21;1.014,9;9,8;7,8;;;74;360;5;10;2;;
16726;1999;3;25;0;1.016,7;9;7,2;;;76;360;5;10;0;;
16726;1999;3;25;3;1.017,7;8,4;7,2;;;83;360;7;10;0;;
16726;1999;3;25;6;1.019;8,6;7;14;6,4;78;360;5;10;0;;
16726;1999;3;25;9;1.020,2;17;11,6;;;49;170;5;10;0;;
16726;1999;3;25;12;1.020,3;17;13;;;61;180;10;10;2;;
16726;1999;3;25;15;1.019,7;16;12,2;;;61;180;13;10;2;;
16726;1999;3;25;18;1.020,3;11,6;10;18;8,6;81;140;5;10;6;;
16726;1999;3;25;21;1.021;9,6;8,8;;;90;0;0;10;5;;
16726;1999;3;26;0;1.019,8;8;7,6;;;94;350;7;10;2;;
16726;1999;3;26;3;1.017,7;7;6,8;;;97;350;6;10;2;;
16726;1999;3;26;6;1.017,4;7;6,6;12,2;5,8;94;340;7;10;4;;
16726;1999;3;26;9;1.017,6;16,4;12;;;56;0;0;10;5;;
16726;1999;3;26;12;1.016,4;16;12;;;60;180;6;10;7;;
16726;1999;3;26;15;1.013,4;15;13;;;79;0;0;10;7;0;
16726;1999;3;26;18;1.013,7;12;10,8;17,8;7;86;360;5;10;6;0;
16726;1999;3;26;21;1.013,1;9,6;9;;;92;360;5;10;6;;
16726;1999;3;27;0;1.011,5;8,2;7,8;;;94;360;5;10;6;;
16726;1999;3;27;3;1.011;8;7,6;;;94;360;5;10;6;;
16726;1999;3;27;6;1.008,2;10,4;8,8;12,4;8;80;0;0;10;7;;
16726;1999;3;27;9;1.008,2;16;12,2;;;61;20;5;10;8;;
16726;1999;3;27;12;1.008,2;18;13;;;53;0;0;10;8;;
16726;1999;3;27;15;1.007,1;15,8;13,6;;;77;190;13;10;8;;
16726;1999;3;27;18;1.007;13,8;13,6;18,6;10,4;98;180;16;6;8;2,4;
16726;1999;3;27;21;1.007,3;14,4;14;;;95;180;11;6;8;3,4;
16726;1999;3;28;0;1.006,2;13;12,8;;;98;0;0;6;7;5,9;
16726;1999;3;28;3;1.006;12,6;12,4;;;98;0;0;8;7;;
16726;1999;3;28;6;1.005,8;12,2;12;15,4;12;98;0;0;10;6;9,3;
16726;1999;3;28;9;1.006,7;17,2;14,4;;;72;90;6;10;5;;
16726;1999;3;28;12;1.005,8;19;15;;;63;0;0;10;5;;
16726;1999;3;28;15;1.006,1;17,4;12,4;;;52;360;14;10;3;;
16726;1999;3;28;18;1.007,4;12,8;10,8;20,4;12,2;77;360;6;10;7;;
16726;1999;3;28;21;1.008,6;11,2;10;;;85;0;0;10;6;;
16726;1999;3;29;0;1.008;9,6;9;;;92;360;5;10;6;;
16726;1999;3;29;3;1.007,3;8;7,4;;;91;0;0;10;7;;
16726;1999;3;29;6;1.008;8,8;8,2;13;7,2;92;0;0;10;5;;
16726;1999;3;29;9;1.008,4;12,4;10,6;;;79;10;5;8;7;1,7;
16726;1999;3;29;12;1.007,1;16;11,6;;;56;310;5;10;6;;
16726;1999;3;29;15;1.006,2;15;11;;;58;180;7;10;5;;
16726;1999;3;29;18;1.006,1;11,8;11;16,4;8;90;0;0;10;5;1,7;
16726;1999;3;29;21;1.006,5;10,4;9,8;;;92;0;0;10;5;;
16726;1999;3;30;0;1.006,7;9,8;9,6;;;97;0;0;10;8;3,8;
16726;1999;3;30;3;1.005,8;9,6;9,4;;;97;0;0;8;7;3,2;
16726;1999;3;30;6;1.005,4;9,4;8,8;11,8;9;92;0;0;10;7;7;
16726;1999;3;30;9;1.006;14;11;;;67;0;0;10;7;;
16726;1999;3;30;12;1.006,1;14,4;11,4;;;67;180;5;10;8;;
16726;1999;3;30;15;1.006,2;13,8;11,8;;;78;0;0;10;8;;
16726;1999;3;30;18;1.006,6;11,8;10,8;15,4;9,4;88;30;5;10;8;;
16726;1999;3;30;21;1.008,3;10,6;9,8;;;90;0;0;10;7;;
16726;1999;3;31;0;1.008,4;8,8;7,8;;;87;360;7;10;5;;
16726;1999;3;31;3;1.008,6;8,6;7,7;;;89;360;6;10;2;;
16726;1999;3;31;6;1.008,8;8,6;7,2;11,8;7,6;81;10;5;10;3;;
16726;1999;3;31;9;1.010;16,4;12,4;;;60;180;5;10;2;;
16726;1999;3;31;12;1.010;15;13;;;79;180;6;10;6;;
16726;1999;3;31;15;1.010;16;12,8;;;68;0;0;10;5;;
16726;1999;3;31;18;1.010,2;13,8;11,4;18;8,6;73;0;0;10;5;;
16726;1999;3;31;21;1.012,2;10,6;10;;;92;0;0;10;7;0,6;
16726;1999;4;1;0;1.011,5;9;8,8;;;97;0;0;10;3;0,6;
16726;1999;4;1;3;1.011,3;8,4;8,2;;;97;330;5;10;7;;
16726;1999;4;1;6;1.011,5;11;10,4;13,8;8;92;350;5;8;6;1,2;
16726;1999;4;1;9;1.012,3;16;12,2;;;61;0;0;8;4;;
16726;1999;4;1;12;1.011,8;14,4;11,4;;;67;160;6;8;6;1,9;
16726;1999;4;1;15;1.011,3;13;11;;;77;210;7;8;5;0,7;
16726;1999;4;1;18;1.012;12;10,4;17,4;11;81;0;0;10;3;2,6;
16726;1999;4;1;21;1.013,1;9,4;9;;;95;0;0;10;4;;
16726;1999;4;2;0;1.013,1;9,4;9;;;95;0;0;10;4;;
16726;1999;4;2;3;1.012,6;9,4;9;;;95;0;0;10;3;;
16726;1999;4;2;6;1.012,4;9;8,6;12;8,2;95;0;0;10;4;;
16726;1999;4;2;9;1.013,1;16;12,6;;;66;10;8;10;5;;
16726;1999;4;2;12;1.012,8;16,6;13;;;64;0;0;8;7;;
16726;1999;4;2;15;1.011,9;16,4;13;;;66;40;5;8;7;;
16726;1999;4;2;18;1.012,4;11,4;10,4;17,6;9;88;0;0;8;2;;
16726;1999;4;2;21;1.013;8,4;8;;;94;0;0;10;4;;
16726;1999;4;3;0;1.012,2;7;6,8;;;97;0;0;10;4;;
16726;1999;4;3;3;1.011;7,8;7,6;;;97;0;0;10;6;;
16726;1999;4;3;6;1.011,4;9,4;9,2;12,4;7;97;0;0;4;6;;
16726;1999;4;3;9;1.011,9;11,8;10,8;;;88;140;9;6;7;5;
16726;1999;4;3;12;1.012,2;15;12;;;68;180;7;8;7;;
16726;1999;4;3;15;1.010;15,6;12,6;;;69;140;10;8;7;;
16726;1999;4;3;18;1.011,1;11,4;10;16,2;9,4;83;0;0;8;7;5;
16726;1999;4;3;21;1.012,7;10;9,6;;;95;30;7;8;7;;
16726;1999;4;4;0;1.012,8;9,4;9;;;95;320;8;8;8;;
16726;1999;4;4;3;1.013;8,2;7,8;;;94;20;5;8;8;3,8;
16726;1999;4;4;6;1.013,4;9,4;9;12;8;95;0;0;8;8;4,3;
16726;1999;4;4;9;1.015;12;11;;;88;0;0;8;8;;
16726;1999;4;4;12;1.015,7;13,2;11,2;;;77;0;0;8;8;0,4;
16726;1999;4;4;15;1.015,8;13,6;11,2;;;73;0;0;8;8;0;
16726;1999;4;4;18;1.016,8;11,4;10,6;14;9,4;90;0;0;8;7;0,4;
16726;1999;4;4;21;1.017,8;11;9,8;;;85;360;7;10;5;;
16726;1999;4;5;0;1.018,6;9;8,2;;;89;60;5;10;3;;
16726;1999;4;5;3;1.018,9;7,4;6,8;;;91;20;7;10;2;;
16726;1999;4;5;6;1.019,8;9;8;12,6;6,4;87;20;10;10;2;;
16726;1999;4;5;9;1.020,4;17;11,6;;;49;10;7;10;2;;
16726;1999;4;5;12;1.020;17;12;;;52;100;10;10;5;;
16726;1999;4;5;15;1.021,4;14;12;;;78;0;0;10;6;2,5;
16726;1999;4;5;18;1.022;12;11;18;9;88;0;0;8;6;2,7;
16726;1999;4;5;21;1.022,7;11;9,8;;;85;0;0;10;6;;
16726;1999;4;6;0;1.022,6;9;8,2;;;89;0;0;10;3;;
16726;1999;4;6;3;1.022,2;6,6;6;;;91;360;5;10;2;;
16726;1999;4;6;6;1.022,7;8;7;12,4;5,8;86;10;6;10;2;;
16726;1999;4;6;9;1.022,7;18,2;12;;;44;30;8;10;2;;
16726;1999;4;6;12;1.021,3;21;11,8;;;27;50;15;10;2;;
16726;1999;4;6;15;1.019,7;20,6;11,8;;;29;40;10;10;3;;
16726;1999;4;6;18;1.020,3;14;12,2;21,8;8;80;0;0;10;2;;
16726;1999;4;6;21;1.021,3;8,8;7,2;;;78;360;5;10;2;;
16726;1999;4;7;0;1.020,8;7,6;6;;;77;360;7;10;0;;
16726;1999;4;7;3;1.019,7;6,8;5,4;;;79;360;7;10;1;;
16726;1999;4;7;6;1.019,4;10,4;8;14;6,2;70;360;6;10;1;;
16726;1999;4;7;9;1.018,9;20;13;;;40;360;6;10;1;;
16726;1999;4;7;12;1.017;20;14;;;48;180;5;10;3;;
16726;1999;4;7;15;1.015,7;20,4;13,4;;;40;30;12;10;3;;
16726;1999;4;7;18;1.015,8;15,2;11,6;23,6;10,4;63;360;8;10;3;;
16726;1999;4;7;21;1.016,2;11,6;10,6;;;88;0;0;10;2;;
16726;1999;4;8;0;1.016;9;8,4;;;92;350;7;10;1;;
16726;1999;4;8;3;1.015,9;8,4;8;;;94;360;9;10;0;;
16726;1999;4;8;6;1.016,2;8,6;8;15,2;7,8;92;360;5;8;0;;
16726;1999;4;8;9;1.016,4;19;13;;;46;0;0;10;0;;
16726;1999;4;8;12;1.016,4;20,2;14,2;;;48;210;7;10;2;;
16726;1999;4;8;15;1.016,6;19,6;14;;;51;280;12;10;2;;
16726;1999;4;8;18;1.017;14,4;12,8;20,4;8;83;0;0;10;0;;
16726;1999;4;8;21;1.017,6;12;11;;;88;0;0;10;0;;
16726;1999;4;9;0;1.018,2;9;8,2;;;89;350;5;10;0;;
16726;1999;4;9;3;1.018,4;7,6;7;;;91;0;0;10;0;;
16726;1999;4;9;6;1.018,6;8,2;7,4;14,4;5,6;89;0;0;10;0;;
16726;1999;4;9;9;1.017;18,6;13,4;;;52;180;6;10;0;;
16726;1999;4;9;12;1.019,7;19;12,4;;;41;180;13;10;4;;
16726;1999;4;9;15;1.019,1;17,8;12,6;;;52;200;13;10;7;;
16726;1999;4;9;18;1.019;14,4;12,6;20,4;8,2;80;0;0;8;7;;
16726;1999;4;9;21;1.019,4;13;12;;;88;340;5;10;7;;
16726;1999;4;10;0;1.019,3;15,2;12,2;;;68;220;6;10;7;;
16726;1999;4;10;3;1.017,7;14,2;11,8;;;74;190;8;10;7;0,2;
16726;1999;4;10;6;1.018,7;13;12,2;15,6;12,8;91;180;6;6;8;2,8;
16726;1999;4;10;9;1.019;17,4;14,4;;;70;190;5;8;8;0,6;
16726;1999;4;10;12;1.017,7;17,6;14,8;;;73;180;12;8;8;;
16726;1999;4;10;15;1.016,7;16;15;;;89;210;8;6;7;1,8;
16726;1999;4;10;18;1.017;14,2;13,6;18,4;13;93;230;5;8;3;2,5;
16726;1999;4;10;21;1.018,2;10,8;10,4;;;95;360;7;10;2;;
16726;1999;4;11;0;1.017,6;9;8,6;;;95;350;7;10;2;;
16726;1999;4;11;3;1.017;7,4;7,2;;;97;0;0;10;2;;
16726;1999;4;11;6;1.016,6;9,6;9,4;15,2;6,6;97;0;0;8;4;;
16726;1999;4;11;9;1.016,2;14,4;12,8;;;83;180;9;8;7;;
16726;1999;4;11;12;1.015;15,8;13,4;;;75;160;11;10;7;0,2;
16726;1999;4;11;15;1.013,8;14,4;12,6;;;80;170;8;8;7;4,4;
16726;1999;4;11;18;1.013,6;12,8;12;16,2;9,6;91;0;0;8;8;5,5;
16726;1999;4;11;21;1.014,7;11;10,8;;;97;350;5;8;7;1;
16726;1999;4;12;0;1.014,4;9,2;9;;;97;10;5;8;1;;
16726;1999;4;12;3;1.014,1;8,2;8;;;97;10;5;10;2;;
16726;1999;4;12;6;1.014,7;10,6;10,2;12,8;8;95;0;0;10;2;1,5;
16726;1999;4;12;9;1.015,5;16,4;13;;;66;20;7;10;3;;
16726;1999;4;12;12;1.014;19,4;13,4;;;46;360;9;10;4;;
16726;1999;4;12;15;1.012,8;17,4;12,6;;;55;10;9;10;4;;
16726;1999;4;12;18;1.013,7;13,6;11;19,6;10,6;71;0;0;10;2;;
16726;1999;4;12;21;1.014,4;9,8;9,2;;;92;0;0;10;2;;
16726;1999;4;13;0;1.013,1;10,2;5,8;;;46;0;0;8;7;2,5;
16726;1999;4;13;3;1.012,2;9,6;9,4;;;97;20;5;8;5;1,2;
16726;1999;4;13;6;1.012,3;11,2;10,8;13,6;9,4;95;0;0;8;3;7;
16726;1999;4;13;9;1.012,2;15,6;12,4;;;66;200;6;10;6;;
16726;1999;4;13;12;1.011,3;17;14;;;70;170;10;10;5;;
16726;1999;4;13;15;1.009,7;18;13;;;53;260;10;10;3;;
16726;1999;4;13;18;1.009,4;13,4;11,2;19,4;11,2;75;210;5;10;4;;
16726;1999;4;13;21;1.008,8;8,6;8,2;;;94;0;0;10;2;;
16726;1999;4;14;0;1.008,3;10,4;9,8;;;92;230;5;10;4;;
16726;1999;4;14;3;1.007;14,4;13;;;85;180;9;8;7;0,2;
16726;1999;4;14;6;1.008,3;14,6;11,4;14,6;8,6;65;30;12;10;2;0,2;
16726;1999;4;14;9;1.010,6;18;12,6;;;51;20;13;10;3;;
16726;1999;4;14;12;1.011;20,4;13;;;38;360;5;10;3;;
16726;1999;4;14;15;1.011,8;20;13;;;40;360;6;10;2;;
16726;1999;4;14;18;1.013,6;14,2;11,6;21;14,2;72;360;5;10;2;;
16726;1999;4;14;21;1.015,5;10,6;9,8;;;90;0;0;10;1;;
16726;1999;4;15;0;1.014,7;10;9,2;;;90;340;6;10;1;;
16726;1999;4;15;3;1.014,7;9;8;;;87;340;6;10;1;;
16726;1999;4;15;6;1.016,7;10;9,2;14,2;7,6;90;0;0;10;5;;
16726;1999;4;15;9;1.017,8;17,4;13,2;;;59;170;5;10;5;;
16726;1999;4;15;12;1.017,6;19,4;13;;;44;190;6;10;6;;
16726;1999;4;15;15;1.016,7;18;14;;;62;200;6;10;4;;
16726;1999;4;15;18;1.018;14,4;13;19,8;10;85;0;0;10;6;;
16726;1999;4;15;21;1.017,6;13;12;;;88;0;0;10;5;;
16726;1999;4;16;0;1.016,4;12;11;;;88;0;0;10;0;;
16726;1999;4;16;3;1.015,9;12;10,6;;;83;0;0;10;3;;
16726;1999;4;16;6;1.016,2;12,2;10,8;14,4;10;83;350;6;10;4;;
16726;1999;4;16;9;1.015,8;22,4;14,2;;;35;0;0;10;6;;
16726;1999;4;16;12;1.016;23,2;14,6;;;35;220;10;10;5;;
16726;1999;4;16;15;1.015,4;20,4;13,4;;;40;240;6;10;7;;
16726;1999;4;16;18;1.013,8;16;12,6;25;12,2;66;360;5;10;7;;
16726;1999;4;16;21;1.014;14,4;12;;;74;0;0;10;6;;
16726;1999;4;17;0;1.012,7;14,4;12;;;74;360;5;10;7;;
16726;1999;4;17;3;1.011,7;14;11,8;;;76;360;5;10;7;;
16726;1999;4;17;6;1.009,8;20;14;20;13;48;0;0;10;8;;
16726;1999;4;17;9;1.012,4;23,4;16,2;;;44;180;12;10;5;;
16726;1999;4;17;12;1.012,2;22,8;17,2;;;54;200;13;8;0;0,2;
16726;1999;4;17;15;1.011,1;21,6;17,2;;;62;190;6;8;0;;
16726;1999;4;17;18;1.011,9;16,2;15,2;23,8;16,2;89;0;0;8;0;0,2;
16726;1999;4;17;21;1.014,4;13,2;13;;;98;350;6;5;0;;
16726;1999;4;18;0;1.014,4;12,4;12,2;;;98;360;6;5;2;;
16726;1999;4;18;3;1.013,4;11,6;11,2;;;95;340;8;10;0;;
16726;1999;4;18;6;1.014,5;13,8;13;16,2;10,8;91;350;6;10;0;;
16726;1999;4;18;9;1.015,1;19,4;14;;;52;20;13;10;1;;
16726;1999;4;18;12;1.014,6;22,2;16;;;50;0;0;10;0;;
16726;1999;4;18;15;1.015,1;20;15,2;;;57;10;12;10;1;;
16726;1999;4;18;18;1.015,9;15;12,8;23,4;13,8;77;360;4;10;1;;
16726;1999;4;18;21;1.017,6;10,6;9,4;;;85;0;0;10;0;;
16726;1999;4;19;0;1.017,1;8,2;7,4;;;89;0;0;10;0;;
16726;1999;4;19;3;1.016,8;6,8;6,4;;;94;0;0;10;0;;
16726;1999;4;19;6;1.017,8;11,6;10,6;15;6,4;88;0;0;10;2;;
16726;1999;4;19;9;1.018,1;18,4;12;;;42;360;7;10;3;;
16726;1999;4;19;12;1.017,1;19,6;10,8;;;27;340;13;10;2;;
16726;1999;4;19;15;1.016,8;19;11,8;;;37;360;12;10;5;;
16726;1999;4;19;18;1.018,1;13;9,8;20,4;6,4;64;10;7;10;5;;
16726;1999;4;19;21;1.018,6;11;8,6;;;71;360;5;10;2;;
16726;1999;4;20;0;1.018,1;10;8,4;;;79;30;5;10;0;;
16726;1999;4;20;3;1.017,8;8;7;;;86;360;5;10;0;;
16726;1999;4;20;6;1.018,7;9,2;8;13;6;84;0;0;10;0;;
16726;1999;4;20;9;1.019;17;11;;;43;20;6;10;3;;
16726;1999;4;20;12;1.019;19;12;;;38;310;11;10;4;;
16726;1999;4;20;15;1.018,6;17,6;11,6;;;45;360;13;10;4;;
16726;1999;4;20;18;1.019,1;14,4;11;19,4;9,2;64;360;7;10;3;;
16726;1999;4;20;21;1.020;12,4;10,4;;;76;360;5;10;2;;
16726;1999;4;21;0;1.020;11,6;8,6;;;65;360;10;10;0;;
16726;1999;4;21;3;1.020,4;9,4;7,4;;;73;360;8;10;0;;
16726;1999;4;21;6;1.020,8;13;10;14,4;8,6;66;10;7;10;0;;
16726;1999;4;21;9;1.021,7;19,2;12,6;;;43;20;10;10;0;;
16726;1999;4;21;12;1.022;22;12,6;;;28;20;15;10;1;;
16726;1999;4;21;15;1.021,4;21,2;13;;;34;360;10;10;1;;
16726;1999;4;21;18;1.023,3;15,4;11,2;22;13;57;360;7;10;0;;
16726;1999;4;21;21;1.024;12,6;11;;;81;360;6;10;0;;
16726;1999;4;22;0;1.023,8;11,8;10,8;;;88;360;5;10;0;;
16726;1999;4;22;3;1.022,2;11,2;10,2;;;88;360;8;10;1;;
16726;1999;4;22;6;1.022,9;13,2;11;15,4;10;75;360;6;10;1;;
16726;1999;4;22;9;1.022,6;21;15,8;;;56;180;5;10;0;;
16726;1999;4;22;12;1.021,7;20,6;17;;;68;180;8;10;0;;
16726;1999;4;22;15;1.020,4;21;14,6;;;47;190;5;10;0;;
16726;1999;4;22;18;1.020;17;14,8;23,4;13,2;78;0;0;10;0;;
16726;1999;4;22;21;1.019,8;11,4;9,8;;;81;360;7;10;0;;
16726;1999;4;23;0;1.018,5;9,8;9;;;90;350;5;10;0;;
16726;1999;4;23;3;1.017,7;9,4;8,6;;;90;0;0;10;0;;
16726;1999;4;23;6;1.017,3;12,4;11,2;17,2;9;86;0;0;10;3;;
16726;1999;4;23;9;1.017,4;20,8;15;;;51;0;0;10;5;;
16726;1999;4;23;12;1.015,9;21,8;15,2;;;46;100;6;10;5;;
16726;1999;4;23;15;1.015;18,8;13,4;;;51;200;5;10;7;;
16726;1999;4;23;18;1.015;17;13,6;23;12,4;67;0;0;10;2;;
16726;1999;4;23;21;1.014,7;11,4;10,4;;;88;350;5;10;0;;
16726;1999;4;24;0;1.013,6;9,4;8,6;;;90;10;6;10;0;;
16726;1999;4;24;3;1.012,4;8,6;7,8;;;89;360;6;10;0;;
16726;1999;4;24;6;1.012,4;10,2;8,8;17;6,8;82;0;0;10;0;;
16726;1999;4;24;9;1.013;19;13;;;46;180;5;10;3;;
16726;1999;4;24;12;1.013;19,8;14;;;49;180;6;10;7;0,2;
16726;1999;4;24;15;1.012;20,8;14,4;;;45;180;5;10;1;;
16726;1999;4;24;18;1.012,3;15,8;14,2;22;10,2;83;0;0;10;4;0,2;
16726;1999;4;24;21;1.013,3;12,6;12;;;93;0;0;10;6;;
16726;1999;4;25;0;1.012;11,6;11,2;;;95;360;6;10;6;;
16726;1999;4;25;3;1.011,4;12,8;12,4;;;95;330;7;10;7;2,2;
16726;1999;4;25;6;1.012,3;13,6;13,2;16;9,2;95;0;0;8;7;6,1;
16726;1999;4;25;9;1.014;14;13,6;;;95;0;0;4;8;10,4;
16726;1999;4;25;12;1.013,4;15,2;14,6;;;93;0;0;8;8;0,3;
16726;1999;4;25;15;1.011,9;17,8;14,6;;;69;210;5;10;3;;
16726;1999;4;25;18;1.013;14,8;14;18;13,6;91;0;0;10;3;10,7;
16726;1999;4;25;21;1.013,8;10,4;10;;;95;0;0;10;2;;
16726;1999;4;26;0;1.013,8;8,8;8,6;;;97;0;0;10;3;;
16726;1999;4;26;3;1.013,6;8,2;8;;;97;350;6;8;2;;
16726;1999;4;26;6;1.014,5;11,2;10,8;18,4;7,4;95;350;4;8;2;;
16726;1999;4;26;9;1.015,4;18,2;13,6;;;57;0;0;10;4;;
16726;1999;4;26;12;1.014,6;20,8;15,2;;;52;60;5;10;4;;
16726;1999;4;26;15;1.014,4;18,2;14,6;;;66;180;5;10;3;;
16726;1999;4;26;18;1.016;15,4;12,8;21,6;11,2;73;20;10;10;2;;
16726;1999;4;26;21;1.017;12,4;10,2;;;74;20;5;10;2;;
16726;1999;4;27;0;1.016,3;10,4;8,8;;;80;360;5;10;2;;
16726;1999;4;27;3;1.015,9;8,8;7,8;;;87;360;5;10;2;;
16726;1999;4;27;6;1.016,8;12,6;11,4;15,4;8,8;86;330;6;10;0;;
16726;1999;4;27;9;1.016,6;19,6;14,4;;;53;20;8;10;0;;
16726;1999;4;27;12;1.017,1;19,6;15,4;;;62;210;8;10;1;;
16726;1999;4;27;15;1.016,6;20,4;15,4;;;56;210;5;10;1;;
16726;1999;4;27;18;1.017;17,4;13,8;22;12,6;65;30;7;10;3;;
16726;1999;4;27;21;1.018,1;13,2;12,2;;;88;350;8;10;7;;
16726;1999;4;28;0;1.017,4;12;11,2;;;90;350;6;10;1;;
16726;1999;4;28;3;1.017;10,2;9,6;;;92;360;5;10;0;;
16726;1999;4;28;6;1.017,7;12,6;11,8;17,4;9,2;91;0;0;10;0;;
16726;1999;4;28;9;1.017,8;21,4;16,6;;;60;180;6;10;0;;
16726;1999;4;28;12;1.017,4;24,6;19,2;;;58;180;5;10;2;;
16726;1999;4;28;15;1.016,6;22;17;;;58;0;0;10;2;;
16726;1999;4;28;18;1.017;20,4;14,4;25,4;12,6;48;360;7;10;0;;
16726;1999;4;28;21;1.017,4;15,8;13;;;71;360;7;10;0;;
16726;1999;4;29;0;1.016,2;14,8;12;;;70;350;9;10;0;;
16726;1999;4;29;3;1.016,4;11,6;10,6;;;88;0;0;10;7;;
16726;1999;4;29;6;1.016,4;15,4;13,2;20,8;11,2;77;0;0;10;7;;
16726;1999;4;29;9;1.017,6;22,2;17,6;;;62;0;0;10;7;;
16726;1999;4;29;12;1.017,7;23,8;17;;;47;180;6;10;6;;
16726;1999;4;29;15;1.017,4;24;17;;;46;0;0;10;3;;
16726;1999;4;29;18;1.017,3;19;15;24,8;15,4;63;0;0;10;1;;
16726;1999;4;29;21;1.018;15,8;14;;;81;360;5;10;0;;
16726;1999;4;30;0;1.016,8;14,2;12,8;;;85;20;8;10;0;;
16726;1999;4;30;3;1.016,3;13;12;;;88;360;5;10;0;;
16726;1999;4;30;6;1.017,6;15,8;12,4;19;11,8;65;0;0;10;3;;
16726;1999;4;30;9;1.018,7;24,4;17,2;;;45;0;0;10;4;;
16726;1999;4;30;12;1.019,1;25,4;17,4;;;41;190;7;10;6;;
16726;1999;4;30;15;1.017,7;23,2;18;;;58;190;6;10;6;;
16726;1999;4;30;18;1.018,5;20;15,8;26;15,8;63;0;0;10;4;;
16726;1999;4;30;21;1.018,7;15,4;13,8;;;83;10;7;10;5;;
16726;1999;5;1;0;1.017,6;15,6;13,4;;;77;360;6;10;7;;
16726;1999;5;1;3;1.017;15;13,4;;;83;0;0;10;5;;
16726;1999;5;1;6;1.018,2;16,8;14,8;20;14,6;80;350;5;10;7;;
16726;1999;5;1;9;1.019,7;24,2;16;;;39;0;0;10;5;;
16726;1999;5;1;12;1.019,3;25,2;16,8;;;39;190;6;10;6;;
16726;1999;5;1;15;1.018,5;24;16,4;;;42;0;0;10;6;;
16726;1999;5;1;18;1.017,8;18,6;15;26,4;16,8;66;0;0;10;2;;
16726;1999;5;1;21;1.018,1;14,6;12,2;;;74;350;6;10;0;;
16726;1999;5;2;0;1.017,4;11,6;10,4;;;85;0;0;10;0;;
16726;1999;5;2;3;1.017;10,6;9,6;;;88;0;0;10;4;;
16726;1999;5;2;6;1.017,1;14;12,2;20,6;10,2;80;350;4;10;6;;
16726;1999;5;2;9;1.017,3;25,4;17,6;;;43;0;0;10;6;;
16726;1999;5;2;12;1.016,3;25;20;;;61;180;8;10;5;;
16726;1999;5;2;15;1.017;21,6;18,8;;;76;210;7;10;6;;
16726;1999;5;2;18;1.016,8;19,8;18;27;14;83;0;0;10;7;;
16726;1999;5;2;21;1.016,8;17,2;16,6;;;94;0;0;10;7;;
16726;1999;5;3;0;1.017,4;16,6;16;;;94;0;0;10;3;;
16726;1999;5;3;3;1.016;14,2;13,8;;;95;0;0;10;0;;
16726;1999;5;3;6;1.016,6;19;17;19,8;14;81;0;0;10;2;;
16726;1999;5;3;9;1.017,3;25;20,4;;;64;0;0;10;2;;
16726;1999;5;3;12;1.017,1;28;22;;;57;200;6;10;2;;
16726;1999;5;3;15;1.015,9;24,4;20;;;65;180;5;10;5;;
16726;1999;5;3;18;1.015,9;21,4;18,4;28,2;19;73;0;0;10;3;;
16726;1999;5;3;21;1.017,4;17,6;16,6;;;90;0;0;10;0;;
16726;1999;5;4;0;1.017,8;16,4;15,6;;;92;0;0;10;0;;
16726;1999;5;4;3;1.014,7;14,8;14,2;;;93;10;5;10;0;;
16726;1999;5;4;6;1.015,1;19;17,6;21,4;14,8;87;0;0;10;7;;
16726;1999;5;4;9;1.015,4;26,4;20,6;;;57;0;0;10;7;;
16726;1999;5;4;12;1.014,6;28,4;21,4;;;51;160;6;10;7;;
16726;1999;5;4;15;1.013,6;25;20;;;61;0;0;10;2;;
16726;1999;5;4;18;1.013,4;22,8;19,8;30;19;75;0;0;10;2;;
16726;1999;5;4;21;1.013,1;16,2;14,6;;;83;0;0;10;2;;
16726;1999;5;5;0;1.011,8;15,2;14;;;87;0;0;10;0;;
16726;1999;5;5;3;1.011,8;15,2;14;;;87;0;0;10;0;;
16726;1999;5;5;6;1.011,2;17,4;15,4;22,8;12,6;80;10;5;10;0;;
16726;1999;5;5;9;1.010,9;25,8;18,4;;;45;190;6;10;0;;
16726;1999;5;5;12;1.010,4;24,6;19,4;;;59;180;8;10;0;;
16726;1999;5;5;15;1.010,2;24,8;17,4;;;44;10;12;10;2;;
16726;1999;5;5;18;1.011,1;19,8;15,2;26,4;17,4;59;10;11;10;0;;
16726;1999;5;5;21;1.012,4;17;15;;;80;350;6;10;0;;
16726;1999;5;6;0;1.012,3;15;14,2;;;91;360;5;10;3;;
16726;1999;5;6;3;1.011,8;14,2;13,8;;;95;0;0;10;0;;
16726;1999;5;6;6;1.012;15,6;14,8;19,8;13;91;360;5;10;0;;
16726;1999;5;6;9;1.012,4;21;18;;;73;180;6;10;3;;
16726;1999;5;6;12;1.012,6;23;19,4;;;70;210;8;10;3;;
16726;1999;5;6;15;1.011,7;23;17;;;52;190;10;10;3;;
16726;1999;5;6;18;1.013,1;19,6;16,6;23,8;15,6;73;180;7;10;6;;
16726;1999;5;6;21;1.015,7;18;17;;;90;0;0;8;7;;
16726;1999;5;7;0;1.015,5;16,2;13,4;;;71;360;8;10;7;1,6;
16726;1999;5;7;3;1.015,5;14,8;12,4;;;74;360;8;10;7;;
16726;1999;5;7;6;1.016,3;15;12,4;19,6;13;72;350;8;10;7;1,6;
16726;1999;5;7;9;1.016,6;18,4;14;;;59;330;8;10;6;;
16726;1999;5;7;12;1.017,6;17,4;13,8;;;65;330;6;10;8;;
16726;1999;5;7;15;1.017,8;13,8;13;;;91;340;4;4;8;0,7;
16726;1999;5;7;18;1.018,1;13,6;13;20,6;13,6;93;0;0;6;8;0,9;
16726;1999;5;7;21;1.018,6;13,6;13,4;;;98;0;0;8;8;;
16726;1999;5;8;0;1.018;13,4;12,6;;;91;0;0;8;8;;
16726;1999;5;8;3;1.017,4;13;11,8;;;86;360;5;8;7;;
16726;1999;5;8;6;1.018,1;14;12,2;14,8;12,6;80;0;0;8;4;;
16726;1999;5;8;9;1.018,1;19;16,2;;;74;0;0;10;3;;
16726;1999;5;8;12;1.018,4;19,6;16,4;;;70;170;10;10;6;;
16726;1999;5;8;15;1.018,5;17,6;15,4;;;78;170;11;8;7;;
16726;1999;5;8;18;1.019;16,4;15;20,4;13,8;85;0;0;8;6;0,8;
16726;1999;5;8;21;1.019,4;13,8;13,4;;;95;0;0;10;3;;
16726;1999;5;9;0;1.019,3;11,6;11,4;;;97;0;0;8;2;;
16726;1999;5;9;3;1.019,4;10,4;10,2;;;97;360;5;10;0;;
16726;1999;5;9;6;1.020,7;14,2;13,6;16,4;9,8;93;0;0;8;0;;
16726;1999;5;9;9;1.020,8;20,2;16,8;;;70;180;5;8;2;;
16726;1999;5;9;12;1.020,4;21,2;17,2;;;65;200;9;10;3;;
16726;1999;5;9;15;1.019,5;20,8;17,2;;;68;210;9;10;6;;
16726;1999;5;9;18;1.019,7;18,6;16,4;21,8;14,2;79;20;6;10;6;;
16726;1999;5;9;21;1.020,3;17;15,8;;;88;360;6;10;5;;
16726;1999;5;10;0;1.018,9;15,4;15;;;96;0;0;10;2;;
16726;1999;5;10;3;1.018,6;14,2;13,8;;;95;350;7;10;1;;
16726;1999;5;10;6;1.018,7;18,2;16,4;18,6;13,6;82;20;10;8;2;;
16726;1999;5;10;9;1.018,7;19;16,2;;;74;20;10;8;7;0,8;
16726;1999;5;10;12;1.017,4;25,6;17,8;;;43;360;9;10;5;;
16726;1999;5;10;15;1.017;22,6;16,6;;;52;20;17;10;5;;
16726;1999;5;10;18;1.017;20,4;16,2;25,6;18,2;63;360;6;10;2;0,8;
16726;1999;5;10;21;1.017,8;16,4;15,4;;;89;360;6;10;2;;
16726;1999;5;11;0;1.016,8;14,6;14;;;93;360;7;10;0;;
16726;1999;5;11;3;1.015,9;15,2;14,2;;;89;360;9;10;0;;
16726;1999;5;11;6;1.016,7;18;16;20,4;13,6;80;0;0;10;0;;
16726;1999;5;11;9;1.017,3;22;17;;;58;180;5;10;2;;
16726;1999;5;11;12;1.016,8;22;18,6;;;71;180;13;10;3;;
16726;1999;5;11;15;1.016,7;21;17,6;;;70;170;8;10;6;;
16726;1999;5;11;18;1.016,2;18,6;16,6;23,4;18;81;0;0;10;4;;
16726;1999;5;11;21;1.016,4;15,4;15;;;96;360;5;10;1;;
16726;1999;5;12;0;1.015,1;13,2;13;;;98;350;5;10;0;;
16726;1999;5;12;3;1.014,4;14,6;14;;;93;360;8;10;0;;
16726;1999;5;12;6;1.014,2;16,6;15,4;18,6;12,8;87;350;5;10;4;;
16726;1999;5;12;9;1.014,1;24;18;;;53;20;7;10;0;;
16726;1999;5;12;12;1.013;25;19;;;54;180;6;10;0;;
16726;1999;5;12;15;1.012;25,6;17,8;;;43;10;16;10;0;;
16726;1999;5;12;18;1.012,6;20,6;16,4;26,8;16,6;63;10;22;10;3;;
16726;1999;5;12;21;1.013,6;18,4;16,4;;;80;20;10;10;0;;
16726;1999;5;13;0;1.012,8;16,4;15,4;;;89;350;5;10;0;;
16726;1999;5;13;3;1.012;14,8;14;;;91;350;7;10;0;;
16726;1999;5;13;6;1.012,4;19;17,2;21,2;13,6;83;360;7;8;0;;
16726;1999;5;13;9;1.012,7;23,6;19,6;;;68;210;5;8;4;;
16726;1999;5;13;12;1.012,3;24,2;20,2;;;68;210;8;10;3;;
16726;1999;5;13;15;1.011,9;23,8;19,2;;;63;200;7;10;0;;
16726;1999;5;13;18;1.012;20;18,4;24,4;19;85;0;0;10;0;;
16726;1999;5;13;21;1.012,6;18,4;17,2;;;88;0;0;10;0;;
16726;1999;5;14;0;1.012,2;16,4;15,6;;;92;0;0;10;0;;
16726;1999;5;14;3;1.011,8;14,8;14;;;91;360;5;10;0;;
16726;1999;5;14;6;1.012,6;18,4;16;20;14,2;77;350;8;10;0;;
16726;1999;5;14;9;1.012,7;27,4;20,4;;;50;160;5;10;0;;
16726;1999;5;14;12;1.012,3;25,8;19,4;;;52;210;8;10;0;;
16726;1999;5;14;15;1.011,7;25,2;19,6;;;58;210;7;10;0;;
16726;1999;5;14;18;1.011,5;21,2;19;27,8;18,2;80;0;0;10;0;;
16726;1999;5;14;21;1.011,9;18,2;15,4;;;73;350;8;10;0;;
16726;1999;5;15;0;1.010,9;15,4;14,4;;;89;0;0;10;0;;
16726;1999;5;15;3;1.009,7;14;13,2;;;91;10;5;10;0;;
16726;1999;5;15;6;1.010,2;19;17;21,2;13,4;81;0;0;10;3;;
16726;1999;5;15;9;1.011;24,8;18,6;;;53;190;8;10;4;;
16726;1999;5;15;12;1.009,7;29;18,4;;;32;180;12;10;6;;
16726;1999;5;15;15;1.009,3;26,4;18,8;;;46;180;10;10;6;;
16726;1999;5;15;18;1.009,6;20;17,8;30,2;19;80;0;0;10;4;;
16726;1999;5;15;21;1.010,4;16,2;15,6;;;94;0;0;10;0;;
16726;1999;5;16;0;1.009;14;13,6;;;95;360;5;10;0;;
16726;1999;5;16;3;1.008,6;13;12,6;;;95;0;0;10;0;;
16726;1999;5;16;6;1.009;17,2;15,6;20,8;12,2;84;0;0;10;0;;
16726;1999;5;16;9;1.009,4;25;19,4;;;57;180;10;10;5;;
16726;1999;5;16;12;1.010;25,4;19,2;;;53;200;7;10;6;;
16726;1999;5;16;15;1.009,6;24,2;19,6;;;64;200;6;10;4;;
16726;1999;5;16;18;1.010,2;21;19,2;28;17,2;84;0;0;10;4;;
16726;1999;5;16;21;1.011;16,8;16,2;;;94;0;0;10;2;;
16726;1999;5;17;0;1.011,1;14,4;13,8;;;93;350;6;10;3;;
16726;1999;5;17;3;1.011;13,8;12,6;;;87;360;5;10;3;;
16726;1999;5;17;6;1.011,7;17,6;15,6;21;12,8;80;0;0;10;0;;
16726;1999;5;17;9;1.012,8;28;19;;;39;350;5;10;5;;
16726;1999;5;17;12;1.013,4;26,4;18,4;;;42;180;6;10;7;;
16726;1999;5;17;15;1.014,5;24,6;19,6;;;61;210;6;10;7;;
16726;1999;5;17;18;1.015,1;21;18;29,4;17,6;73;0;0;10;2;;
16726;1999;5;17;21;1.016,2;18,4;17,2;;;88;0;0;10;2;;
16726;1999;5;18;0;1.016,2;17,2;16,2;;;90;0;0;10;0;;
16726;1999;5;18;3;1.015,5;14;13,2;;;91;0;0;10;0;;
16726;1999;5;18;6;1.016,2;17,6;16;21;12,8;84;0;0;10;0;;
16726;1999;5;18;9;1.017,1;25;13;;;17;180;5;10;5;;
16726;1999;5;18;12;1.017,1;26,2;19,4;;;50;180;10;10;4;;
16726;1999;5;18;15;1.016,2;25;18,8;;;53;190;7;10;4;;
16726;1999;5;18;18;1.016,2;20,2;18;26,6;17,6;80;0;0;10;4;;
16726;1999;5;18;21;1.016,7;16,8;15,8;;;90;0;0;10;3;;
16726;1999;5;19;0;1.015,5;15;14,4;;;93;350;7;10;3;;
16726;1999;5;19;3;1.014,9;14,8;14;;;91;360;7;10;2;;
16726;1999;5;19;6;1.015,4;19;17;20,2;14;81;0;0;10;4;;
16726;1999;5;19;9;1.015,7;24;18;;;53;180;8;10;6;;
16726;1999;5;19;12;1.016,2;28;19;;;39;180;9;10;6;;
16726;1999;5;19;15;1.015,3;28,4;20;;;43;190;7;10;0;;
16726;1999;5;19;18;1.015;23;18,8;29,6;19;66;0;0;10;4;;
16726;1999;5;19;21;1.015,5;20,2;16,6;;;68;360;6;10;4;;
16726;1999;5;20;0;1.014,7;19;15;;;63;360;7;10;4;;
16726;1999;5;20;3;1.014,5;19,4;14,6;;;57;360;6;10;6;;
16726;1999;5;20;6;1.015,3;19,4;17,2;23;16,8;79;0;0;8;6;;
16726;1999;5;20;9;1.015,7;25;18,4;;;50;0;0;8;7;;
16726;1999;5;20;12;1.014,7;25,8;20,6;;;61;180;6;8;7;;
16726;1999;5;20;15;1.011,9;25;19,2;;;55;180;5;8;7;;
16726;1999;5;20;18;1.012;21,6;18,6;26,8;19,4;74;0;0;8;4;;
16726;1999;5;20;21;1.014;19,4;15;;;60;20;8;10;4;;
16726;1999;5;21;0;1.013,4;17,4;15,6;;;82;0;0;10;3;;
16726;1999;5;21;3;1.011,3;17,2;15,6;;;84;310;6;10;4;;
16726;1999;5;21;6;1.012;21,2;17;21,6;15;64;360;5;10;3;;
16726;1999;5;21;9;1.011,1;25,6;15,8;;;30;0;0;10;6;;
16726;1999;5;21;12;1.009,7;25,6;17,6;;;42;350;6;10;7;;
16726;1999;5;21;15;1.011,9;22;18,2;;;67;200;8;10;8;;
16726;1999;5;21;18;1.010,7;20,8;18,4;26,4;20,8;78;0;0;8;8;;
16726;1999;5;21;21;1.011,3;17,8;16,8;;;90;0;0;10;6;;
16726;1999;5;22;0;1.011,3;19;17,2;;;83;360;8;10;3;;
16726;1999;5;22;3;1.011,1;16,2;15,4;;;91;10;7;10;0;;
16726;1999;5;22;6;1.011,8;19,6;17,4;20,8;15,4;79;360;5;10;1;;
16726;1999;5;22;9;1.011,9;25;18;;;48;20;10;10;0;;
16726;1999;5;22;12;1.012,2;27;15,8;;;26;360;10;10;6;;
16726;1999;5;22;15;1.011,7;24,8;16,2;;;37;10;14;10;4;;
16726;1999;5;22;18;1.013;20,8;16,4;27,6;19,4;61;10;10;10;7;;
16726;1999;5;22;21;1.014,5;17,4;15,4;;;80;360;5;10;7;;
16726;1999;5;23;0;1.013,6;13,4;12,6;;;91;0;0;10;0;;
16726;1999;5;23;3;1.013,7;11,8;11,4;;;95;0;0;10;1;;
16726;1999;5;23;6;1.014,6;17;15;21,4;11,2;80;0;0;10;2;;
16726;1999;5;23;9;1.014,9;21;15,4;;;52;180;8;10;6;;
16726;1999;5;23;12;1.014,6;23,2;17,6;;;56;300;8;10;6;;
16726;1999;5;23;15;1.013,8;24;17;;;46;310;11;10;5;;
16726;1999;5;23;18;1.015,8;20;15,8;24,6;17;63;30;5;10;5;;
16726;1999;5;23;21;1.016,3;16,2;14,6;;;83;0;0;10;5;;
16726;1999;5;24;0;1.015,3;14;12,8;;;87;0;0;10;2;;
16726;1999;5;24;3;1.014,9;12,4;11,8;;;93;0;0;10;4;;
16726;1999;5;24;6;1.015,5;17;15;20;12;80;360;5;10;5;;
16726;1999;5;24;9;1.015,8;23;17;;;52;0;0;10;6;;
16726;1999;5;24;12;1.015,1;22,4;16,8;;;54;150;5;10;7;0,3;
16726;1999;5;24;15;1.014,2;23,2;16,4;;;46;20;13;10;6;;
16726;1999;5;24;18;1.015;20,6;16,8;25,2;17;67;10;12;10;3;0,3;
16726;1999;5;24;21;1.015,9;17,4;16;;;86;20;7;10;2;;
16726;1999;5;25;0;1.014,7;15,4;14;;;85;350;7;10;2;;
16726;1999;5;25;3;1.014,7;14,2;13,2;;;89;340;6;10;2;;
16726;1999;5;25;6;1.015,3;18,4;15,4;21,2;12,6;71;360;5;8;1;;
16726;1999;5;25;9;1.015,3;23,6;17,2;;;50;170;8;10;6;;
16726;1999;5;25;12;1.014,6;22,6;18;;;62;180;12;10;6;0,2;
16726;1999;5;25;15;1.014,9;21,6;18;;;69;0;0;10;5;;
16726;1999;5;25;18;1.015,5;18,4;16,4;24,6;18,4;80;0;0;10;2;0,8;
16726;1999;5;25;21;1.016;14,8;14,4;;;95;360;7;10;0;;
16726;1999;5;26;0;1.015,9;13,2;12,8;;;95;360;6;10;0;;
16726;1999;5;26;3;1.015,3;12,2;11,8;;;95;0;0;10;0;;
16726;1999;5;26;6;1.016;16,4;15;18,4;11;85;0;0;10;0;;
16726;1999;5;26;9;1.016,2;23;16,8;;;51;180;6;10;1;;
16726;1999;5;26;12;1.015,9;24;17,6;;;51;200;10;10;2;;
16726;1999;5;26;15;1.015,3;22;18;;;66;180;10;10;6;;
16726;1999;5;26;18;1.015,5;20,2;17,4;25;16,4;74;0;0;10;6;;
16726;1999;5;26;21;1.017;18,6;17,6;;;90;0;0;10;7;;
16726;1999;5;27;0;1.016,8;17,2;16,4;;;92;0;0;10;6;;
16726;1999;5;27;3;1.016,6;16,8;15,8;;;90;0;0;10;7;;
16726;1999;5;27;6;1.017,4;20,4;17,8;20,4;15,8;77;10;5;10;4;;
16726;1999;5;27;9;1.017,7;26;19,6;;;53;180;8;10;3;;
16726;1999;5;27;12;1.018,6;23;19;;;67;180;12;10;5;;
16726;1999;5;27;15;1.019,9;18;16,8;;;88;20;5;4;7;;
16726;1999;5;27;18;1.019,5;17,8;17,2;26,8;17,6;94;360;7;8;6;2,8;
16726;1999;5;27;21;1.020,4;15,8;15,4;;;96;360;5;10;0;;
16726;1999;5;28;0;1.020,2;13,8;13,4;;;95;0;0;10;0;;
16726;1999;5;28;3;1.019,8;13,4;12,8;;;93;0;0;10;0;;
16726;1999;5;28;6;1.021,1;16,4;15;17,8;12,4;85;360;5;10;0;;
16726;1999;5;28;9;1.021,3;25,4;18;;;45;100;5;10;1;;
16726;1999;5;28;12;1.020,2;25,4;18,4;;;48;180;10;10;3;;
16726;1999;5;28;15;1.019,7;23,6;18;;;56;180;13;10;3;;
16726;1999;5;28;18;1.019,9;22,6;18,6;26,4;16,4;67;0;0;10;4;;
16726;1999;5;28;21;1.021,1;16,6;16;;;94;0;0;10;3;;
16726;1999;5;29;0;1.019,9;14,3;13,6;;;91;350;10;10;0;;
16726;1999;5;29;3;1.019,5;14,2;12,8;;;85;350;7;10;0;;
16726;1999;5;29;6;1.020,2;20,5;16;22,6;14;60;360;5;10;3;;
16726;1999;5;29;9;1.020,3;25,2;18,4;;;49;210;9;10;3;;
16726;1999;5;29;12;1.019,7;27;17,8;;;37;200;12;8;6;;
16726;1999;5;29;15;1.020;22,4;17,4;;;58;10;9;8;8;;
16726;1999;5;29;18;1.018,7;19,4;16,6;28,2;19;74;360;8;10;7;0,2;
16726;1999;5;29;21;1.019,1;17,4;15,2;;;78;20;5;10;4;;
16726;1999;5;30;0;1.018,1;15,6;13,6;;;79;360;7;10;0;;
16726;1999;5;30;3;1.017,8;14,8;12,8;;;79;10;7;10;0;;
16726;1999;5;30;6;1.018,2;19,4;15,4;21;14,6;63;360;8;10;0;;
16726;1999;5;30;9;1.017,7;26,4;17,4;;;36;10;9;10;1;;
16726;1999;5;30;12;1.017,3;25,2;19,2;;;54;180;15;10;3;;
16726;1999;5;30;15;1.017;25,4;18,4;;;48;190;12;10;3;;
16726;1999;5;30;18;1.017,1;22,4;19,4;28,6;14,6;74;0;0;10;7;;
16726;1999;5;30;21;1.017,8;17,8;17;;;92;350;5;8;0;;
16726;1999;5;31;0;1.017,1;16;15,2;;;91;0;0;10;0;;
16726;1999;5;31;3;1.017,3;14,6;13,8;;;91;360;8;10;0;;
16726;1999;5;31;6;1.018;19,2;16,8;22,4;14;78;0;0;10;0;;
16726;1999;5;31;9;1.018,4;24,4;19;;;58;180;7;10;0;;
16726;1999;5;31;12;1.017,3;25,6;19,2;;;52;190;10;10;2;;
16726;1999;5;31;15;1.017;23,4;20,2;;;73;220;5;10;5;;
16726;1999;5;31;18;1.016,7;21,8;20,2;26,2;19,2;86;250;5;10;0;;
16726;1999;5;31;21;1.017,1;18,4;17,4;;;90;0;0;10;0;;
16726;1999;6;1;0;1.016,8;17,4;16,6;;;92;350;6;10;0;;
16726;1999;6;1;3;1.016,4;15,6;14,8;;;91;0;0;10;0;;
16726;1999;6;1;6;1.017;21,8;18;22;14,2;67;360;5;8;0;;
16726;1999;6;1;9;1.017,4;26,2;19,8;;;53;190;7;10;1;;
16726;1999;6;1;12;1.017,7;27,2;20,6;;;53;100;12;10;2;;
16726;1999;6;1;15;1.017,3;27,2;18,4;;;39;160;10;10;3;;
16726;1999;6;1;18;1.018;22,8;19,6;29,4;14,2;73;0;0;10;4;;
16726;1999;6;1;21;1.017,8;18,2;17,4;;;92;340;5;10;0;;
16726;1999;6;2;0;1.016,8;17;16;;;90;360;7;10;0;;
16726;1999;6;2;3;1.016,2;17,8;17;;;92;360;5;10;6;;
16726;1999;6;2;6;1.016,2;23;19;23;16,4;67;360;5;10;2;;
16726;1999;6;2;9;1.015,9;29,4;21,8;;;49;180;6;10;0;;
16726;1999;6;2;12;1.015,1;28,6;21,4;;;50;190;7;10;2;;
16726;1999;6;2;15;1.014,7;30;21,8;;;46;190;5;10;3;;
16726;1999;6;2;18;1.015,4;24,6;21,6;30,2;23;76;0;0;10;5;;
16726;1999;6;2;21;1.016,9;21;19,6;;;87;0;0;10;0;;
16726;1999;6;3;0;1.016,6;19;18;;;90;20;4;10;3;;
16726;1999;6;3;3;1.016,6;17;16,4;;;94;0;0;10;0;;
16726;1999;6;3;6;1.017;21,6;19,2;24,6;17;79;0;0;8;0;;
16726;1999;6;3;9;1.017,6;28;21;;;51;180;6;10;0;;
16726;1999;6;3;12;1.017,8;28;21,2;;;52;180;10;10;2;;
16726;1999;6;3;15;1.016,2;27;20,6;;;54;180;8;10;2;;
16726;1999;6;3;18;1.016,3;24;20,4;29,6;21,6;70;160;5;10;0;;
16726;1999;6;3;21;1.016;20,2;18,4;;;83;350;7;10;0;;
16726;1999;6;4;0;1.016,2;17,8;16,8;;;90;360;5;10;0;;
16726;1999;6;4;3;1.013,6;18,8;17,6;;;88;350;5;10;0;;
16726;1999;6;4;6;1.013,7;24,4;19,8;24,4;17,8;64;10;8;10;0;;
16726;1999;6;4;9;1.013,3;31,8;23;;;45;0;0;10;0;;
16726;1999;6;4;12;1.011,9;30,6;22,6;;;48;100;6;10;3;;
16726;1999;6;4;15;1.010,9;30;22;;;47;100;6;10;3;;
16726;1999;6;4;18;1.011,7;24,6;21,4;32,6;24,4;74;0;0;10;3;;
16726;1999;6;4;21;1.012,8;20,2;19;;;89;0;0;10;0;;
16726;1999;6;5;0;1.011,7;18,4;16,6;;;83;360;5;10;0;;
16726;1999;6;5;3;1.011,4;17,2;15,8;;;86;360;4;10;0;;
16726;1999;6;5;6;1.011,7;21,6;18;24,8;16,8;69;0;0;10;6;;
16726;1999;6;5;9;1.011,4;30,6;22;;;45;0;0;10;5;;
16726;1999;6;5;12;1.011,3;29;21;;;46;180;5;10;7;;
16726;1999;6;5;15;1.010,6;33,4;19;;;21;20;8;10;5;;
16726;1999;6;5;18;1.010,9;28;20;34,4;21,6;45;20;10;10;3;;
16726;1999;6;5;21;1.011,9;21,8;17,4;;;62;360;5;10;0;;
16726;1999;6;6;0;1.012,4;18,4;15,4;;;71;360;5;10;0;;
16726;1999;6;6;3;1.012;17,4;15,2;;;78;360;5;10;2;;
16726;1999;6;6;6;1.012,8;23;17,8;28;17,4;58;0;0;10;6;;
16726;1999;6;6;9;1.013,3;28,6;20,4;;;44;180;5;10;6;;
16726;1999;6;6;12;1.013,4;28,8;20,6;;;45;210;10;10;3;;
16726;1999;6;6;15;1.013,4;27,2;20,6;;;53;190;10;10;6;;
16726;1999;6;6;18;1.013,7;23,6;20;30,6;23;70;0;0;10;6;;
16726;1999;6;6;21;1.015,1;18,6;17,6;;;90;0;0;10;6;;
16726;1999;6;7;0;1.015,1;16,6;15,8;;;92;0;0;10;3;;
16726;1999;6;7;3;1.014,6;15,4;14,6;;;91;360;6;10;4;;
16726;1999;6;7;6;1.015,5;21;18;24,4;15,2;73;0;0;10;3;;
16726;1999;6;7;9;1.016,3;28,4;20;;;43;190;5;10;0;;
16726;1999;6;7;12;1.016,7;29;20;;;40;200;10;10;3;;
16726;1999;6;7;15;1.016,8;28,4;21,4;;;51;190;9;10;0;;
16726;1999;6;7;18;1.016,7;25,4;19,8;29,8;21;58;260;5;10;0;;
16726;1999;6;7;21;1.017,8;20,4;18,4;;;81;0;0;10;0;;
16726;1999;6;8;0;1.017,7;18,4;16,6;;;83;0;0;10;0;;
16726;1999;6;8;3;1.017,7;18;17;;;90;0;0;10;0;;
16726;1999;6;8;6;1.017,8;22,8;20,2;26;17,8;78;0;0;8;6;;
16726;1999;6;8;9;1.018,1;28,2;21;;;50;200;7;8;6;;
16726;1999;6;8;12;1.018,9;27,8;21,8;;;57;180;9;8;7;;
16726;1999;6;8;15;1.018,2;27,8;21,2;;;53;180;9;10;6;;
16726;1999;6;8;18;1.018,2;25,2;18,8;29,8;16,8;52;170;7;10;5;;
16726;1999;6;8;21;1.018,4;21,4;18;;;70;20;5;10;5;;
16726;1999;6;9;0;1.017,8;18,6;17,4;;;88;0;0;10;4;;
16726;1999;6;9;3;1.016,8;19;17,4;;;84;360;6;10;3;;
16726;1999;6;9;6;1.017;23,8;20,4;25,6;17,4;72;0;0;8;2;;
16726;1999;6;9;9;1.016,8;27,6;21,4;;;55;190;7;10;2;;
16726;1999;6;9;12;1.015,8;28,8;21,2;;;48;200;8;10;1;;
16726;1999;6;9;15;1.015,5;27,6;22,8;;;65;190;10;10;3;;
16726;1999;6;9;18;1.016,6;24,4;22,6;29,2;23,8;85;0;0;10;4;;
16726;1999;6;9;21;1.017,6;21,4;20,8;;;95;0;0;10;0;;
16726;1999;6;10;0;1.017,3;19,6;19;;;94;350;6;10;0;;
16726;1999;6;10;3;1.016,4;18,2;17,4;;;92;360;5;10;0;;
16726;1999;6;10;6;1.016,7;22;19,6;24,4;18;79;0;0;10;2;;
16726;1999;6;10;9;1.016,8;29,6;21;;;43;180;5;10;2;;
16726;1999;6;10;12;1.016,7;30,4;21;;;40;180;10;10;3;;
16726;1999;6;10;15;1.015,9;33;21,6;;;33;50;10;10;5;;
16726;1999;6;10;18;1.015,1;28;20;33;22;45;20;7;10;4;;
16726;1999;6;10;21;1.016,3;22;19,4;;;77;0;0;10;0;;
16726;1999;6;11;0;1.015,7;19,6;18;;;85;0;0;10;0;;
16726;1999;6;11;3;1.015,4;18,8;17,8;;;90;360;7;10;2;;
16726;1999;6;11;6;1.015,8;24,6;20,8;28;18,8;70;0;0;10;0;;
16726;1999;6;11;9;1.015,7;32;22;;;39;0;0;10;0;;
16726;1999;6;11;12;1.015;30,4;23;;;51;180;8;10;2;;
16726;1999;6;11;15;1.014,4;29;22;;;52;180;10;10;2;;
16726;1999;6;11;18;1.015,1;26;22,4;32;24,6;72;0;0;10;0;;
16726;1999;6;11;21;1.016,2;22,4;21,2;;;89;0;0;10;0;;
16726;1999;6;12;0;1.015;21,6;20,4;;;89;0;0;10;0;;
16726;1999;6;12;3;1.014,5;17,6;17;;;94;0;0;10;0;;
16726;1999;6;12;6;1.015,3;23;20;26,4;17,2;75;0;0;10;0;;
16726;1999;6;12;9;1.014,7;28,8;23;;;59;180;6;10;0;;
16726;1999;6;12;12;1.013;28,4;23,4;;;64;190;7;10;4;;
16726;1999;6;12;15;1.012,2;31,6;24;;;51;50;7;10;2;;
16726;1999;6;12;18;1.011,7;26,4;20,2;31,8;23;54;10;13;10;0;;
16726;1999;6;12;21;1.012,3;23,6;21;;;78;10;11;10;0;;
16726;1999;6;13;0;1.010,7;21;18,8;;;80;0;0;10;0;;
16726;1999;6;13;3;1.009,7;21,6;19,6;;;82;10;11;10;0;;
16726;1999;6;13;6;1.009,7;25;21;27,4;20,2;68;20;12;10;0;;
16726;1999;6;13;9;1.009,7;29;22,6;;;56;20;8;10;0;;
16726;1999;6;13;12;1.010,2;28,6;22,2;;;55;210;8;10;2;;
16726;1999;6;13;15;1.009,7;30,6;20;;;34;20;15;10;2;;
16726;1999;6;13;18;1.009,4;27;21,2;31,6;24,6;57;20;13;10;1;;
16726;1999;6;13;21;1.011,1;23,4;20,6;;;77;20;13;10;0;;
16726;1999;6;14;0;1.010,6;22;19,8;;;81;360;10;10;0;;
16726;1999;6;14;3;1.010,4;19,6;18,4;;;88;0;0;10;0;;
16726;1999;6;14;6;1.012,4;24;20;27,6;19,6;68;0;0;10;0;;
16726;1999;6;14;9;1.012,7;27,6;21,6;;;57;180;6;10;0;;
16726;1999;6;14;12;1.013;29;21;;;46;180;10;10;2;;
16726;1999;6;14;15;1.013,1;28;21;;;51;180;9;10;2;;
16726;1999;6;14;18;1.013,3;26,4;20,2;30,4;24;54;150;5;10;2;;
16726;1999;6;14;21;1.014,2;22,2;18,8;;;71;360;6;10;0;;
16726;1999;6;15;0;1.014,5;20,2;17,8;;;78;0;0;10;0;;
16726;1999;6;15;3;1.014,4;18,4;16,6;;;83;0;0;10;0;;
16726;1999;6;15;6;1.015,4;24;19,2;26,4;17,6;62;0;0;10;0;;
16726;1999;6;15;9;1.015,3;30,8;21;;;38;0;0;10;0;;
16726;1999;6;15;12;1.015,1;31,4;20,6;;;34;190;10;10;0;;
16726;1999;6;15;15;1.015;31;20,4;;;34;160;11;10;0;;
16726;1999;6;15;18;1.015,1;27,8;19,2;32,4;23,8;41;0;0;10;0;;
16726;1999;6;15;21;1.016;23,4;20;;;72;20;5;10;0;;
16726;1999;6;16;0;1.015,5;21,2;18,4;;;75;20;5;10;0;;
16726;1999;6;16;3;1.015,4;19;17;;;81;0;0;10;0;;
16726;1999;6;16;6;1.016,6;24,2;19,6;27,8;18,4;64;0;0;10;3;;
16726;1999;6;16;9;1.016;30;21;;;42;0;0;10;2;;
16726;1999;6;16;12;1.016,5;32;23;;;44;210;11;10;4;;
16726;1999;6;16;15;1.015,3;31;21;;;38;220;8;10;5;;
16726;1999;6;16;18;1.014,7;28;20;33,2;24,2;45;0;0;10;5;;
16726;1999;6;16;21;1.015,4;22,6;17,4;;;57;360;6;10;0;;
16726;1999;6;17;0;1.014,2;20,4;16,4;;;64;350;8;10;0;;
16726;1999;6;17;3;1.012,6;18,6;15,6;;;72;350;6;10;0;;
16726;1999;6;17;6;1.011,9;22;18;28;18;66;0;0;10;0;;
16726;1999;6;17;9;1.011,4;31,2;20,6;;;36;220;6;10;1;;
16726;1999;6;17;12;1.011,1;30,4;20;;;34;190;13;10;0;;
16726;1999;6;17;15;1.010,4;28,8;19,8;;;40;180;12;10;0;;
16726;1999;6;17;18;1.010;25;22;31,6;22;76;0;0;10;0;;
16726;1999;6;17;21;1.010,6;24;20,8;;;74;20;8;10;0;;
16726;1999;6;18;0;1.010,4;22,4;20;;;79;20;7;10;0;;
16726;1999;6;18;3;1.010,3;21,2;18,8;;;79;10;6;10;0;;
16726;1999;6;18;6;1.011,3;23,6;20;25;20,8;70;20;5;10;2;;
16726;1999;6;18;9;1.010,6;27;19;;;44;360;8;10;3;;
16726;1999;6;18;12;1.010,4;29;19,4;;;37;350;13;10;3;;
16726;1999;6;18;15;1.010;27,8;19,8;;;45;360;15;10;3;;
16726;1999;6;18;18;1.010,9;23,8;19,4;29,4;18,6;64;360;11;10;3;;
16726;1999;6;18;21;1.012,3;22;19,2;;;76;360;7;10;2;;
16726;1999;6;19;0;1.012,2;21;18,4;;;77;360;8;10;0;;
16726;1999;6;19;3;1.012,4;21;18;;;73;360;10;10;0;;
16726;1999;6;19;6;1.013,1;24;19,2;24,6;20,2;62;360;8;10;0;;
16726;1999;6;19;9;1.013,3;29;20;;;40;350;7;10;0;;
16726;1999;6;19;12;1.012,4;30,4;20,4;;;36;340;12;10;2;;
16726;1999;6;19;15;1.012,2;29;20;;;40;340;15;10;2;;
16726;1999;6;19;18;1.013,6;24,6;20,2;30,6;24;65;340;6;10;0;;
16726;1999;6;19;21;1.014,7;22;19,2;;;76;340;5;10;0;;
16726;1999;6;20;0;1.014,2;20,6;17,8;;;75;0;0;10;0;;
16726;1999;6;20;3;1.014,2;19,6;16,8;;;74;0;0;10;0;;
16726;1999;6;20;6;1.013,8;21,6;17,2;24,6;19;62;340;5;10;0;;
16726;1999;6;20;9;1.014,1;27;20;;;50;190;6;10;0;;
16726;1999;6;20;12;1.014,5;28,4;20,2;;;44;180;9;10;0;;
16726;1999;6;20;15;1.013,3;29,2;21,6;;;49;210;6;10;0;;
16726;1999;6;20;18;1.012,8;25,2;21,8;31;21,2;73;160;5;10;0;;
16726;1999;6;20;21;1.012;20,8;16,6;;;64;10;5;10;0;;
16726;1999;6;21;0;1.011,3;17,6;15,2;;;76;0;0;10;0;;
16726;1999;6;21;3;1.010;17,8;15,4;;;76;360;6;10;2;;
16726;1999;6;21;6;1.009,3;21;17;25,6;17,2;65;0;0;10;3;;
16726;1999;6;21;9;1.008,7;27,6;19;;;41;180;5;10;5;;
16726;1999;6;21;12;1.006,9;25,6;20,6;;;62;150;7;10;6;0;
16726;1999;6;21;15;1.005,3;26;19;;;49;200;10;10;5;0;
16726;1999;6;21;18;1.004,2;25,2;20,2;28,4;21;61;180;7;10;5;0;
16726;1999;6;21;21;1.004,6;22;20;;;82;0;0;10;6;;
16726;1999;6;22;0;1.004,6;20,4;18,6;;;84;0;0;10;3;;
16726;1999;6;22;3;1.005;17,8;16,4;;;86;20;5;10;3;;
16726;1999;6;22;6;1.005,4;24,6;20,4;25,6;17,8;66;30;9;10;2;;
16726;1999;6;22;9;1.005,8;26,6;20,6;;;56;210;6;10;5;;
16726;1999;6;22;12;1.005,4;28;20;;;45;290;12;10;3;;
16726;1999;6;22;15;1.005,6;27,4;19,6;;;46;300;10;10;3;;
16726;1999;6;22;18;1.005,8;25,8;18;29,6;24,6;43;340;8;10;2;;
16726;1999;6;22;21;1.007,9;22,6;17;;;54;360;12;10;2;;
16726;1999;6;23;0;1.009,6;20,8;15,8;;;57;360;10;10;2;;
16726;1999;6;23;3;1.010;18,4;14,6;;;65;360;7;10;2;;
16726;1999;6;23;6;1.010,9;21;15;25,8;18;49;360;15;10;2;;
16726;1999;6;23;9;1.011,5;23,4;15,8;;;42;360;15;10;2;;
16726;1999;6;23;12;1.011,8;24,6;16,2;;;38;350;16;10;2;;
16726;1999;6;23;15;1.011,5;23,8;16;;;41;350;15;10;2;;
16726;1999;6;23;18;1.011,5;21,2;15,2;26,4;20,4;49;360;10;10;0;;
16726;1999;6;23;21;1.012,4;18;14,2;;;64;360;8;10;0;;
16726;1999;6;24;0;1.011;17;13;;;61;360;10;10;0;;
16726;1999;6;24;3;1.011,3;16,4;14;;;75;360;8;10;0;;
16726;1999;6;24;6;1.011,5;20,6;15,8;26,4;15,4;58;360;15;10;0;;
16726;1999;6;24;9;1.011,3;25;17,6;;;45;360;11;10;0;;
16726;1999;6;24;12;1.010;26,8;18;;;39;10;13;10;2;;
16726;1999;6;24;15;1.008,7;27,8;19,4;;;42;20;10;10;2;;
16726;1999;6;24;18;1.009;23,4;17,4;27,8;20,6;52;20;13;10;0;;
16726;1999;6;24;21;1.010,5;19,8;16,2;;;67;20;9;10;0;;
16726;1999;6;25;0;1.010,6;16,6;14,8;;;82;360;5;10;0;;
16726;1999;6;25;3;1.010,6;15,2;13,8;;;85;0;0;10;0;;
16726;1999;6;25;6;1.010,7;20;16;23,4;14,6;64;0;0;10;2;;
16726;1999;6;25;9;1.010,6;26;19;;;49;180;5;10;2;;
16726;1999;6;25;12;1.010,2;27;19;;;44;200;10;10;5;;
16726;1999;6;25;15;1.011,1;25,4;18,8;;;51;100;12;10;7;0;
16726;1999;6;25;18;1.011,1;21,4;18;27,4;20;70;220;4;10;5;0;
16726;1999;6;25;21;1.011,3;19,8;17;;;74;0;0;10;3;;
16726;1999;6;26;0;1.010,9;18;15,6;;;77;0;0;10;0;;
16726;1999;6;26;3;1.010,9;16,8;14,8;;;80;360;11;10;0;;
16726;1999;6;26;6;1.010,9;21;17;21,4;16,8;65;350;8;10;0;;
16726;1999;6;26;9;1.011,4;27;20;;;50;200;9;10;2;;
16726;1999;6;26;12;1.011,5;26,4;19,4;;;49;190;9;10;3;;
16726;1999;6;26;15;1.010,9;27,4;19;;;42;200;11;10;2;;
16726;1999;6;26;18;1.011,3;23,2;19,8;28,4;21;72;0;0;10;2;;
16726;1999;6;26;21;1.012,6;19,6;17,6;;;81;0;0;10;0;;
16726;1999;6;27;0;1.012,6;18;16;;;80;0;0;10;0;;
16726;1999;6;27;3;1.012,6;17;15,4;;;83;0;0;10;0;;
16726;1999;6;27;6;1.013,1;19;17;23,2;16,4;81;0;0;10;0;;
16726;1999;6;27;9;1.013,8;25,6;19,2;;;52;180;8;10;1;;
16726;1999;6;27;12;1.014,2;27,6;19,6;;;45;190;12;10;2;;
16726;1999;6;27;15;1.014,4;26;20;;;55;190;12;10;2;;
16726;1999;6;27;18;1.014,7;22,2;20;28;19;81;0;0;10;2;;
16726;1999;6;27;21;1.015,4;18,8;18;;;92;0;0;10;0;;
16726;1999;6;28;0;1.015,3;16,4;15,6;;;92;360;5;10;0;;
16726;1999;6;28;3;1.014,9;15,6;14,8;;;91;340;7;10;0;;
16726;1999;6;28;6;1.015,3;21,2;19;22,2;15,6;80;360;4;10;0;;
16726;1999;6;28;9;1.015,9;27,4;20,8;;;53;180;6;10;1;;
16726;1999;6;28;12;1.015,9;27,4;20,4;;;50;190;8;10;1;;
16726;1999;6;28;15;1.015,4;28,6;21,4;;;50;200;8;10;0;;
16726;1999;6;28;18;1.015;26,8;19,4;29,2;21,2;47;20;5;10;4;;
16726;1999;6;28;21;1.015,4;23,8;18;;;54;360;6;10;2;;
16726;1999;6;29;0;1.015,4;20,3;16,6;;;68;360;6;10;2;;
16726;1999;6;29;3;1.014,4;17;14,4;;;74;340;6;10;2;;
16726;1999;6;29;6;1.014,4;21,2;16,2;27,2;16,2;57;0;0;10;1;;
16726;1999;6;29;9;1.014;26,2;18,8;;;47;180;6;10;0;;
16726;1999;6;29;12;1.013,7;26,6;19,2;;;47;180;6;10;1;;
16726;1999;6;29;15;1.013,1;28;20;;;45;180;8;10;1;;
16726;1999;6;29;18;1.012,3;27;20;30;21,2;50;20;7;10;0;;
16726;1999;6;29;21;1.013,3;21,2;19;;;80;0;0;10;0;;
16726;1999;6;30;0;1.013,3;19;17,2;;;83;0;0;10;0;;
16726;1999;6;30;3;1.012,7;17,4;16;;;86;360;5;10;0;;
16726;1999;6;30;6;1.012,8;21,6;18,6;27,2;15,6;74;0;0;10;0;;
16726;1999;6;30;9;1.012,7;29,2;20,8;;;44;180;8;10;1;;
16726;1999;6;30;12;1.011,9;29;20,6;;;44;190;9;10;1;;
16726;1999;6;30;15;1.010,9;30,2;21;;;41;180;10;10;1;;
16726;1999;6;30;18;1.010,7;24,6;20;31,4;21,6;64;230;5;10;0;;
16726;1999;6;30;21;1.011;29,8;18,6;;;31;0;0;10;0;;
16726;1999;7;1;0;1.010;18,4;17,6;;;92;350;8;10;0;;
16726;1999;7;1;3;1.009,3;19,4;17,2;;;79;10;10;10;1;;
16726;1999;7;1;6;1.008,8;23;19;23;18,4;67;360;6;10;1;;
16726;1999;7;1;9;1.009,8;27,2;20;;;49;180;10;10;1;;
16726;1999;7;1;12;1.009,6;29,6;20,6;;;42;190;9;10;5;;
16726;1999;7;1;15;1.009,6;28;20;;;45;30;10;10;4;;
16726;1999;7;1;18;1.009,4;24,6;21;30;23;71;0;0;10;0;;
16726;1999;7;1;21;1.010,5;21;19,8;;;89;0;0;10;0;;
16726;1999;7;2;0;1.010,5;20;18,4;;;85;0;0;10;0;;
16726;1999;7;2;3;1.010,5;17;16;;;90;0;0;10;0;;
16726;1999;7;2;6;1.010,5;21,6;19;24,6;17;77;0;0;10;0;;
16726;1999;7;2;9;1.010,6;28,8;21,4;;;49;0;0;10;2;;
16726;1999;7;2;12;1.010,4;28;21,2;;;52;200;13;10;2;;
16726;1999;7;2;15;1.010,4;26,6;21,8;;;64;220;6;10;6;;
16726;1999;7;2;18;1.010,5;24,4;21,8;30,4;21,4;79;0;0;10;1;;
16726;1999;7;2;21;1.011,7;20,8;19,8;;;91;0;0;10;0;;
16726;1999;7;3;0;1.011,9;19;18;;;90;350;5;10;0;;
16726;1999;7;3;3;1.011,1;18,4;17,6;;;92;0;0;10;0;;
16726;1999;7;3;6;1.010,9;22;19;24,4;17,4;74;0;0;7;0;;
16726;1999;7;3;9;1.011,1;27,8;21,4;;;54;180;5;10;0;;
16726;1999;7;3;12;1.011,1;28;22,2;;;58;190;10;10;2;;
16726;1999;7;3;15;1.011,1;28,2;21,8;;;55;180;8;10;4;;
16726;1999;7;3;18;1.011,8;23,2;18,8;29,6;22;64;360;8;10;2;;
16726;1999;7;3;21;1.011,9;19,6;17,4;;;79;360;6;10;1;;
16726;1999;7;4;0;1.011,9;17,6;16,4;;;88;360;4;10;0;;
16726;1999;7;4;3;1.011,3;17,4;16,4;;;90;360;5;10;0;;
16726;1999;7;4;6;1.011,4;24;19,8;24,4;17;66;60;5;10;0;;
16726;1999;7;4;9;1.011,4;29;20,4;;;42;360;5;10;1;;
16726;1999;7;4;12;1.011,4;29;22;;;52;20;10;10;2;;
16726;1999;7;4;15;1.011,1;29;21,4;;;48;170;10;10;5;;
16726;1999;7;4;18;1.011,5;25,2;22;31,2;24;74;0;0;10;3;;
16726;1999;7;4;21;1.012,7;23;20;;;75;360;7;10;0;;
16726;1999;7;5;0;1.012,2;21,4;19,4;;;82;360;9;10;0;;
16726;1999;7;5;3;1.011,9;19,8;18;;;83;360;8;10;0;;
16726;1999;7;5;6;1.012,4;25;20;25,2;19,6;61;0;0;10;0;;
16726;1999;7;5;9;1.012,4;29,6;22,6;;;53;180;7;10;2;;
16726;1999;7;5;12;1.012,7;30;22;;;47;180;8;10;2;;
16726;1999;7;5;15;1.012,2;29,4;22;;;50;180;10;10;5;;
16726;1999;7;5;18;1.012,6;26;23;32;25;76;0;0;10;4;;
16726;1999;7;5;21;1.013,4;22,4;20,2;;;81;0;0;10;0;;
16726;1999;7;6;0;1.012,7;20,8;19;;;84;350;6;10;0;;
16726;1999;7;6;3;1.012,4;21,4;19,2;;;80;350;8;10;0;;
16726;1999;7;6;6;1.013,1;25;20,6;26,6;20,6;66;360;5;10;0;;
16726;1999;7;6;9;1.013,4;28,4;23;;;61;180;8;10;1;;
16726;1999;7;6;12;1.012,8;29;22,6;;;56;180;10;10;2;;
16726;1999;7;6;15;1.012,3;30,8;22;;;44;180;6;10;2;;
16726;1999;7;6;18;1.012,4;25,8;23,8;32;25;84;0;0;10;0;;
16726;1999;7;6;21;1.013,1;23;22;;;91;0;0;10;0;;
16726;1999;7;7;0;1.012,4;21,8;19,6;;;81;360;7;10;0;;
16726;1999;7;7;3;1.012;22,4;19,4;;;74;360;6;10;0;;
16726;1999;7;7;6;1.012,4;26;21,4;26;20;65;0;0;10;0;;
16726;1999;7;7;9;1.011,9;28;23;;;64;180;6;10;1;;
16726;1999;7;7;12;1.011,8;30;23,4;;;55;180;8;10;1;;
16726;1999;7;7;15;1.010,9;30;23,2;;;54;180;6;8;1;;
16726;1999;7;7;18;1.011,1;25;23;32;25;84;0;0;10;0;;
16726;1999;7;7;21;1.011,1;24,4;23;;;88;0;0;10;0;;
16726;1999;7;8;0;1.010,9;22,4;20,2;;;81;0;0;10;0;;
16726;1999;7;8;3;1.010,4;21,4;19,8;;;86;0;0;10;0;;
16726;1999;7;8;6;1.010,1;23,4;19,8;25;17,6;70;0;0;10;0;;
16726;1999;7;8;9;1.010,5;29;22,6;;;56;200;7;10;0;;
16726;1999;7;8;12;1.010,7;31;22;;;43;180;10;10;0;;
16726;1999;7;8;15;1.009,7;29,6;21;;;43;170;10;10;0;;
16726;1999;7;8;18;1.010,2;26,8;20,6;32;23,4;55;0;0;10;0;;
16726;1999;7;8;21;1.010,1;22;19,4;;;77;360;6;10;0;;
16726;1999;7;9;0;1.009;19,4;18;;;87;0;0;10;0;;
16726;1999;7;9;3;1.008,4;18,6;17,2;;;86;0;0;10;0;;
16726;1999;7;9;6;1.008,6;24;20;26,8;18,6;68;0;0;10;0;;
16726;1999;7;9;9;1.008,6;28;22;;;57;200;6;10;0;;
16726;1999;7;9;12;1.009;30;22,6;;;51;180;6;10;0;;
16726;1999;7;9;15;1.008,7;29;22;;;52;180;6;10;0;;
16726;1999;7;9;18;1.008,7;27,2;21,6;31;24;59;180;8;10;0;;
16726;1999;7;9;21;1.009,8;23;21,6;;;88;0;0;10;0;;
16726;1999;7;10;0;1.009,6;21,4;20;;;87;0;0;10;0;;
16726;1999;7;10;3;1.008,7;19;17,4;;;84;360;5;10;0;;
16726;1999;7;10;6;1.009;23;21;27,2;18,8;83;350;5;10;0;;
16726;1999;7;10;9;1.009;30,2;21,6;;;45;360;7;10;0;;
16726;1999;7;10;12;1.008,8;32,6;22,4;;;39;20;12;10;0;;
16726;1999;7;10;15;1.008,7;30,2;22,6;;;50;10;18;10;0;;
16726;1999;7;10;18;1.009,8;25,6;21,4;33,4;23;67;10;17;10;1;;
16726;1999;7;10;21;1.009,8;23;21;;;83;20;10;10;0;;
16726;1999;7;11;0;1.009,8;20,6;18,8;;;84;20;10;10;0;;
16726;1999;7;11;3;1.009,8;20,6;18,8;;;84;20;10;10;0;;
16726;1999;7;11;6;1.009,8;23;20,4;25,6;20;78;20;12;10;0;;
16726;1999;7;11;9;1.009,8;29,4;23;;;56;20;5;10;0;;
16726;1999;7;11;12;1.010;29,4;23,4;;;58;210;9;10;0;;
16726;1999;7;11;15;1.009,8;30,2;23,4;;;54;180;5;10;2;;
16726;1999;7;11;18;1.010,2;28,2;21,2;31,6;23;51;30;8;10;2;;
16726;1999;7;11;21;1.010,7;24,8;21;;;70;360;8;10;0;;
16726;1999;7;12;0;1.010;24,4;20,4;;;68;360;6;10;0;;
16726;1999;7;12;3;1.009,4;22,8;20;;;76;360;9;10;0;;
16726;1999;7;12;6;1.009,1;26;21;28,2;22,4;62;350;8;10;0;;
16726;1999;7;12;9;1.008,7;33;23;;;40;10;5;10;0;;
16726;1999;7;12;12;1.008,4;31;23;;;48;200;8;10;0;;
16726;1999;7;12;15;1.007,7;33,2;23,4;;;40;100;6;10;0;;
16726;1999;7;12;18;1.007,9;28;23;34;26;64;0;0;10;1;;
16726;1999;7;12;21;1.008,2;24,8;21;;;70;0;0;10;1;;
16726;1999;7;13;0;1.008,2;22;19,2;;;76;0;0;10;0;;
16726;1999;7;13;3;1.008,2;22;19,2;;;76;360;5;10;0;;
16726;1999;7;13;6;1.007,8;24;21,6;28;20,6;80;0;0;10;0;;
16726;1999;7;13;9;1.007,3;30;24;;;59;170;7;10;0;;
16726;1999;7;13;12;1.007;29,6;23,6;;;59;200;10;10;2;;
16726;1999;7;13;15;1.006,9;30,6;24,2;;;57;210;7;8;2;;
16726;1999;7;13;18;1.007,3;26,8;23,6;32;24;76;0;0;6;2;;
16726;1999;7;13;21;1.008;23,6;22,4;;;90;0;0;8;0;;
16726;1999;7;14;0;1.008,2;21,8;20,4;;;87;0;0;10;0;;
16726;1999;7;14;3;1.007,5;20,4;19,4;;;91;360;6;10;0;;
16726;1999;7;14;6;1.007,7;23,8;21,2;27,2;20;78;0;0;8;0;;
16726;1999;7;14;9;1.009;29,2;24,2;;;65;180;8;8;0;;
16726;1999;7;14;12;1.008,4;30;24;;;59;180;12;8;0;;
16726;1999;7;14;15;1.008,4;29,6;23,4;;;57;200;10;10;1;;
16726;1999;7;14;18;1.007,5;26,4;23,8;31;22,2;80;100;5;10;3;;
16726;1999;7;14;21;1.006,4;23,8;20,8;;;75;0;0;10;0;;
16726;1999;7;15;0;1.006,1;21,4;19,8;;;86;0;0;10;0;;
16726;1999;7;15;3;1.003,9;18,6;17,8;;;92;360;5;10;0;;
16726;1999;7;15;6;1.003,4;22,6;19,4;26,4;18,2;73;0;0;10;0;;
16726;1999;7;15;9;1.002,6;30,4;22,8;;;50;360;5;10;0;;
16726;1999;7;15;12;1.002;33;25,4;;;52;360;12;10;1;;
16726;1999;7;15;15;1.002;33,2;24,2;;;45;360;12;10;2;;
16726;1999;7;15;18;1.003,1;29;23;34,2;22,6;58;360;10;10;2;;
16726;1999;7;15;21;1.005,3;23,8;20;;;69;360;6;10;2;;
16726;1999;7;16;0;1.005,8;22;19,8;;;81;360;6;10;0;;
16726;1999;7;16;3;1.005,7;21,4;19,8;;;86;0;0;10;1;;
16726;1999;7;16;6;1.006,4;24;22;29;20,4;83;0;0;10;3;;
16726;1999;7;16;9;1.007,1;29;22;;;52;180;7;8;5;;
16726;1999;7;16;12;1.007,7;30,4;23,8;;;56;200;13;10;4;;
16726;1999;7;16;15;1.007,7;29,4;23;;;56;200;13;10;5;;
16726;1999;7;16;18;1.008,6;26,6;23;30,4;24;72;180;10;10;3;;
16726;1999;7;16;21;1.009,4;23,8;21,8;;;83;0;0;10;0;;
16726;1999;7;17;0;1.010;21;19,8;;;89;0;0;10;0;;
16726;1999;7;17;3;1.010;21;19,8;;;89;0;0;10;0;;
16726;1999;7;17;6;1.009,6;22;19,8;26,6;19;81;0;0;10;2;;
16726;1999;7;17;9;1.010;29,8;23;;;54;210;5;10;4;;
16726;1999;7;17;12;1.010,1;29;23;;;58;140;6;10;4;;
16726;1999;7;17;15;1.011,9;23,6;22,4;;;90;220;5;8;7;18,3;
16726;1999;7;17;18;1.012,2;21;20,8;31,6;17,6;98;0;0;10;3;18,3;
16726;1999;7;17;21;1.012,8;19,2;19;;;98;0;0;10;2;;
16726;1999;7;18;0;1.012,8;20;17,2;;;74;0;0;10;0;;
16726;1999;7;18;3;1.012,2;18,4;16;;;77;350;6;10;0;;
16726;1999;7;18;6;1.012,4;23,6;18,6;23,6;18,2;60;360;6;10;0;;
16726;1999;7;18;9;1.012,4;30,4;20;;;34;360;5;10;0;;
16726;1999;7;18;12;1.012,2;29,6;22;;;49;360;10;10;3;;
16726;1999;7;18;15;1.012,4;30,4;22;;;45;180;8;10;3;;
16726;1999;7;18;18;1.012,3;26,2;22,4;32;23,6;70;0;0;10;6;;
16726;1999;7;18;21;1.014,4;24;21,6;;;80;0;0;10;4;;
16726;1999;7;19;0;1.014,9;21,6;20,2;;;87;0;0;10;3;;
16726;1999;7;19;3;1.014,2;18,4;17;;;86;0;0;10;0;;
16726;1999;7;19;6;1.014,9;21,6;18,2;26,2;18,2;70;0;0;10;0;;
16726;1999;7;19;9;1.015;27,6;21;;;53;180;7;10;1;;
16726;1999;7;19;12;1.015;30;22;;;47;180;8;10;3;;
16726;1999;7;19;15;1.014,1;30;22,4;;;49;140;6;10;3;;
16726;1999;7;19;18;1.014,1;28,4;20,8;30,8;20,4;48;0;0;10;3;;
16726;1999;7;19;21;1.014,6;22;19,8;;;81;0;0;10;2;;
16726;1999;7;20;0;1.014,6;20,4;19;;;87;0;0;10;2;;
16726;1999;7;20;3;1.014,9;19;17,6;;;87;0;0;10;2;;
16726;1999;7;20;6;1.015,1;22,2;19;28,4;17,6;73;0;0;10;0;;
16726;1999;7;20;9;1.015,4;28,6;21,6;;;52;170;8;10;2;;
16726;1999;7;20;12;1.014,6;29;22,4;;;54;200;10;10;2;;
16726;1999;7;20;15;1.013,8;29;22,4;;;54;200;10;8;2;;
16726;1999;7;20;18;1.014;25,6;23,6;30,2;22,2;84;0;0;10;1;;
16726;1999;7;20;21;1.014,4;22,8;19,4;;;71;20;10;10;0;;
16726;1999;7;21;0;1.013,7;20,6;19,2;;;87;360;8;10;0;;
16726;1999;7;21;3;1.012,8;20,8;18,2;;;77;360;7;10;0;;
16726;1999;7;21;6;1.013;23,8;18,6;25,6;19,4;59;0;0;10;0;;
16726;1999;7;21;9;1.013;28,8;21,8;;;52;180;6;10;1;;
16726;1999;7;21;12;1.012,2;30;22,6;;;51;180;8;10;3;;
16726;1999;7;21;15;1.011,3;30;22,6;;;51;180;10;10;3;;
16726;1999;7;21;18;1.011,4;27,6;22,4;32;23,8;62;0;0;10;4;;
16726;1999;7;21;21;1.011,7;23,8;20,8;;;75;360;5;10;2;;
16726;1999;7;22;0;1.011,7;22;19,8;;;81;360;5;10;2;;
16726;1999;7;22;3;1.010,1;21,4;18,2;;;72;360;7;10;1;;
16726;1999;7;22;6;1.010,4;23,8;20;27,8;20,2;69;360;6;10;0;;
16726;1999;7;22;9;1.010,2;33;21;;;30;120;6;10;0;;
16726;1999;7;22;12;1.009;32;23;;;44;180;10;10;0;;
16726;1999;7;22;15;1.007,9;31,2;21,4;;;38;180;10;10;0;;
16726;1999;7;22;18;1.007,9;28,6;23,6;33;23,8;65;0;0;10;0;;
16726;1999;7;22;21;1.008,6;24,4;19;;;58;360;5;10;0;;
16726;1999;7;23;0;1.008;21,8;19,4;;;79;0;0;10;0;;
16726;1999;7;23;3;1.007,5;19,4;17;;;78;0;0;20;0;;
16726;1999;7;23;6;1.007,8;21,8;18,6;28,8;17;73;0;0;10;0;;
16726;1999;7;23;9;1.007,8;30,2;21,4;;;43;180;5;10;0;;
16726;1999;7;23;12;1.007,3;30,8;22,4;;;45;180;8;10;0;;
16726;1999;7;23;15;1.006,4;31,6;22,4;;;42;180;8;10;0;;
16726;1999;7;23;18;1.006,6;28;23,6;32;21,8;68;0;0;10;0;;
16726;1999;7;23;21;1.007,7;24;19,4;;;63;360;7;10;0;;
16726;1999;7;24;0;1.007,4;21,2;17,8;;;70;360;6;10;0;;
16726;1999;7;24;3;1.006,9;18,2;15,8;;;77;0;0;10;0;;
16726;1999;7;24;6;1.007,4;22,6;20,4;28,6;17,2;81;0;0;10;0;;
16726;1999;7;24;9;1.007,5;30;21;;;42;170;5;10;0;;
16726;1999;7;24;12;1.008;30,2;22;;;46;170;12;10;0;;
16726;1999;7;24;15;1.007,7;28,6;23;;;60;200;10;10;0;;
16726;1999;7;24;18;1.008,2;25,8;23,2;31,6;22,6;79;0;0;10;0;;
16726;1999;7;24;21;1.008,2;24;19,4;;;63;0;0;10;0;;
16726;1999;7;25;0;1.008,2;21,8;19,4;;;79;0;0;10;0;;
16726;1999;7;25;3;1.008,2;19,4;17;;;78;0;0;10;0;;
16726;1999;7;25;6;1.009,4;24;19,4;25,8;19,2;63;0;0;10;0;;
16726;1999;7;25;9;1.010,1;29,6;21,6;;;47;170;7;10;0;;
16726;1999;7;25;12;1.011,1;30,4;22;;;45;180;10;10;2;;
16726;1999;7;25;15;1.009,6;29,6;23,6;;;59;170;10;10;0;;
16726;1999;7;25;18;1.009,7;27,8;22,8;31,6;24;64;0;0;10;0;;
16726;1999;7;25;21;1.010,6;22,8;21,4;;;88;0;0;10;0;;
16726;1999;7;26;0;1.010,2;20,6;19,6;;;91;0;0;10;0;;
16726;1999;7;26;3;1.009,8;18,8;18,2;;;94;360;4;10;1;;
16726;1999;7;26;6;1.010,1;22;20;27,8;18,8;82;350;5;10;0;;
16726;1999;7;26;9;1.009,8;28;20,6;;;49;20;5;10;2;;
16726;1999;7;26;12;1.008,6;30,4;22;;;45;0;0;10;3;;
16726;1999;7;26;15;1.008;29,8;24,2;;;61;360;14;10;4;;
16726;1999;7;26;18;1.008,4;25,4;20;31;22;59;20;10;10;0;;
16726;1999;7;26;21;1.009,3;22;20;;;82;0;0;10;0;;
16726;1999;7;27;0;1.010,1;19,8;18,2;;;85;340;6;10;0;;
16726;1999;7;27;3;1.007,5;18,6;17,6;;;90;350;5;10;0;;
16726;1999;7;27;6;1.007,4;22,8;20,4;25,4;18,2;79;360;5;10;2;;
16726;1999;7;27;9;1.006,9;29,2;21;;;45;360;7;10;2;;
16726;1999;7;27;12;1.006,5;30,2;21,2;;;42;20;13;10;2;;
16726;1999;7;27;15;1.006,1;29,8;20,6;;;41;360;12;10;1;;
16726;1999;7;27;18;1.007,4;25,4;20,8;30,8;22,8;65;360;11;10;1;;
16726;1999;7;27;21;1.007,5;24,4;20,6;;;70;360;9;10;0;;
16726;1999;7;28;0;1.007,5;23;20,2;;;76;360;13;10;0;;
16726;1999;7;28;3;1.008;20,8;19,2;;;85;360;7;10;0;;
16726;1999;7;28;6;1.008,6;24,6;20,2;25,4;20,6;65;360;5;10;0;;
16726;1999;7;28;9;1.009;30,2;21,8;;;45;210;5;10;0;;
16726;1999;7;28;12;1.009,1;29,6;23;;;55;170;10;10;2;;
16726;1999;7;28;15;1.008,7;30;22,4;;;49;180;10;10;2;;
16726;1999;7;28;18;1.009;26,8;23,4;31;24,6;74;0;0;10;0;;
16726;1999;7;28;21;1.009;24,4;20,6;;;70;0;0;10;0;;
16726;1999;7;29;0;1.009;23;20,2;;;76;360;5;10;0;;
16726;1999;7;29;3;1.008,4;19,8;19,2;;;94;360;5;10;0;;
16726;1999;7;29;6;1.008,6;24,4;22;27,2;19,2;80;360;9;8;0;;
16726;1999;7;29;9;1.008,3;30,4;23,2;;;52;0;0;10;0;;
16726;1999;7;29;12;1.007,4;31;24,6;;;58;170;7;10;2;;
16726;1999;7;29;15;1.006,4;31,6;22,6;;;44;30;16;10;0;;
16726;1999;7;29;18;1.006,4;27;20;32,4;24,4;50;20;10;10;0;;
16726;1999;7;29;21;1.007,4;23,4;21,2;;;81;360;7;10;0;;
16726;1999;7;30;0;1.006,2;20,8;19,8;;;91;360;7;10;0;;
16726;1999;7;30;3;1.004,7;20,2;18,8;;;87;360;7;10;0;;
16726;1999;7;30;6;1.004,7;24;21,6;27;19;80;20;8;10;0;;
16726;1999;7;30;9;1.004,7;29;22;;;52;20;12;10;0;;
16726;1999;7;30;12;1.003,8;30,6;23;;;50;20;8;10;2;;
16726;1999;7;30;15;1.003,8;30,6;23;;;50;20;16;10;2;;
16726;1999;7;30;18;1.005,4;25,4;22;33,2;23,6;73;360;12;10;2;;
16726;1999;7;30;21;1.006,6;24,2;21,2;;;75;20;9;10;2;;
16726;1999;7;31;0;1.006,4;22,4;20,2;;;81;20;10;10;0;;
16726;1999;7;31;3;1.006,4;22,6;20,4;;;81;360;11;10;0;;
16726;1999;7;31;6;1.006,9;24,2;20,8;25,8;21,6;73;20;10;10;1;;
16726;1999;7;31;9;1.007;29;22;;;52;0;0;10;2;;
16726;1999;7;31;12;1.007;30,4;23,4;;;53;180;10;10;3;;
16726;1999;7;31;15;1.007;30,4;23,4;;;53;20;17;10;3;;
16726;1999;7;31;18;1.008,3;26,4;21,6;31;24,2;64;20;12;10;3;;
16726;1999;7;31;21;1.009,6;24;22;;;83;20;10;10;0;;
16726;1999;8;1;0;1.010,4;22,6;20,6;;;83;20;8;10;0;;
16726;1999;8;1;3;1.010,1;21,6;20;;;86;10;5;10;0;;
16726;1999;8;1;6;1.011;23,6;21,2;26,4;20,4;80;350;8;10;0;;
16726;1999;8;1;9;1.011,5;27,8;22,2;;;59;180;7;10;2;;
16726;1999;8;1;12;1.010,7;28,2;23,2;;;64;200;12;10;2;;
16726;1999;8;1;15;1.010,5;29,4;23,4;;;58;180;7;10;2;;
16726;1999;8;1;18;1.010,5;27;20,8;30;23,6;55;360;8;10;1;;
16726;1999;8;1;21;1.011,4;24,2;19,4;;;62;20;10;10;0;;
16726;1999;8;2;0;1.011;22,6;19;;;70;360;11;10;0;;
16726;1999;8;2;3;1.010,7;19,4;17;;;78;360;8;10;0;;
16726;1999;8;2;6;1.011;22,6;18,6;27;18,8;67;360;5;10;0;;
16726;1999;8;2;9;1.010,7;29,6;20,8;;;43;20;10;10;1;;
16726;1999;8;2;12;1.010;30,6;22;;;45;210;7;10;2;;
16726;1999;8;2;15;1.008,8;31,6;21;;;36;20;15;10;2;;
16726;1999;8;2;18;1.009,3;27;19;32;22,6;44;20;14;10;0;;
16726;1999;8;2;21;1.010;24,2;19,8;;;65;20;10;10;0;;
16726;1999;8;3;0;1.009,6;22,4;18,8;;;70;0;0;10;0;;
16726;1999;8;3;3;1.009,2;18;16;;;80;0;0;10;0;;
16726;1999;8;3;6;1.010,1;22;18,8;27;17,8;73;340;5;10;0;;
16726;1999;8;3;9;1.010;29;19,8;;;40;0;0;10;1;;
16726;1999;8;3;12;1.009,6;29,6;23;;;55;180;10;10;2;;
16726;1999;8;3;15;1.010,1;29,2;22,2;;;52;180;13;10;2;;
16726;1999;8;3;18;1.010,6;26;21,6;31;22;67;180;5;10;3;;
16726;1999;8;3;21;1.011,8;22,2;19,6;;;78;0;0;10;2;;
16726;1999;8;4;0;1.011;20;18,4;;;85;360;5;10;1;;
16726;1999;8;4;3;1.010,7;18,8;17,6;;;88;350;6;10;0;;
16726;1999;8;4;6;1.011,1;23;20,6;26;18,8;80;0;0;10;0;;
16726;1999;8;4;9;1.011,8;29;22;;;52;180;8;10;2;;
16726;1999;8;4;12;1.011,5;29;22;;;52;180;10;10;2;;
16726;1999;8;4;15;1.011;28,8;21,4;;;49;180;10;10;2;;
16726;1999;8;4;18;1.011,4;25,6;22,6;38;23;76;180;6;10;2;;
16726;1999;8;4;21;1.011,9;22,6;20,6;;;83;0;0;10;2;;
16726;1999;8;5;0;1.011,5;20,4;18,6;;;84;360;5;10;0;;
16726;1999;8;5;3;1.011,5;19;18;;;90;0;0;10;4;;
16726;1999;8;5;6;1.012,3;22,2;20;26,2;18,8;81;0;0;10;0;;
16726;1999;8;5;9;1.012,2;29,2;22,6;;;55;200;7;10;0;;
16726;1999;8;5;12;1.011,8;30;22,4;;;49;200;12;10;2;;
16726;1999;8;5;15;1.011,5;29,4;23;;;56;180;14;10;2;;
16726;1999;8;5;18;1.011,9;26;24,2;31,4;22,2;85;0;0;10;2;;
16726;1999;8;5;21;1.013;22,6;21,8;;;93;0;0;10;0;;
16726;1999;8;6;0;1.013;20,8;19,8;;;91;0;0;10;0;;
16726;1999;8;6;3;1.012,3;19;17,8;;;88;360;5;10;0;;
16726;1999;8;6;6;1.012,2;23;19;26;18,8;67;360;6;10;0;;
16726;1999;8;6;9;1.012;33,4;21;;;30;20;12;10;0;;
16726;1999;8;6;12;1.011,1;30,4;22,8;;;50;180;10;10;0;;
16726;1999;8;6;15;1.010,5;31;23,4;;;50;180;10;10;2;;
16726;1999;8;6;18;1.010,9;27;23,8;33,4;23;76;0;0;10;2;;
16726;1999;8;6;21;1.011,5;24;22,6;;;88;0;0;8;0;;
16726;1999;8;7;0;1.011;22;21;;;91;0;0;8;0;;
16726;1999;8;7;3;1.010,2;20,2;19,2;;;91;0;0;8;0;;
16726;1999;8;7;6;1.010,4;22;19,4;27;19,2;77;0;0;8;0;;
16726;1999;8;7;9;1.010;30;22,2;;;48;180;5;10;0;;
16726;1999;8;7;12;1.009,6;31,6;23,6;;;49;180;10;10;0;;
16726;1999;8;7;15;1.008,7;31;22,8;;;47;180;8;10;0;;
16726;1999;8;7;18;1.009;26,6;24;32;22;80;0;0;10;0;;
16726;1999;8;7;21;1.009,4;24;22,4;;;86;0;0;10;0;;
16726;1999;8;8;0;1.009,4;23,8;22;;;85;0;0;10;0;;
16726;1999;8;8;3;1.009,1;21,2;20;;;89;0;0;10;0;;
16726;1999;8;8;6;1.008,3;24;20,4;26,6;20,6;70;0;0;10;0;;
16726;1999;8;8;9;1.009,3;30;23;;;53;180;5;10;0;;
16726;1999;8;8;12;1.009,3;30,8;23,2;;;50;220;10;10;0;;
16726;1999;8;8;15;1.008,6;31,4;23,6;;;50;210;9;10;0;;
16726;1999;8;8;18;1.009;26,4;24,2;31,8;23,6;83;0;0;10;0;;
16726;1999;8;8;21;1.009,7;22,6;20,4;;;81;0;0;10;0;;
16726;1999;8;9;0;1.008,7;20,8;19,4;;;87;360;7;10;0;;
16726;1999;8;9;3;1.008;22;18;;;66;360;10;10;0;;
16726;1999;8;9;6;1.008,6;24,2;19,8;26,4;20,6;65;0;0;10;0;;
16726;1999;8;9;9;1.008,4;30,4;23,2;;;52;160;7;10;0;;
16726;1999;8;9;12;1.008,4;30,6;23;;;50;200;9;10;0;;
16726;1999;8;9;15;1.007,9;31;24,8;;;59;210;5;10;0;;
16726;1999;8;9;18;1.008,4;28;24;33;24,2;70;0;0;10;0;;
16726;1999;8;9;21;1.009;24;22;;;83;0;0;10;0;;
16726;1999;8;10;0;1.009;22;20;;;82;0;0;10;0;;
16726;1999;8;10;3;1.009;20,2;19;;;89;0;0;10;0;;
16726;1999;8;10;6;1.010;25,6;21,2;28;20;66;350;6;10;0;;
16726;1999;8;10;9;1.009,6;37,2;23,6;;;28;360;8;10;0;;
16726;1999;8;10;12;1.008,4;34;25;;;46;210;12;10;0;;
16726;1999;8;10;15;1.008,7;32,8;23,6;;;44;190;14;10;0;;
16726;1999;8;10;18;1.010,4;28,2;24,8;38,2;25,4;75;0;0;10;0;;
16726;1999;8;10;21;1.011;24;22,8;;;90;0;0;10;0;;
16726;1999;8;11;0;1.010,4;22;20,4;;;86;360;6;10;0;;
16726;1999;8;11;3;1.010;21;19,2;;;84;0;0;10;0;;
16726;1999;8;11;6;1.010,1;24,6;21;28,2;21;71;360;5;10;0;;
16726;1999;8;11;9;1.009,8;33,4;23,2;;;40;210;5;10;0;;
16726;1999;8;11;12;1.010,1;32;24,2;;;50;160;7;10;0;;
16726;1999;8;11;15;1.009,4;34;25;;;46;0;0;10;0;;
16726;1999;8;11;18;1.009,8;28,2;25;36;24,6;76;0;0;10;0;;
16726;1999;8;11;21;1.010,1;24;22,8;;;90;0;0;10;0;;
16726;1999;8;12;0;1.009,7;22;20,4;;;86;0;0;10;0;;
16726;1999;8;12;3;1.008,8;21,2;19,6;;;86;0;0;10;0;;
16726;1999;8;12;6;1.008,7;23,2;20,8;28,2;20;80;0;0;7;1;;
16726;1999;8;12;9;1.009;32,6;23,8;;;46;210;4;5;0;;
16726;1999;8;12;12;1.008,7;33;25;;;50;200;8;10;0;;
16726;1999;8;12;15;1.008;32,8;26,8;;;61;220;5;10;0;;
16726;1999;8;12;18;1.008,3;31,4;21,4;34,6;20,4;38;360;12;10;0;;
16726;1999;8;12;21;1.009,1;24;22,8;;;90;20;10;10;0;;
16726;1999;8;13;0;1.008,6;22;20,4;;;86;20;10;10;0;;
16726;1999;8;13;3;1.008,3;21,2;19,6;;;86;20;12;10;0;;
16726;1999;8;13;6;1.009,3;27,4;18;31,8;21,2;36;10;13;10;0;;
16726;1999;8;13;9;1.009,1;34,6;19,4;;;19;10;14;10;0;;
16726;1999;8;13;12;1.009,3;35,2;21,4;;;24;360;15;10;0;;
16726;1999;8;13;15;1.009;33;22;;;35;360;12;10;0;;
16726;1999;8;13;18;1.009,8;28,6;22,2;35,4;27,4;55;20;14;10;0;;
16726;1999;8;13;21;1.010,2;24;21,6;;;80;0;0;10;0;;
16726;1999;8;14;0;1.010,2;22,4;20,6;;;84;360;8;10;0;;
16726;1999;8;14;3;1.010,1;21;19,2;;;84;360;7;10;0;;
16726;1999;8;14;6;1.010,9;24;20,8;28,8;20,4;74;350;7;10;0;;
16726;1999;8;14;9;1.010,6;33;21;;;30;360;8;10;0;;
16726;1999;8;14;12;1.009,7;35;21,8;;;29;360;8;10;0;;
16726;1999;8;14;15;1.010,7;32;21;;;34;360;8;10;4;;
16726;1999;8;14;18;1.008,7;27;22,8;35,8;24;69;340;6;10;2;;
16726;1999;8;14;21;1.010,5;24;21;;;75;340;5;10;0;;
16726;1999;8;15;0;1.011;22;20;;;82;360;5;10;0;;
16726;1999;8;15;3;1.011;21,2;19,4;;;84;0;0;10;0;;
16726;1999;8;15;6;1.010,6;23,4;20,8;27;20;78;20;10;10;0;;
16726;1999;8;15;9;1.011,1;30,6;21,6;;;43;20;14;10;0;;
16726;1999;8;15;12;1.010,9;31,2;23,2;;;48;220;11;10;1;;
16726;1999;8;15;15;1.010,1;32,2;21;;;34;20;17;10;1;;
16726;1999;8;15;18;1.010,6;27,8;20,4;33,6;23,4;48;20;16;10;0;;
16726;1999;8;15;21;1.011,1;25,2;21,6;;;72;20;14;10;0;;
16726;1999;8;16;0;1.010,6;23,2;20,2;;;75;360;12;10;0;;
16726;1999;8;16;3;1.010,1;21,6;18,4;;;72;360;8;10;0;;
16726;1999;8;16;6;1.010,4;25;19;28;20;54;350;7;10;0;;
16726;1999;8;16;9;1.010,7;32;22;;;39;0;0;10;0;;
16726;1999;8;16;12;1.010,4;30,6;23,8;;;55;180;8;10;0;;
16726;1999;8;16;15;1.010;31;21,4;;;39;180;12;10;0;;
16726;1999;8;16;18;1.009,6;26,4;22;33;25;67;0;0;10;0;;
16726;1999;8;16;21;1.010;22,6;19,6;;;75;360;5;10;0;;
16726;1999;8;17;0;1.010,1;21,4;19;;;79;360;5;10;0;;
16726;1999;8;17;3;1.009;20,2;17,8;;;78;350;7;10;0;;
16726;1999;8;17;6;1.009;22;19;26,4;19,2;74;0;0;10;0;;
16726;1999;8;17;9;1.008,6;31;22;;;43;180;6;10;0;;
16726;1999;8;17;12;1.008,3;30,4;22,8;;;50;190;11;5;0;;
16726;1999;8;17;15;1.007,4;31,8;22,8;;;44;180;10;8;0;;
16726;1999;8;17;18;1.007,9;26,4;24,2;32,6;22;83;0;0;10;0;;
16726;1999;8;17;21;1.008,7;22,8;21,4;;;88;0;0;10;0;;
16726;1999;8;18;0;1.008,4;21;19;;;82;0;0;10;0;;
16726;1999;8;18;3;1.008,3;18,8;17,6;;;88;0;0;10;0;;
16726;1999;8;18;6;1.009,1;22,6;20,4;27;18,8;81;0;0;10;0;;
16726;1999;8;18;9;1.009,7;31;23,8;;;53;160;6;10;0;;
16726;1999;8;18;12;1.009,8;30,4;24,4;;;59;190;8;10;0;;
16726;1999;8;18;15;1.009,7;31;23;;;48;200;10;10;0;;
16726;1999;8;18;18;1.010,5;26;22,4;32;22,6;72;0;0;10;0;;
16726;1999;8;18;21;1.011,1;22,8;21;;;84;0;0;10;0;;
16726;1999;8;19;0;1.011,1;21,4;17,5;;;67;0;0;10;0;;
16726;1999;8;19;3;1.011;20;17;;;73;0;0;10;0;;
16726;1999;8;19;6;1.012,4;22;19,2;26,6;19;76;0;0;10;0;;
16726;1999;8;19;9;1.013,1;32,4;23,4;;;44;0;0;10;0;;
16726;1999;8;19;12;1.013,1;31,6;23,6;;;49;190;8;8;0;;
16726;1999;8;19;15;1.012,8;30,6;23,6;;;54;200;7;10;0;;
16726;1999;8;19;18;1.013,3;27,8;25;34;22;79;0;0;10;0;;
16726;1999;8;19;21;1.014,1;24,8;22,4;;;80;0;0;10;0;;
16726;1999;8;20;0;1.013,8;22,2;20,4;;;84;350;5;10;0;;
16726;1999;8;20;3;1.013;22,8;19;;;68;350;8;10;0;;
16726;1999;8;20;6;1.012,7;27,2;20,4;28;22,2;51;20;10;10;0;;
16726;1999;8;20;9;1.014,2;30,8;25;;;61;190;7;10;0;;
16726;1999;8;20;12;1.013,1;33,4;23,6;;;43;190;10;10;0;;
16726;1999;8;20;15;1.012,4;33,4;23,2;;;40;190;9;10;0;;
16726;1999;8;20;18;1.012,4;28,2;23,2;34,2;27,2;64;0;0;10;0;;
16726;1999;8;20;21;1.013;24;21,2;;;77;0;0;10;0;;
16726;1999;8;21;0;1.012;22,3;19,8;;;78;360;4;10;0;;
16726;1999;8;21;3;1.010,6;21,2;18,2;;;73;0;0;10;0;;
16726;1999;8;21;6;1.010,9;23,8;20,6;28,6;21;74;0;0;8;0;;
16726;1999;8;21;9;1.010,2;33;23;;;40;180;6;10;0;;
16726;1999;8;21;12;1.009,4;33,6;24,2;;;43;190;8;10;0;;
16726;1999;8;21;15;1.008,6;32;25,6;;;59;0;0;8;2;;
16726;1999;8;21;18;1.008;27,6;25,4;34,8;23,8;83;0;0;10;0;;
16726;1999;8;21;21;1.008,2;24;21,6;;;80;0;0;10;0;;
16726;1999;8;22;0;1.007,3;23;20,4;;;78;350;7;10;0;;
16726;1999;8;22;3;1.006,2;20,6;17,2;;;70;360;8;10;0;;
16726;1999;8;22;6;1.006;25,6;20,8;28;20;63;0;0;10;0;;
16726;1999;8;22;9;1.006,4;36;22;;;26;20;12;10;0;;
16726;1999;8;22;12;1.005,6;38,8;22,4;;;21;350;12;10;0;;
16726;1999;8;22;15;1.006,5;36,4;21,6;;;23;360;12;10;0;;
16726;1999;8;22;18;1.006,2;30,2;21,8;39;25,6;45;20;10;10;0;;
16726;1999;8;22;21;1.007,9;26;22;;;69;20;8;10;0;;
16726;1999;8;23;0;1.009;23,8;20,6;;;74;360;8;10;0;;
16726;1999;8;23;3;1.007,4;23;20;;;75;10;9;10;0;;
16726;1999;8;23;6;1.008,7;26,4;22,2;30,4;23;68;10;10;10;0;;
16726;1999;8;23;9;1.009,6;32;22,6;;;42;200;6;10;0;;
16726;1999;8;23;12;1.010,1;30,2;23,4;;;54;180;14;10;4;;
16726;1999;8;23;15;1.009,4;30,8;24,2;;;56;220;7;10;2;;
16726;1999;8;23;18;1.010,6;27,6;22,2;32,6;26,4;61;360;6;10;2;;
16726;1999;8;23;21;1.011,9;25,6;22,4;;;74;10;7;10;0;;
16726;1999;8;24;0;1.012,2;22,8;19,2;;;70;340;6;10;0;;
16726;1999;8;24;3;1.012,2;21,2;19;;;80;340;6;10;0;;
16726;1999;8;24;6;1.013,4;22,2;19,4;28;21,2;76;0;0;10;4;;
16726;1999;8;24;9;1.014,2;28,6;23;;;60;210;9;8;3;;
16726;1999;8;24;12;1.014;29;23,4;;;60;180;15;10;3;;
16726;1999;8;24;15;1.013,1;28,6;23;;;60;180;15;10;3;;
16726;1999;8;24;18;1.014,4;26,2;23,2;29,6;22,2;76;170;6;10;5;;
16726;1999;8;24;21;1.015,5;24,2;21,4;;;77;0;0;10;5;;
16726;1999;8;25;0;1.015,4;20,6;19;;;85;360;5;10;2;;
16726;1999;8;25;3;1.015,1;19,6;18,2;;;87;360;6;10;0;;
16726;1999;8;25;6;1.015,9;22;19;26,2;19,4;74;360;5;10;0;;
16726;1999;8;25;9;1.016,4;29;19;;;35;0;0;10;2;;
16726;1999;8;25;12;1.015,8;29,8;23;;;54;180;13;10;4;;
16726;1999;8;25;15;1.016;25,4;22;;;73;310;3;10;5;0;
16726;1999;8;25;18;1.016,2;24;21,2;30,6;21,8;77;180;5;10;3;0,3;
16726;1999;8;25;21;1.017,4;20,8;20,4;;;96;10;4;8;4;9,5;
16726;1999;8;26;0;1.017,1;20,6;20,2;;;96;0;0;10;4;;
16726;1999;8;26;3;1.016,3;19,8;19,6;;;98;0;0;10;0;;
16726;1999;8;26;6;1.017;21;20;24;19,2;91;350;5;8;0;9,5;
16726;1999;8;26;9;1.017,4;27;22,4;;;65;0;0;8;3;;
16726;1999;8;26;12;1.017;26,8;21,8;;;63;200;8;8;7;0;
16726;1999;8;26;15;1.017,1;22;21,2;;;93;20;6;4;8;10,6;
16726;1999;8;26;18;1.017,4;20,8;20,4;28,6;20,8;96;0;0;4;6;10,6;
16726;1999;8;26;21;1.017,7;20;19,4;;;94;360;5;5;5;;
16726;1999;8;27;0;1.017,1;19,4;18,8;;;94;0;0;7;3;;
16726;1999;8;27;3;1.016,4;18,4;18;;;96;360;5;6;0;;
16726;1999;8;27;6;1.016,2;20;19,6;20,8;18,2;96;0;0;5;1;;
16726;1999;8;27;9;1.016,7;28;22,6;;;61;100;6;8;1;;
16726;1999;8;27;12;1.016;28,4;22,6;;;59;180;7;8;2;;
16726;1999;8;27;15;1.016,2;26,6;22,6;;;70;190;13;10;7;;
16726;1999;8;27;18;1.016,7;25;22,2;29,6;20;77;150;6;8;5;;
16726;1999;8;27;21;1.017,8;22;21;;;91;0;0;8;2;;
16726;1999;8;28;0;1.017,3;20,6;20,2;;;96;0;0;8;3;;
16726;1999;8;28;3;1.016,6;20,2;19,8;;;96;350;4;8;2;;
16726;1999;8;28;6;1.017;21;20,4;25,4;20;94;350;4;3;0;;
16726;1999;8;28;9;1.017,4;27,4;22,4;;;63;150;5;8;3;;
16726;1999;8;28;12;1.016,4;27;22;;;63;170;10;8;6;;
16726;1999;8;28;15;1.015,9;25,4;21,4;;;68;150;9;8;7;;
16726;1999;8;28;18;1.015;23,8;21;28,4;21;77;0;0;10;7;;
16726;1999;8;28;21;1.015,5;22;21,4;;;95;0;0;8;7;1,4;
16726;1999;8;29;0;1.015;20,8;20,4;;;96;0;0;8;7;;
16726;1999;8;29;3;1.014,1;20;19,6;;;96;350;5;8;6;;
16726;1999;8;29;6;1.014,2;21,6;20;25,2;19,6;86;360;6;8;2;1,4;
16726;1999;8;29;9;1.014,4;28,4;19,2;;;38;0;0;8;2;;
16726;1999;8;29;12;1.013,8;28,6;19,4;;;38;200;7;10;2;;
16726;1999;8;29;15;1.013;28,4;22,8;;;60;130;7;10;4;;
16726;1999;8;29;18;1.012,8;25,4;21,2;29,6;21,6;67;20;10;7;4;;
16726;1999;8;29;21;1.013,6;24;20,8;;;74;20;4;8;0;;
16726;1999;8;30;0;1.012,8;20,2;19,4;;;92;340;6;8;0;;
16726;1999;8;30;3;1.012;18,8;18,2;;;94;340;5;8;0;;
16726;1999;8;30;6;1.012,7;21,6;19,8;25,8;18,8;84;0;0;5;0;;
16726;1999;8;30;9;1.012,7;27,2;22;;;62;180;6;8;2;;
16726;1999;8;30;12;1.012;28,4;19,4;;;39;190;12;10;2;;
16726;1999;8;30;15;1.010,1;27;22;;;63;170;15;10;4;;
16726;1999;8;30;18;1.011,1;25;22,2;28,8;21,6;77;190;6;8;4;;
16726;1999;8;30;21;1.010,6;23,8;21,6;;;82;30;6;10;4;;
16726;1999;8;31;0;1.010,4;21;19,8;;;89;0;0;10;3;;
16726;1999;8;31;3;1.010,1;18,6;18;;;94;0;0;10;2;;
16726;1999;8;31;6;1.009,8;20,6;19,6;26,6;18,4;91;340;5;7;3;;
16726;1999;8;31;9;1.011,7;22,2;20;;;81;350;8;5;7;0,3;
16726;1999;8;31;12;1.009,8;26;21,4;;;65;180;5;10;5;0,4;
16726;1999;8;31;15;1.008,8;25,4;22,4;;;76;0;0;10;5;;
16726;1999;8;31;18;1.008,7;24,8;22,2;27,4;20,6;79;180;4;10;3;0,7;
16726;1999;8;31;21;1.009,3;21,6;20,6;;;91;0;0;10;1;;
16726;1999;9;1;0;1.008,6;20,2;19,8;;;96;0;0;10;2;;
16726;1999;9;1;3;1.007,9;20,6;20;;;94;10;5;10;6;;
16726;1999;9;1;6;1.008,2;21,8;21;24,8;19,6;93;0;0;8;3;;
16726;1999;9;1;9;1.008,6;27,2;21,8;;;61;0;0;10;5;;
16726;1999;9;1;12;1.008;29;22;;;52;350;7;10;3;;
16726;1999;9;1;15;1.007,5;28,4;22;;;55;20;10;10;3;;
16726;1999;9;1;18;1.008;25,2;21;29,8;21,8;67;20;5;10;3;;
16726;1999;9;1;21;1.009,1;21,2;20,2;;;91;0;0;10;2;;
16726;1999;9;2;0;1.009,1;19,4;18,4;;;90;0;0;10;0;;
16726;1999;9;2;3;1.009,1;18,2;17,6;;;94;340;6;10;0;;
16726;1999;9;2;6;1.009,4;20;19;25,2;17,8;91;0;0;10;2;;
16726;1999;9;2;9;1.009,7;27;21,6;;;61;190;8;10;3;;
16726;1999;9;2;12;1.008,7;26,4;22;;;67;200;12;10;5;;
16726;1999;9;2;15;1.008,6;27,4;21,4;;;56;20;7;10;3;;
16726;1999;9;2;18;1.009,8;23,6;20;28,4;20;70;30;6;10;3;;
16726;1999;9;2;21;1.010,4;21,2;20,2;;;91;360;5;10;3;;
16726;1999;9;3;0;1.010,4;19,4;18,6;;;92;360;5;10;0;;
16726;1999;9;3;3;1.010,5;19,2;18,6;;;94;10;7;10;6;;
16726;1999;9;3;6;1.010,9;20,2;19,4;23,6;18,2;92;360;5;8;5;0,5;
16726;1999;9;3;9;1.012;26,2;21,4;;;63;0;0;10;5;;
16726;1999;9;3;12;1.011,3;29,4;21,8;;;49;360;4;10;3;;
16726;1999;9;3;15;1.011,4;27,2;21,2;;;56;180;4;10;3;;
16726;1999;9;3;18;1.012,2;24,6;19,2;30,2;20,2;58;10;13;10;0;;
16726;1999;9;3;21;1.012,7;22,2;19,4;;;76;350;5;10;0;;
16726;1999;9;4;0;1.013;21,2;18,4;;;75;350;6;10;1;;
16726;1999;9;4;3;1.012,4;19,2;17,4;;;83;360;8;10;0;;
16726;1999;9;4;6;1.013,7;20,6;18,2;25;18,4;78;340;4;10;0;;
16726;1999;9;4;9;1.014,7;28;20;;;45;20;5;10;0;;
16726;1999;9;4;12;1.013,6;30,8;19,8;;;32;360;10;10;0;;
16726;1999;9;4;15;1.013,6;29;19;;;35;360;11;10;0;;
16726;1999;9;4;18;1.014,5;23,8;18,4;31;20,6;57;20;9;10;0;;
16726;1999;9;4;21;1.014,5;21;17,2;;;67;10;5;10;2;;
16726;1999;9;5;0;1.013,8;19;15,8;;;70;360;7;10;0;;
16726;1999;9;5;3;1.013,8;18,2;15,4;;;73;360;5;10;0;;
16726;1999;9;5;6;1.014,7;20,4;16;24;16,8;61;360;5;10;0;;
16726;1999;9;5;9;1.015,1;27,6;18;;;35;190;8;10;2;;
16726;1999;9;5;12;1.015,1;28,2;19;;;38;220;7;10;1;;
16726;1999;9;5;15;1.013,7;28,2;20;;;44;210;4;10;1;;
16726;1999;9;5;18;1.014,1;23,8;19,4;29,2;20,4;64;340;4;10;1;;
16726;1999;9;5;21;1.014,7;22,8;19,4;;;71;10;6;10;0;;
16726;1999;9;6;0;1.014,5;19,4;17,8;;;85;350;4;10;0;;
16726;1999;9;6;3;1.014,7;19;17,4;;;84;360;4;10;0;;
16726;1999;9;6;6;1.014,9;21;19;23,8;17,8;82;0;0;10;4;;
16726;1999;9;6;9;1.015,7;27,6;21;;;53;180;6;10;3;;
16726;1999;9;6;12;1.014,9;27,6;23,2;;;67;200;10;10;3;;
16726;1999;9;6;15;1.013,4;27,8;23,6;;;69;180;6;10;3;;
16726;1999;9;6;18;1.013,6;25;21,4;29;21;71;20;10;10;2;;
16726;1999;9;6;21;1.014;23,8;20;;;69;20;6;10;2;;
16726;1999;9;7;0;1.013,8;21;20;;;91;20;6;10;2;;
16726;1999;9;7;3;1.013,8;19;18;;;90;20;6;10;2;;
16726;1999;9;7;6;1.014,1;20,8;19,4;25;17,6;87;340;4;10;1;;
16726;1999;9;7;9;1.014,6;27,4;21,8;;;59;200;7;10;1;;
16726;1999;9;7;12;1.014,2;27,8;21,6;;;56;210;11;10;1;;
16726;1999;9;7;15;1.012,8;28,4;21,2;;;50;220;5;10;1;;
16726;1999;9;7;18;1.013,1;25,4;19,6;29;20,8;56;40;10;10;2;;
16726;1999;9;7;21;1.013,7;22,4;20;;;79;330;7;10;2;;
16726;1999;9;8;0;1.013,3;20,4;19;;;87;350;7;10;2;;
16726;1999;9;8;3;1.012,6;19,6;17,2;;;78;360;8;10;2;;
16726;1999;9;8;6;1.012,2;22,8;18,8;25,4;19,2;67;360;6;10;4;;
16726;1999;9;8;9;1.012,3;29,4;20,8;;;43;20;10;10;1;;
16726;1999;9;8;12;1.011,3;30;23;;;53;20;8;10;2;;
16726;1999;9;8;15;1.011,5;28,6;21,6;;;52;30;12;10;6;;
16726;1999;9;8;18;1.011,5;25,6;22,2;33,6;22,8;73;20;13;10;4;;
16726;1999;9;8;21;1.012,7;24,6;22;;;79;30;12;10;1;;
16726;1999;9;9;0;1.012,8;22,6;21,2;;;88;360;4;10;0;;
16726;1999;9;9;3;1.012,3;20,8;19,6;;;89;360;7;10;0;;
16726;1999;9;9;6;1.012,4;23;20,8;25,6;19,4;81;350;6;10;3;;
16726;1999;9;9;9;1.013,3;28;22;;;57;0;0;10;5;;
16726;1999;9;9;12;1.012,6;28,8;23,4;;;61;200;7;10;5;;
16726;1999;9;9;15;1.011,1;28,2;22,4;;;58;230;6;10;6;;
16726;1999;9;9;18;1.012,2;25,8;21,2;29,8;22,8;65;30;13;10;6;;
16726;1999;9;9;21;1.012,6;22,6;20,6;;;83;360;6;10;3;;
16726;1999;9;10;0;1.012,8;19,6;18,8;;;92;360;6;10;0;;
16726;1999;9;10;3;1.012,6;19;18,2;;;92;360;7;10;0;;
16726;1999;9;10;6;1.012,8;20,4;18,8;25,8;17,8;85;360;5;10;0;;
16726;1999;9;10;9;1.013,8;27;21;;;56;180;8;10;1;;
16726;1999;9;10;12;1.013,7;26,4;20,8;;;59;190;13;10;1;;
16726;1999;9;10;15;1.012,3;27,8;21,2;;;53;180;10;10;1;;
16726;1999;9;10;18;1.013,3;24,2;20,2;28,8;18,4;68;120;4;10;3;;
16726;1999;9;10;21;1.014,2;22,8;20,4;;;79;0;0;10;1;;
16726;1999;9;11;0;1.014;20,8;18,8;;;82;10;5;10;0;;
16726;1999;9;11;3;1.013,7;20,4;18,6;;;84;340;3;10;0;;
16726;1999;9;11;6;1.014,2;18,8;17,6;25;18,6;88;350;5;10;6;1;
16726;1999;9;11;9;1.014,4;25;21;;;68;0;0;10;3;;
16726;1999;9;11;12;1.015;23,6;21,2;;;80;160;12;2;7;26,8;
16726;1999;9;11;15;1.014,5;20,2;19,4;;;92;360;5;8;7;5,8;
16726;1999;9;11;18;1.014;19;18,6;25;18,8;96;360;6;8;4;32,6;
16726;1999;9;11;21;1.014,1;18;17,4;;;94;0;0;8;2;;
16726;1999;9;12;0;1.013,6;16,8;16,4;;;96;360;6;8;2;;
16726;1999;9;12;3;1.012;16;15,6;;;96;350;6;10;2;;
16726;1999;9;12;6;1.012;17,6;16,8;19;15,6;92;340;4;10;6;;
16726;1999;9;12;9;1.012;25,4;20,6;;;63;0;0;10;4;;
16726;1999;9;12;12;1.011,5;26;21;;;62;200;8;10;6;;
16726;1999;9;12;15;1.011,1;20,6;19,4;;;89;350;6;5;6;0,2;
16726;1999;9;12;18;1.011,3;18,8;17,8;26,6;17,4;90;360;6;8;4;0,2;
16726;1999;9;12;21;1.011,5;18,6;18;;;94;360;8;6;8;0,1;
16726;1999;9;13;0;1.011,3;18,4;18;;;96;20;4;6;5;31;
16726;1999;9;13;3;1.010,7;17;16,8;;;98;0;0;10;1;;
16726;1999;9;13;6;1.010,5;17,8;17;20;16,6;92;0;0;8;2;32;
16726;1999;9;13;9;1.011,1;25,2;19,4;;;55;0;0;10;5;;
16726;1999;9;13;12;1.010,6;26,6;19,8;;;51;260;6;10;6;;
16726;1999;9;13;15;1.010,9;22,6;19,4;;;73;20;15;10;7;;
16726;1999;9;13;18;1.011,8;18,6;17,8;27,8;17,8;92;360;8;4;8;3;
16726;1999;9;13;21;1.012,2;18;17,6;;;96;340;5;8;7;3,2;
16726;1999;9;14;0;1.011,7;17,4;17;;;96;360;6;8;7;;
16726;1999;9;14;3;1.010,7;17;16,4;;;94;360;6;8;4;;
16726;1999;9;14;6;1.011;17,8;17;19;17;92;350;5;8;7;3,2;
16726;1999;9;14;9;1.011,5;19;18,2;;;92;350;4;6;7;3;
16726;1999;9;14;12;1.011,9;18,2;17,8;;;96;360;9;5;7;8;
16726;1999;9;14;15;1.011,8;21,2;18,4;;;75;350;7;10;5;0,3;
16726;1999;9;14;18;1.012,6;20;17;23;17,8;73;0;0;10;4;11,3;
16726;1999;9;14;21;1.013,7;18,4;16,6;;;83;0;0;10;2;;
16726;1999;9;15;0;1.014,6;18;16,4;;;84;0;0;10;1;;
16726;1999;9;15;3;1.014,6;18;16,4;;;84;0;0;10;1;;
16726;1999;9;15;6;1.014,6;16,6;14,6;20,4;15;80;360;5;10;0;;
16726;1999;9;15;9;1.015,1;25;18,4;;;50;0;0;10;0;;
16726;1999;9;15;12;1.014,5;26,4;19;;;47;220;9;10;0;;
16726;1999;9;15;15;1.014;25,8;18,8;;;49;200;5;10;0;;
16726;1999;9;15;18;1.014,1;21,2;18,6;27;16,6;77;0;0;10;1;;
16726;1999;9;15;21;1.014,2;18,2;17,2;;;90;360;6;10;1;;
16726;1999;9;16;0;1.014,2;17,2;16,6;;;94;360;7;10;0;;
16726;1999;9;16;3;1.013,6;15,6;15;;;93;360;7;10;0;;
16726;1999;9;16;6;1.013;17,2;16;21,2;15,2;88;0;0;8;3;;
16726;1999;9;16;9;1.014,1;26;19;;;49;0;0;10;1;;
16726;1999;9;16;12;1.013,1;27,8;20,4;;;48;210;5;10;3;;
16726;1999;9;16;15;1.011,4;26,4;21,2;;;61;210;8;10;5;;
16726;1999;9;16;18;1.012,3;22,6;19,6;28,4;17,2;75;0;0;10;3;;
16726;1999;9;16;21;1.011,9;20,2;18;;;80;350;7;10;2;;
16726;1999;9;17;0;1.011,5;20;17,6;;;78;350;7;10;3;;
16726;1999;9;17;3;1.010,2;20;18,6;;;87;30;6;10;4;0,1;
16726;1999;9;17;6;1.009,7;19;18;22,6;18,4;90;20;5;10;7;1;
16726;1999;9;17;9;1.009,8;23,2;20;;;73;0;0;4;8;;
16726;1999;9;17;12;1.010,7;20,4;19,4;;;91;340;7;8;7;6,1;
16726;1999;9;17;15;1.009,6;20;18,8;;;89;360;5;8;8;0,9;
16726;1999;9;17;18;1.010,1;19,4;19;25,4;18,8;96;30;6;8;7;11,2;
16726;1999;9;17;21;1.010,4;18,6;18,2;;;96;0;0;8;6;;
16726;1999;9;18;0;1.010,5;17,6;17,2;;;96;360;5;10;3;;
16726;1999;9;18;3;1.010,1;16,4;16;;;96;360;6;10;1;;
16726;1999;9;18;6;1.010,2;19,2;18,6;19,4;16;94;0;0;10;4;;
16726;1999;9;18;9;1.011,7;24;21;;;75;20;5;10;6;;
16726;1999;9;18;12;1.010,5;27,4;22;;;61;0;0;10;3;;
16726;1999;9;18;15;1.009,8;25,4;21,8;;;72;190;4;10;4;;
16726;1999;9;18;18;1.010,2;23;21,4;27,8;19,2;86;140;7;10;3;;
16726;1999;9;18;21;1.010,7;21;20,4;;;94;350;5;10;3;;
16726;1999;9;19;0;1.010,4;20;19,8;;;98;350;4;10;5;;
16726;1999;9;19;3;1.009,6;20;19,6;;;96;250;4;10;4;;
16726;1999;9;19;6;1.010,9;20,6;19,8;24,4;19,4;93;360;4;10;7;;
16726;1999;9;19;9;1.010,5;26,2;22;;;68;0;0;10;6;;
16726;1999;9;19;12;1.011,5;21,8;20,6;;;89;0;0;8;7;2,8;
16726;1999;9;19;15;1.011,8;21,6;20,4;;;89;360;7;10;7;0,6;
16726;1999;9;19;18;1.012,2;19,6;18,8;27,2;19,6;92;360;5;10;1;3,4;
16726;1999;9;19;21;1.013,4;18,2;17,6;;;94;0;0;10;0;;
16726;1999;9;20;0;1.013;17;16,6;;;96;360;8;10;0;;
16726;1999;9;20;3;1.013,1;16;15,6;;;96;0;0;10;0;;
16726;1999;9;20;6;1.014;16,6;16;19,6;15;94;0;0;10;0;;
16726;1999;9;20;9;1.015,4;25;20;;;61;0;0;10;2;;
16726;1999;9;20;12;1.014,4;27,2;19,6;;;47;200;7;10;2;;
16726;1999;9;20;15;1.014,5;26,2;21,2;;;62;190;7;10;1;;
16726;1999;9;20;18;1.014,6;22,8;20,4;27,8;16,6;79;140;5;10;4;;
16726;1999;9;20;21;1.015,4;19,4;18,8;;;94;360;6;10;0;;
16726;1999;9;21;0;1.014,2;18,4;18;;;96;360;6;10;0;;
16726;1999;9;21;3;1.013,6;17;16,6;;;96;360;6;10;0;;
16726;1999;9;21;6;1.013,7;17;16,4;23,8;15,8;94;0;0;8;1;;
16726;1999;9;21;9;1.014,4;27,2;21;;;55;0;0;10;0;;
16726;1999;9;21;12;1.013,8;27,8;20,4;;;48;200;7;10;1;;
16726;1999;9;21;15;1.012,8;26,8;22;;;64;190;7;10;1;;
16726;1999;9;21;18;1.012,7;23;17;28,8;17;52;0;0;10;1;;
16726;1999;9;21;21;1.013,7;20;18,8;;;89;0;0;10;1;;
16726;1999;9;22;0;1.013,1;18;17;;;90;0;0;10;1;;
16726;1999;9;22;3;1.013,1;17;16,2;;;92;0;0;10;1;;
16726;1999;9;22;6;1.014;18;17,2;23;17;92;350;5;8;1;;
16726;1999;9;22;9;1.014,5;26,6;20,4;;;54;150;4;8;0;;
16726;1999;9;22;12;1.014,5;27,2;21,6;;;59;210;8;10;1;;
16726;1999;9;22;15;1.013,8;25,8;21,8;;;69;210;8;8;1;;
16726;1999;9;22;18;1.014,4;23,4;22;27,6;18;88;150;4;6;1;;
16726;1999;9;22;21;1.015,4;21,2;20,6;;;95;10;5;6;1;;
16726;1999;9;23;0;1.015,1;19,8;19,4;;;96;350;7;6;1;;
16726;1999;9;23;3;1.014,7;18,2;17,8;;;96;340;4;6;1;;
16726;1999;9;23;6;1.015,3;18,2;18;23,4;17,4;98;0;0;3;2;;
16726;1999;9;23;9;1.015,8;25;22;;;76;0;0;6;2;;
16726;1999;9;23;12;1.015,5;26,6;23;;;72;180;6;7;2;;
16726;1999;9;23;15;1.015,4;26;22,6;;;74;190;8;7;2;;
16726;1999;9;23;18;1.015,8;22,8;21,6;27,6;18,2;90;0;0;4;2;;
16726;1999;9;23;21;1.016,4;20,4;19,6;;;93;0;0;4;1;;
16726;1999;9;24;0;1.016;19,2;18,8;;;96;0;0;4;1;;
16726;1999;9;24;3;1.015,8;18,6;18,4;;;98;360;5;4;1;;
16726;1999;9;24;6;1.016;19;18,8;22,8;18;98;0;0;2;1;;
16726;1999;9;24;9;1.017,1;27,4;22;;;61;0;0;8;0;;
16726;1999;9;24;12;1.016,7;27,8;23,6;;;69;180;6;8;0;;
16726;1999;9;24;15;1.016,2;27,8;23;;;65;170;8;8;0;;
16726;1999;9;24;18;1.016,3;22,8;20,6;28,6;17,2;81;360;3;8;0;;
16726;1999;9;24;21;1.017,3;20,4;19,8;;;94;350;6;8;0;;
16726;1999;9;25;0;1.016,8;18,6;18,2;;;96;360;3;6;0;;
16726;1999;9;25;3;1.015,9;17,6;17,2;;;96;0;0;6;0;;
16726;1999;9;25;6;1.016,2;18;17,6;23,4;17,2;96;350;4;4;0;;
16726;1999;9;25;9;1.017;27,4;21,8;;;59;0;0;4;0;;
16726;1999;9;25;12;1.015,9;29,2;21,2;;;46;190;8;8;1;;
16726;1999;9;25;15;1.015,7;27,4;22,2;;;62;180;10;8;1;;
16726;1999;9;25;18;1.015,7;24;21,8;30;18;82;0;0;8;1;;
16726;1999;9;25;21;1.016,6;21;19,2;;;84;0;0;8;0;;
16726;1999;9;26;0;1.016,3;19,8;18,4;;;87;0;0;8;0;;
16726;1999;9;26;3;1.015,5;18,8;17,6;;;88;0;0;8;0;;
16726;1999;9;26;6;1.015;18;17,4;24;17,2;94;0;0;8;0;;
16726;1999;9;26;9;1.015,7;27,2;21,6;;;59;180;6;6;0;;
16726;1999;9;26;12;1.014,7;28,4;21,8;;;54;190;7;6;0;;
16726;1999;9;26;15;1.014;27,4;22,6;;;65;180;6;6;0;;
16726;1999;9;26;18;1.014,2;23;21,8;29,2;18;90;0;0;6;0;;
16726;1999;9;26;21;1.015;20,4;19,4;;;91;360;5;4;0;;
16726;1999;9;27;0;1.014,7;18,6;18;;;94;0;0;4;0;;
16726;1999;9;27;3;1.014,1;17,2;16,8;;;96;350;5;4;0;;
16726;1999;9;27;6;1.014,4;18,2;17,4;24;16,4;92;0;0;5;0;;
16726;1999;9;27;9;1.014,9;28,2;22;;;56;0;0;5;0;;
16726;1999;9;27;12;1.014;28;21,6;;;55;210;8;3;1;;
16726;1999;9;27;15;1.012,4;27,4;22,6;;;65;210;7;4;1;;
16726;1999;9;27;18;1.012,8;24;21;29;18,2;75;360;5;5;1;;
16726;1999;9;27;21;1.013;21,2;20,4;;;93;350;6;6;1;;
16726;1999;9;28;0;1.012,6;19,4;18,6;;;92;350;8;8;0;;
16726;1999;9;28;3;1.011,9;18,2;17,8;;;96;340;8;8;0;;
16726;1999;9;28;6;1.011,5;20,6;19,2;24;17,8;87;340;6;8;0;;
16726;1999;9;28;9;1.011,8;26,2;21,8;;;67;340;5;8;0;;
16726;1999;9;28;12;1.011,1;28,2;22,2;;;57;180;8;8;0;;
16726;1999;9;28;15;1.009,6;28,2;22,2;;;57;200;5;10;0;;
16726;1999;9;28;18;1.010;23,6;21;30;20,4;78;360;6;10;0;;
16726;1999;9;28;21;1.010,9;21,6;20,2;;;87;350;7;10;0;;
16726;1999;9;29;0;1.009,3;19;18,6;;;96;360;7;10;0;;
16726;1999;9;29;3;1.008,7;18,2;17,8;;;96;340;5;10;0;;
16726;1999;9;29;6;1.008,8;20;19,2;24,4;18;92;340;7;8;1;;
16726;1999;9;29;9;1.008,3;28;22,4;;;59;20;6;10;1;;
16726;1999;9;29;12;1.007;31;20,8;;;38;40;15;10;1;;
16726;1999;9;29;15;1.006;28,6;22;;;54;20;13;10;2;;
16726;1999;9;29;18;1.006,4;24,2;21,4;31,6;20;77;10;10;10;3;;
16726;1999;9;29;21;1.007,1;21,8;19,4;;;79;20;11;10;1;;
16726;1999;9;30;0;1.006,9;20,4;18,8;;;85;10;9;10;1;;
16726;1999;9;30;3;1.006,4;18,6;17,8;;;92;350;8;10;1;;
16726;1999;9;30;6;1.007,1;18,8;17,8;24,6;18,6;90;0;0;10;0;;
16726;1999;9;30;9;1.008,3;27;21,4;;;59;210;4;10;1;;
16726;1999;9;30;12;1.007,7;26,8;21,2;;;59;200;8;10;4;;
16726;1999;9;30;15;1.007,4;26;22,4;;;72;180;8;10;5;;
16726;1999;9;30;18;1.008,4;24;20,6;28;18,8;73;0;0;10;5;;
16726;1999;9;30;21;1.009;22,2;20,4;;;84;0;0;10;3;;
16726;1999;10;1;0;1.009,1;20,4;18,8;;;85;0;0;10;2;;
16726;1999;10;1;3;1.009,1;18;17;;;90;0;0;10;2;;
16726;1999;10;1;6;1.009,8;19;18;23,4;17;90;0;0;6;0;;
16726;1999;10;1;9;1.010,7;26,4;20,8;;;59;0;0;6;2;;
16726;1999;10;1;12;1.010,5;27;21,8;;;62;210;8;6;2;;
16726;1999;10;1;15;1.010,2;25,8;21,4;;;66;180;6;8;6;;
16726;1999;10;1;18;1.011,3;22,4;21;27,8;19;88;350;5;8;2;;
16726;1999;10;1;21;1.012,4;20,6;20;;;94;350;6;8;2;;
16726;1999;10;2;0;1.012,7;19,4;18,8;;;94;340;6;8;1;;
16726;1999;10;2;3;1.012,7;18,2;17,8;;;96;340;6;8;0;;
16726;1999;10;2;6;1.013,8;18;17,6;23;17;96;0;0;6;0;;
16726;1999;10;2;9;1.015,1;25,4;21;;;66;0;0;10;1;;
16726;1999;10;2;12;1.015,1;27,2;20,4;;;51;180;7;10;2;;
16726;1999;10;2;15;1.014,6;26,2;21,6;;;65;160;7;10;6;;
16726;1999;10;2;18;1.015,3;23,4;21,2;27,8;18;81;0;0;10;3;;
16726;1999;10;2;21;1.015,8;21;20;;;91;0;0;10;2;;
16726;1999;10;3;0;1.015,4;19,4;18,6;;;92;0;0;10;2;;
16726;1999;10;3;3;1.015;18,2;17,6;;;94;0;0;10;1;;
16726;1999;10;3;6;1.015;18;17,4;24;16,8;94;360;5;8;1;;
16726;1999;10;3;9;1.015,7;26;21;;;62;0;0;10;1;;
16726;1999;10;3;12;1.014,2;27,8;21,8;;;57;190;6;10;3;;
16726;1999;10;3;15;1.012,6;28;20;;;45;10;11;10;2;;
16726;1999;10;3;18;1.012,8;23,2;20,2;29,6;18;75;20;12;10;1;;
16726;1999;10;3;21;1.013,3;19,4;18;;;87;350;8;10;1;;
16726;1999;10;4;0;1.012,8;18;17,6;;;96;350;8;10;1;;
16726;1999;10;4;3;1.011,5;17,6;17;;;94;350;8;10;1;;
16726;1999;10;4;6;1.011,4;19,4;17,6;23,4;17,4;83;360;7;10;0;;
16726;1999;10;4;9;1.011,5;27,4;20,2;;;49;0;0;10;2;;
16726;1999;10;4;12;1.010,5;28;21;;;51;180;8;10;3;;
16726;1999;10;4;15;1.009,1;26,8;20,8;;;56;30;6;10;2;;
16726;1999;10;4;18;1.010,1;23,2;20,2;28,8;18;75;20;10;10;2;;
16726;1999;10;4;21;1.010,4;20,8;19,2;;;85;20;6;10;2;;
16726;1999;10;5;0;1.010,2;18;17;;;90;20;5;10;1;;
16726;1999;10;5;3;1.010,2;18;17;;;90;0;0;10;1;;
16726;1999;10;5;6;1.010,2;18,2;17,2;23,8;17;90;350;4;10;4;;
16726;1999;10;5;9;1.010,6;26,2;19,6;;;52;360;4;10;2;;
16726;1999;10;5;12;1.010,5;28,8;20;;;41;20;8;10;4;;
16726;1999;10;5;15;1.010,5;26,8;20,6;;;55;290;7;10;6;;
16726;1999;10;5;18;1.011,7;22;19,2;30,4;18,2;76;0;0;10;2;;
16726;1999;10;5;21;1.012,4;20;19;;;91;350;5;10;2;;
16726;1999;10;6;0;1.011,9;18,4;17,4;;;90;20;7;10;2;;
16726;1999;10;6;3;1.012,4;17;16,2;;;92;360;7;10;2;;
16726;1999;10;6;6;1.013,6;18;16,4;22;17;84;350;5;10;2;;
16726;1999;10;6;9;1.014,6;26,4;19;;;47;350;6;10;1;;
16726;1999;10;6;12;1.014,2;28,4;18;;;32;360;11;10;1;;
16726;1999;10;6;15;1.014,1;26,6;18,4;;;41;10;11;10;1;;
16726;1999;10;6;18;1.015,3;20,6;17,2;28,8;18;70;0;0;10;1;;
16726;1999;10;6;21;1.016;16,8;15,2;;;83;350;5;10;1;;
16726;1999;10;7;0;1.016,2;16,2;15,2;;;89;0;0;10;1;;
16726;1999;10;7;3;1.016;16;14,8;;;87;340;6;10;1;;
16726;1999;10;7;6;1.016;18;16,4;21,4;14,8;84;350;7;10;4;;
16726;1999;10;7;9;1.018;25;17,4;;;43;320;7;10;2;;
16726;1999;10;7;12;1.017,6;25;17,4;;;43;340;15;10;2;;
16726;1999;10;7;15;1.016,2;25;17,4;;;43;330;15;10;5;;
16726;1999;10;7;18;1.018;21,4;16;25,8;18;54;340;8;10;4;;
16726;1999;10;7;21;1.018,2;19,6;16;;;67;340;6;10;2;;
16726;1999;10;8;0;1.018,2;18,8;14,4;;;59;20;6;10;2;;
16726;1999;10;8;3;1.017,8;17;13;;;61;20;8;10;2;;
16726;1999;10;8;6;1.018;14,2;12,2;21,4;13,8;78;340;7;10;1;;
16726;1999;10;8;9;1.018,4;24,6;16,8;;;42;0;0;10;1;;
16726;1999;10;8;12;1.017,4;25,8;17,4;;;39;200;11;10;1;;
16726;1999;10;8;15;1.017;24,2;17,8;;;51;210;8;10;1;;
16726;1999;10;8;18;1.017,4;20,8;16;26,6;14,2;58;50;8;10;1;;
16726;1999;10;8;21;1.018,4;16,8;14;;;72;360;7;10;1;;
16726;1999;10;9;0;1.018,4;15,2;13,6;;;83;360;5;10;2;;
16726;1999;10;9;3;1.017,4;14;12,8;;;87;360;7;10;2;;
16726;1999;10;9;6;1.017,4;16;13,4;21;13,4;73;360;6;10;4;;
16726;1999;10;9;9;1.017,4;24,6;16,8;;;42;340;6;10;2;;
16726;1999;10;9;12;1.016,7;24,4;19;;;58;360;10;10;2;;
16726;1999;10;9;15;1.016,2;24,8;17,4;;;44;360;8;10;4;;
16726;1999;10;9;18;1.016,7;18,8;15,6;25,8;16;70;0;0;10;2;;
16726;1999;10;9;21;1.017,1;15,2;13,4;;;80;350;5;10;2;;
16726;1999;10;10;0;1.017,3;12,6;11,8;;;91;350;5;10;1;;
16726;1999;10;10;3;1.016,6;11,8;11;;;90;350;7;10;1;;
16726;1999;10;10;6;1.016,6;12,6;11,4;19,4;11,6;86;360;5;10;1;;
16726;1999;10;10;9;1.017,1;22;16,2;;;52;0;0;10;1;;
16726;1999;10;10;12;1.016,3;25,8;17,4;;;39;180;7;10;2;;
16726;1999;10;10;15;1.016,3;23,2;18;;;58;250;8;10;4;;
16726;1999;10;10;18;1.016,3;20,2;15,6;26;12,6;60;20;5;10;1;;
16726;1999;10;10;21;1.019;15,8;13,8;;;79;360;6;10;1;;
16726;1999;10;11;0;1.019;13,4;12,4;;;88;360;6;10;1;;
16726;1999;10;11;3;1.019,7;12,4;11,2;;;86;360;7;10;1;;
16726;1999;10;11;6;1.020,8;13;11;20,2;11,8;77;360;5;10;0;;
16726;1999;10;11;9;1.022,6;23;15,2;;;39;0;0;10;0;;
16726;1999;10;11;12;1.022,4;24,6;18;;;50;200;8;10;2;;
16726;1999;10;11;15;1.021,6;25;18,2;;;49;260;6;10;2;;
16726;1999;10;11;18;1.023;20,4;15;25,2;13;53;0;0;10;2;;
16726;1999;10;11;21;1.023,9;15;13;;;79;350;5;10;1;;
16726;1999;10;12;0;1.024;14;12;;;78;360;6;10;1;;
16726;1999;10;12;3;1.023,4;14;11,8;;;76;350;7;10;0;;
16726;1999;10;12;6;1.023,8;13,4;12;20,4;12,6;84;360;5;10;0;;
16726;1999;10;12;9;1.024,7;23;18;;;59;0;0;10;0;;
16726;1999;10;12;12;1.023,7;25,2;19,2;;;54;180;6;10;1;;
16726;1999;10;12;15;1.022,5;25;18,4;;;50;320;5;10;2;;
16726;1999;10;12;18;1.023,3;20;16;26;13,4;64;20;6;10;2;;
16726;1999;10;12;21;1.023,3;16,8;14;;;72;350;5;10;2;;
16726;1999;10;13;0;1.022,4;14,4;12,8;;;83;10;5;10;2;;
16726;1999;10;13;3;1.022,4;13;11,4;;;81;360;5;10;2;;
16726;1999;10;13;6;1.022,4;14,2;13;20;12,2;87;0;0;10;0;;
16726;1999;10;13;9;1.022,6;24;18;;;53;0;0;10;0;;
16726;1999;10;13;12;1.021,3;25,8;18,4;;;45;220;6;10;1;;
16726;1999;10;13;15;1.019,9;24,4;19,4;;;60;190;9;10;1;;
16726;1999;10;13;18;1.020,4;20;17,4;26,2;14,2;76;360;5;10;1;;
16726;1999;10;13;21;1.020,6;16,6;15,4;;;87;360;6;10;1;;
16726;1999;10;14;0;1.019,9;15;14,4;;;93;350;6;10;0;;
16726;1999;10;14;3;1.019,1;14,4;14;;;95;350;8;10;0;;
16726;1999;10;14;6;1.018,5;15;14,4;20;14;93;350;6;10;0;;
16726;1999;10;14;9;1.018,4;24,4;18;;;51;350;5;10;1;;
16726;1999;10;14;12;1.015,9;27,4;19,6;;;46;0;0;10;2;;
16726;1999;10;14;15;1.015,3;24;18;;;53;20;15;10;1;;
16726;1999;10;14;18;1.015,8;20,4;17;28;15;70;20;10;10;1;;
16726;1999;10;14;21;1.015,3;17,6;16;;;84;0;0;10;1;;
16726;1999;10;15;0;1.014,5;16,2;15,4;;;91;0;0;10;1;;
16726;1999;10;15;3;1.013,4;14,6;13,5;;;89;0;0;10;1;;
16726;1999;10;15;6;1.013,6;15,2;14,2;20,4;13,8;89;340;6;10;2;;
16726;1999;10;15;9;1.013,6;24,4;18;;;51;360;8;10;2;;
16726;1999;10;15;12;1.012,6;26;18,4;;;44;350;11;10;2;;
16726;1999;10;15;15;1.012;24,8;18,2;;;50;350;8;10;2;;
16726;1999;10;15;18;1.013,3;20;17;26,4;15,2;73;10;10;10;1;;
16726;1999;10;15;21;1.014,2;15,8;14,4;;;85;360;5;10;1;;
16726;1999;10;16;0;1.014,4;14,6;13,2;;;85;340;7;10;1;;
16726;1999;10;16;3;1.014;12,8;11,8;;;88;360;4;10;1;;
16726;1999;10;16;6;1.014,2;13,8;12,4;20,4;12,4;84;350;7;10;0;;
16726;1999;10;16;9;1.014;23,8;17,6;;;52;0;0;10;0;;
16726;1999;10;16;12;1.012,4;24,2;18,6;;;57;210;10;10;4;;
16726;1999;10;16;15;1.011,8;22,4;18;;;63;220;4;10;7;;
16726;1999;10;16;18;1.011,8;18,8;16,4;26,4;13,8;77;360;4;10;7;2;
16726;1999;10;16;21;1.011,8;15;14,4;;;93;0;0;10;4;0,9;
16726;1999;10;17;0;1.011,8;14,4;14;;;95;0;0;10;4;;
16726;1999;10;17;3;1.011,8;12,8;11,8;;;88;360;4;10;1;;
16726;1999;10;17;6;1.012,8;13,6;13;18,8;12,8;93;0;0;10;1;0,9;
16726;1999;10;17;9;1.014,5;21,8;17,8;;;66;350;5;10;2;;
16726;1999;10;17;12;1.014,1;25;18;;;48;0;0;10;3;;
16726;1999;10;17;15;1.014,4;23;17;;;52;20;12;10;3;;
16726;1999;10;17;18;1.014,9;20;17;25,8;13,6;73;20;10;10;0;;
16726;1999;10;17;21;1.016;17;15,4;;;83;10;11;10;0;;
16726;1999;10;18;0;1.016,4;15,4;14,4;;;89;350;8;10;4;;
16726;1999;10;18;3;1.016,4;14,6;13,6;;;89;360;6;10;3;;
16726;1999;10;18;6;1.017;15;14;20;13,4;89;350;5;10;2;;
16726;1999;10;18;9;1.018;22,6;18;;;62;0;0;10;2;;
16726;1999;10;18;12;1.017;23,8;17,6;;;52;180;8;10;6;;
16726;1999;10;18;15;1.017,1;22,2;17,6;;;62;180;5;10;7;;
16726;1999;10;18;18;1.017,1;18,6;16,8;24,8;15;83;0;0;10;6;;
16726;1999;10;18;21;1.017,3;17,6;16,2;;;86;0;0;10;6;;
16726;1999;10;19;0;1.016,4;16,6;15,8;;;92;0;0;10;5;;
16726;1999;10;19;3;1.014,7;16,8;16;;;92;170;7;10;8;;
16726;1999;10;19;6;1.014,7;15,6;15,2;18,6;15,4;96;360;5;10;7;2,3;
16726;1999;10;19;9;1.015,4;24,8;21;;;70;180;15;10;5;;
16726;1999;10;19;12;1.014,2;24,6;21,2;;;73;180;17;10;6;;
16726;1999;10;19;15;1.012,3;23,6;21,6;;;83;180;17;10;5;;
16726;1999;10;19;18;1.012,2;23,2;22;25,6;15,6;90;170;13;10;4;;
16726;1999;10;19;21;1.012,7;23,4;22,6;;;93;160;9;10;5;;
16726;1999;10;20;0;1.012,8;22,6;22,4;;;98;0;0;10;5;;
16726;1999;10;20;3;1.012,7;21,2;21;;;98;0;0;10;5;;
16726;1999;10;20;6;1.014,2;20;19,4;23,4;19,8;94;0;0;5;4;;
16726;1999;10;20;9;1.015,1;24,6;19,6;;;61;30;6;8;2;;
16726;1999;10;20;12;1.014,4;28;20;;;45;0;0;10;2;;
16726;1999;10;20;15;1.014;27;20;;;50;170;6;10;4;;
16726;1999;10;20;18;1.015,1;20,2;17;28,4;20;71;20;5;10;0;;
16726;1999;10;20;21;1.015,1;18,8;16,4;;;77;20;5;10;0;;
16726;1999;10;21;0;1.016,3;15,8;13,8;;;79;360;5;10;0;;
16726;1999;10;21;3;1.015,5;15,8;15;;;91;360;5;10;5;;
16726;1999;10;21;6;1.016;17,4;16;20,2;15;86;0;0;8;5;0;
16726;1999;10;21;9;1.017,1;25,4;20;;;59;190;6;10;3;0;
16726;1999;10;21;12;1.015,1;28;20;;;45;200;6;10;3;;
16726;1999;10;21;15;1.015,5;24;21,8;;;82;240;7;10;4;;
16726;1999;10;21;18;1.015,7;21,4;20,8;28,2;17,4;95;20;4;10;2;0;
16726;1999;10;21;21;1.016;19,4;19;;;96;0;0;10;4;;
16726;1999;10;22;0;1.014,7;19,2;18,8;;;96;330;6;10;4;;
16726;1999;10;22;3;1.014,9;22;19,8;;;81;200;8;10;6;;
16726;1999;10;22;6;1.015,4;21,8;20,6;22,4;18,2;89;20;5;10;7;;
16726;1999;10;22;9;1.015,3;23,4;21;;;80;180;7;10;7;;
16726;1999;10;22;12;1.015,3;25;21,4;;;71;190;12;10;7;;
16726;1999;10;22;15;1.012,4;25;22,6;;;81;190;14;10;4;;
16726;1999;10;22;18;1.013,8;22,4;20;26;21,8;79;20;6;10;6;;
16726;1999;10;22;21;1.014,5;21,2;20;;;89;340;6;10;6;;
16726;1999;10;23;0;1.014;20,4;19,4;;;91;360;6;10;5;;
16726;1999;10;23;3;1.014,9;19,4;18,6;;;92;10;5;10;3;;
16726;1999;10;23;6;1.015,7;15,8;15,2;22,4;15,2;93;300;5;10;3;;
16726;1999;10;23;9;1.016,3;24,6;19,2;;;58;0;0;10;3;;
16726;1999;10;23;12;1.015,5;25,4;19,6;;;56;210;5;10;2;;
16726;1999;10;23;15;1.014,9;24,6;18;;;50;20;13;10;2;;
16726;1999;10;23;18;1.016,4;21;17,8;27,4;15;72;20;11;10;1;;
16726;1999;10;23;21;1.017,6;17,8;16;;;82;360;5;10;1;;
16726;1999;10;24;0;1.017,6;17,8;16;;;82;360;6;10;1;;
16726;1999;10;24;3;1.017,6;17,8;16;;;82;360;6;10;1;;
16726;1999;10;24;6;1.017,6;15;14,4;21;15;93;360;6;10;1;;
16726;1999;10;24;9;1.019,1;23;19;;;67;0;0;10;3;;
16726;1999;10;24;12;1.018,2;24,6;20;;;64;220;9;10;3;;
16726;1999;10;24;15;1.017,3;22,8;19,6;;;73;170;7;10;4;;
16726;1999;10;24;18;1.017,6;18,8;17,8;25,8;15;90;0;0;10;2;;
16726;1999;10;24;21;1.017,8;16,6;16,2;;;96;340;6;10;3;;
16726;1999;10;25;0;1.018,1;15,6;15,2;;;96;360;4;10;3;;
16726;1999;10;25;3;1.017,8;14,8;14,4;;;95;350;8;10;3;;
16726;1999;10;25;6;1.018,6;14,8;14,4;19;13,6;95;360;5;10;4;;
16726;1999;10;25;9;1.019,4;23,4;19,6;;;69;0;0;10;0;;
16726;1999;10;25;12;1.019,1;25;20;;;61;180;5;10;1;;
16726;1999;10;25;15;1.018,7;23,6;20,2;;;72;180;5;10;1;;
16726;1999;10;25;18;1.019,5;19,4;18,4;26;14,8;90;0;0;8;0;;
16726;1999;10;25;21;1.020,2;17;16,4;;;94;0;0;8;0;;
16726;1999;10;26;0;1.019,8;15,6;15;;;93;0;0;10;0;;
16726;1999;10;26;3;1.020,7;14,8;14,4;;;95;330;5;10;0;;
16726;1999;10;26;6;1.021,6;16;15,2;19,4;14;91;340;5;5;2;;
16726;1999;10;26;9;1.022,3;24,2;20,2;;;68;0;0;8;2;;
16726;1999;10;26;12;1.021,3;25,2;20,4;;;62;210;8;8;1;;
16726;1999;10;26;15;1.021;24;21;;;75;210;5;8;1;;
16726;1999;10;26;18;1.021,6;19,6;18;26,6;16;85;10;6;8;1;;
16726;1999;10;26;21;1.021,8;17,6;17;;;94;0;0;8;1;;
16726;1999;10;27;0;1.021,6;15,2;15;;;98;0;0;8;1;;
16726;1999;10;27;3;1.020,6;14,6;14,4;;;98;20;7;8;0;;
16726;1999;10;27;6;1.020,3;14,4;14;19,6;12,8;95;30;4;7;0;;
16726;1999;10;27;9;1.019,9;24,8;19,8;;;61;0;0;10;0;;
16726;1999;10;27;12;1.018,9;28;20,4;;;47;0;0;10;0;;
16726;1999;10;27;15;1.018;25;20;;;61;0;0;10;0;;
16726;1999;10;27;18;1.018,2;22,2;19,2;28;14,4;74;350;8;10;0;;
16726;1999;10;27;21;1.017,8;19,8;18,4;;;87;350;10;10;0;;
16726;1999;10;28;0;1.017,3;22;18,6;;;71;20;10;8;5;;
16726;1999;10;28;3;1.016,2;20,8;17,6;;;72;350;8;8;4;;
16726;1999;10;28;6;1.016,8;20,4;17,6;22,2;19,8;75;20;10;10;0;;
16726;1999;10;28;9;1.018,6;25,2;19,8;;;59;210;8;10;0;;
16726;1999;10;28;12;1.017,8;26;20;;;55;180;8;10;2;;
16726;1999;10;28;15;1.018,2;24,6;20;;;64;0;0;10;4;;
16726;1999;10;28;18;1.019,5;20,6;18;26,6;20,4;77;0;0;10;4;;
16726;1999;10;28;21;1.021;19,4;19,4;;;100;360;6;10;4;;
16726;1999;10;29;0;1.021;17,6;11,6;;;45;360;7;10;4;;
16726;1999;10;29;3;1.021;16,2;10,8;;;47;360;7;10;1;;
16726;1999;10;29;6;1.021,7;17;12;20,6;14,8;52;350;7;10;0;;
16726;1999;10;29;9;1.022;23;15;;;38;340;6;10;0;;
16726;1999;10;29;12;1.020,8;25,2;16,8;;;39;180;10;10;0;;
16726;1999;10;29;15;1.020,4;23,6;17;;;48;180;10;10;1;;
16726;1999;10;29;18;1.021,6;18,2;15,4;26,8;17;73;360;6;10;1;;
16726;1999;10;29;21;1.021,8;15,2;12,6;;;73;20;4;10;1;;
16726;1999;10;30;0;1.021,7;11,8;10;;;78;350;8;10;0;;
16726;1999;10;30;3;1.021;11,2;9,4;;;78;360;8;10;0;;
16726;1999;10;30;6;1.021,7;11,6;9,6;18,6;10,2;76;360;5;10;1;;
16726;1999;10;30;9;1.022,7;20;15;;;56;0;0;10;0;;
16726;1999;10;30;12;1.021,1;26;19;;;49;190;6;10;0;;
16726;1999;10;30;15;1.021,4;23,6;18;;;56;180;5;10;0;;
16726;1999;10;30;18;1.022;19,4;16,4;26;11,6;72;0;0;10;2;;
16726;1999;10;30;21;1.022,7;16,2;15,4;;;91;350;5;10;2;;
16726;1999;10;31;0;1.021,7;13,4;12,8;;;93;360;6;10;2;;
16726;1999;10;31;3;1.022,2;11,6;10,8;;;90;340;7;10;0;;
16726;1999;10;31;6;1.022,6;13,4;11,8;19,4;11,4;82;340;7;10;0;;
16726;1999;10;31;9;1.023;22;15;;;43;360;6;10;0;;
16726;1999;10;31;12;1.021,1;25;17,4;;;43;0;0;10;2;;
16726;1999;10;31;15;1.020,8;23;17,2;;;53;30;8;10;6;;
16726;1999;10;31;18;1.021,7;19,2;16;25,8;13,4;70;20;7;10;2;;
16726;1999;10;31;21;1.022,6;14,6;13,4;;;87;340;5;10;0;;
16726;1999;11;1;0;1.022,4;13;12;;;88;350;8;10;0;;
16726;1999;11;1;3;1.022,4;12,4;11,4;;;88;360;6;10;4;;
16726;1999;11;1;6;1.022,7;12;10,6;19;10,8;83;350;8;10;4;;
16726;1999;11;1;9;1.023,8;22;17;;;58;0;0;10;3;;
16726;1999;11;1;12;1.022,6;22,4;17,2;;;57;210;7;10;3;;
16726;1999;11;1;15;1.022,6;22,4;17,6;;;61;180;5;10;1;;
16726;1999;11;1;18;1.023,3;15,8;15;23,4;12;91;360;5;10;1;;
16726;1999;11;1;21;1.024;14;13;;;89;360;5;10;1;;
16726;1999;11;2;0;1.024;13;12;;;88;0;0;10;1;;
16726;1999;11;2;3;1.024;12,4;11,4;;;88;0;0;10;1;;
16726;1999;11;2;6;1.024;10,2;9,4;15,8;10;90;360;8;10;0;;
16726;1999;11;2;9;1.025;21,6;15,6;;;51;0;0;10;0;;
16726;1999;11;2;12;1.022,7;23,4;17,4;;;52;220;8;10;1;;
16726;1999;11;2;15;1.021,8;21,8;17,8;;;66;260;8;10;3;;
16726;1999;11;2;18;1.023;18,8;16,2;25,6;10,2;75;10;5;10;3;;
16726;1999;11;2;21;1.023,1;15,2;13;;;77;350;9;10;2;;
16726;1999;11;3;0;1.022,2;13;11,8;;;86;360;6;10;2;;
16726;1999;11;3;3;1.021,6;12;11;;;88;360;7;10;2;;
16726;1999;11;3;6;1.021,6;11,2;10,2;18,8;10,6;88;360;7;10;1;;
16726;1999;11;3;9;1.021,7;21,4;16;;;54;0;0;8;1;;
16726;1999;11;3;12;1.020,3;22,6;17,8;;;61;210;13;10;3;;
16726;1999;11;3;15;1.019,5;21;17;;;65;120;14;8;4;;
16726;1999;11;3;18;1.020,7;15,4;13,4;23,6;11,2;79;140;8;10;3;;
16726;1999;11;3;21;1.021;14;13,2;;;91;0;0;10;1;;
16726;1999;11;4;0;1.021;13;11,8;;;86;360;4;10;1;;
16726;1999;11;4;3;1.020;11,2;10,8;;;95;360;7;10;1;;
16726;1999;11;4;6;1.020,3;11,6;10,6;15,4;10,4;88;350;7;8;2;;
16726;1999;11;4;9;1.020,3;19;15;;;63;0;0;8;2;;
16726;1999;11;4;12;1.018,5;21,8;16,2;;;53;190;8;8;2;;
16726;1999;11;4;15;1.018,2;18;13,2;;;55;150;9;8;4;0;
16726;1999;11;4;18;1.019,8;14,8;14;22,6;11,6;91;340;4;8;4;0,3;
16726;1999;11;4;21;1.020,3;12;11,2;;;90;30;6;8;2;;
16726;1999;11;5;0;1.020,3;10;9;;;87;360;7;8;1;;
16726;1999;11;5;3;1.020,3;8,6;7,8;;;89;360;9;8;1;;
16726;1999;11;5;6;1.020,8;10;8,2;15,2;8,2;77;350;8;10;0;;
16726;1999;11;5;9;1.020,6;19,4;13,4;;;46;340;8;10;0;;
16726;1999;11;5;12;1.019,5;22;14;;;36;340;6;10;1;;
16726;1999;11;5;15;1.019,8;21,4;14,6;;;45;340;6;10;1;;
16726;1999;11;5;18;1.020,7;16;11,4;23;10;53;360;6;10;1;;
16726;1999;11;5;21;1.021;12,4;10;;;72;360;10;10;2;;
16726;1999;11;6;0;1.020,7;9,8;8;;;77;10;9;10;2;;
16726;1999;11;6;3;1.019,3;8,8;7,6;;;84;350;7;10;0;;
16726;1999;11;6;6;1.018,6;10;8;16;8;74;350;9;10;0;;
16726;1999;11;6;9;1.017,4;19,4;13,4;;;46;0;0;10;3;;
16726;1999;11;6;12;1.015,8;21,4;14,2;;;41;200;8;10;3;;
16726;1999;11;6;15;1.015;18,8;14,4;;;59;210;6;10;5;;
16726;1999;11;6;18;1.015;18,2;14,4;21,6;10;64;180;7;10;8;;
16726;1999;11;6;21;1.013,8;18;14;;;62;180;8;10;8;;
16726;1999;11;7;0;1.012,8;18;14;;;62;180;8;10;8;;
16726;1999;11;7;3;1.011;18;14;;;62;180;8;10;7;;
16726;1999;11;7;6;1.011;17,6;15;19;17,6;74;200;10;6;8;0,8;
16726;1999;11;7;9;1.011,4;17,6;15;;;74;180;12;2;8;11,5;
16726;1999;11;7;12;1.010;16,4;15,6;;;92;260;6;4;8;0,9;
16726;1999;11;7;15;1.008,3;15,4;15;;;96;30;7;5;8;11;
16726;1999;11;7;18;1.008,7;20,8;18;22;13,6;75;170;20;6;6;23,4;
16726;1999;11;7;21;1.007,8;21,4;18,6;;;76;180;25;4;8;;
16726;1999;11;8;0;1.007,8;15,2;14,8;;;96;120;10;2;8;22,2;
16726;1999;11;8;3;1.009,4;15;14,6;;;96;30;8;8;6;;
16726;1999;11;8;6;1.008,6;15;14,6;21,4;15;96;0;0;5;8;27,5;
16726;1999;11;8;9;1.008,8;17,6;16,6;;;90;30;7;8;6;0;
16726;1999;11;8;12;1.008;22,2;18,6;;;70;170;11;8;6;0;
16726;1999;11;8;15;1.007,3;22,4;18,6;;;68;200;20;8;5;;
16726;1999;11;8;18;1.007,9;21,2;19;24,6;15;80;180;20;8;6;10,2;
16726;1999;11;8;21;1.011,4;15,4;15,2;;;98;230;12;8;6;16,4;
16726;1999;11;9;0;1.010,7;15,4;15,2;;;98;0;0;8;6;2,8;
16726;1999;11;9;3;1.008,6;14,4;14,2;;;98;10;12;8;7;4,8;
16726;1999;11;9;6;1.008,8;14,6;14;21,2;14;93;330;5;6;8;38,2;
16726;1999;11;9;9;1.010,4;15;13,4;;;83;30;9;8;8;0;
16726;1999;11;9;12;1.009,4;16,8;14,8;;;80;30;10;10;8;;
16726;1999;11;9;15;1.008,7;18;15,2;;;73;0;0;10;7;;
16726;1999;11;9;18;1.010,4;16;14,2;21,8;14,6;81;360;6;10;7;0;
16726;1999;11;9;21;1.011,8;15,8;14,6;;;87;320;10;10;4;;
16726;1999;11;10;0;1.012,4;17,6;14;;;65;50;13;10;2;;
16726;1999;11;10;3;1.012,6;17;13,4;;;64;20;12;10;2;;
16726;1999;11;10;6;1.014,8;17;13,4;17,6;13;64;10;10;10;2;;
16726;1999;11;10;9;1.015,3;20,6;14,6;;;49;10;6;10;2;;
16726;1999;11;10;12;1.014,9;22;16;;;51;340;12;10;2;;
16726;1999;11;10;15;1.015;19,8;15;;;57;350;9;10;4;;
16726;1999;11;10;18;1.016,7;15,2;12,2;22;15;68;350;10;10;3;;
16726;1999;11;10;21;1.017,4;14,8;11,8;;;68;350;9;10;3;;
16726;1999;11;11;0;1.017,8;14;11,2;;;69;350;8;10;1;;
16726;1999;11;11;3;1.017,8;13;10,2;;;68;350;9;10;1;;
16726;1999;11;11;6;1.018,7;12,8;10,4;15,8;11,8;72;350;8;10;3;;
16726;1999;11;11;9;1.019,9;16;12,4;;;63;360;8;10;7;;
16726;1999;11;11;12;1.019,4;18;14;;;62;360;6;10;8;;
16726;1999;11;11;15;1.019,4;17;13,2;;;63;360;6;10;7;;
16726;1999;11;11;18;1.020,4;15,2;12,6;19;12,8;73;10;6;10;7;;
16726;1999;11;11;21;1.021,6;13;11;;;77;360;5;10;7;;
16726;1999;11;12;0;1.021,6;12,2;10,6;;;81;360;5;10;7;;
16726;1999;11;12;3;1.021,6;11,4;10;;;83;360;8;10;5;;
16726;1999;11;12;6;1.023;13,2;11,4;15,2;11,4;79;360;8;10;6;;
16726;1999;11;12;9;1.023,5;19,2;14,4;;;56;360;8;10;4;;
16726;1999;11;12;12;1.022,6;19,6;14,8;;;57;350;6;10;5;;
16726;1999;11;12;15;1.022,7;18,6;14,8;;;65;0;0;10;6;;
16726;1999;11;12;18;1.023,3;16,4;12,8;20,4;13,2;64;360;6;10;6;;
16726;1999;11;12;21;1.023,9;13,6;13;;;93;360;6;10;6;1,9;
16726;1999;11;13;0;1.023;13;12,4;;;93;10;6;10;6;0,6;
16726;1999;11;13;3;1.022,4;13,2;12,8;;;95;350;6;10;6;;
16726;1999;11;13;6;1.021,7;13;12,6;17;12,8;95;350;4;10;6;2,5;
16726;1999;11;13;9;1.022;14,6;13,4;;;87;20;4;7;7;;
16726;1999;11;13;12;1.020,2;17,6;15;;;74;20;4;7;7;;
16726;1999;11;13;15;1.019,1;18;15;;;71;0;0;8;7;;
16726;1999;11;13;18;1.018,5;15;14;19,2;13;89;0;0;10;5;;
16726;1999;11;13;21;1.018,1;14,2;13,4;;;91;340;6;10;5;;
16726;1999;11;14;0;1.016,8;13;12,4;;;93;340;6;10;5;;
16726;1999;11;14;3;1.013,8;12,2;11,4;;;90;340;6;10;5;;
16726;1999;11;14;6;1.012,2;12,8;12,2;15;12,2;93;20;7;10;7;;
16726;1999;11;14;9;1.010;13,6;13;;;93;20;14;8;8;1,6;
16726;1999;11;14;12;1.010,2;16,4;15;;;85;340;10;8;6;2;
16726;1999;11;14;15;1.011,4;17,6;16,4;;;88;0;0;10;6;0,1;
16726;1999;11;14;18;1.013;15,2;14,4;19;12,8;91;360;6;10;2;3,7;
16726;1999;11;14;21;1.014,5;13;12,6;;;95;10;6;10;2;;
16726;1999;11;15;0;1.014,7;11;10,8;;;97;340;6;10;2;;
16726;1999;11;15;3;1.014,5;10,4;10,2;;;97;0;0;10;2;;
16726;1999;11;15;6;1.015,5;9;8,8;15,2;8,8;97;350;8;10;3;;
16726;1999;11;15;9;1.016,4;16,6;14,6;;;80;0;0;10;4;;
16726;1999;11;15;12;1.016,3;21,4;17,2;;;64;0;0;10;5;;
16726;1999;11;15;15;1.015,3;20,6;17,6;;;73;200;6;10;5;;
16726;1999;11;15;18;1.015,9;19,4;17,8;22,2;9;85;190;6;10;3;;
16726;1999;11;15;21;1.016,3;17;15,8;;;88;0;0;10;6;;
16726;1999;11;16;0;1.016;14,2;13,4;;;91;180;12;10;6;;
16726;1999;11;16;3;1.015,7;15,4;13;;;75;180;6;10;3;;
16726;1999;11;16;6;1.016;17;16;19,4;14,2;90;0;0;10;7;;
16726;1999;11;16;9;1.017;23;19;;;67;180;12;10;7;;
16726;1999;11;16;12;1.017,4;24;19,2;;;62;180;12;10;7;;
16726;1999;11;16;15;1.017,6;22,6;18,6;;;67;210;6;8;7;;
16726;1999;11;16;18;1.018;21,6;17,6;24,2;17;66;190;7;8;5;;
16726;1999;11;16;21;1.019;22;18;;;66;190;8;8;5;;
16726;1999;11;17;0;1.018,2;22,8;17,6;;;58;170;8;6;5;;
16726;1999;11;17;3;1.017;22,4;17,4;;;58;180;12;6;7;;
16726;1999;11;17;6;1.017,1;22;18;23;21;66;180;12;8;7;;
16726;1999;11;17;9;1.017,7;22,4;19;;;71;180;12;8;7;;
16726;1999;11;17;12;1.017,7;24;19,2;;;62;160;10;6;8;0;
16726;1999;11;17;15;1.016,2;21,6;19,4;;;80;160;12;6;8;;
16726;1999;11;17;18;1.015,8;20,8;19,6;24;20,8;89;180;10;6;8;0;
16726;1999;11;17;21;1.016;20;19,2;;;92;180;6;8;8;;
16726;1999;11;18;0;1.015,5;19,4;18,8;;;94;0;0;8;8;;
16726;1999;11;18;3;1.014;17,6;17;;;94;0;0;8;7;;
16726;1999;11;18;6;1.014;17,6;17;20,8;17,6;94;0;0;8;7;;
16726;1999;11;18;9;1.014,9;18,8;18;;;92;0;0;10;8;;
16726;1999;11;18;12;1.013,8;18,6;14,8;;;65;20;8;10;7;;
16726;1999;11;18;15;1.014,1;15,6;13,8;;;81;350;8;8;8;0,4;
16726;1999;11;18;18;1.014;14,6;13,6;19,8;14,4;89;130;8;8;6;1,5;
16726;1999;11;18;21;1.014,4;13;12,8;;;98;350;5;8;4;2,4;
16726;1999;11;19;0;1.014;12;11,6;;;95;0;0;8;4;0,3;
16726;1999;11;19;3;1.013,4;10;9,6;;;95;360;4;8;1;;
16726;1999;11;19;6;1.013,8;9,6;9,4;14,6;9,4;97;360;5;10;5;2,7;
16726;1999;11;19;9;1.014,5;16;14,2;;;81;0;0;10;7;;
16726;1999;11;19;12;1.013,6;17;13,8;;;68;240;10;10;7;;
16726;1999;11;19;15;1.012,7;16,4;13,6;;;72;180;5;10;7;;
16726;1999;11;19;18;1.013,3;15,4;14,4;18,6;9,6;89;160;5;10;7;0;
16726;1999;11;19;21;1.013,3;13;12,8;;;98;150;8;10;7;3,2;
16726;1999;11;20;0;1.010,7;12;11,6;;;95;160;8;10;8;7,1;
16726;1999;11;20;3;1.010,7;10;9,6;;;95;160;4;10;8;10,9;
16726;1999;11;20;6;1.010,7;15,6;15,6;15,6;10;100;160;4;10;8;26,7;
16726;1999;11;20;9;1.010,7;16,4;16,2;;;98;0;0;8;8;8,5;
16726;1999;11;20;12;1.010,6;16,6;16,4;;;98;160;5;8;8;8,4;
16726;1999;11;20;15;1.009,8;14,6;14,2;;;95;150;7;10;6;6,2;
16726;1999;11;20;18;1.011,9;13;12,6;17,4;13;95;0;0;10;2;23,1;
16726;1999;11;20;21;1.013,7;11;10,8;;;97;350;4;10;2;;
16726;1999;11;21;0;1.014;10,6;10,4;;;97;0;0;10;2;;
16726;1999;11;21;3;1.014,1;9,6;9,4;;;97;360;5;10;2;;
16726;1999;11;21;6;1.014,7;10;9,8;17,8;9,6;97;340;8;10;5;;
16726;1999;11;21;9;1.016,2;14,6;14,4;;;98;10;4;10;7;;
16726;1999;11;21;12;1.015,5;18,2;17;;;88;0;0;10;6;;
16726;1999;11;21;15;1.015,1;17;16;;;90;20;5;10;6;0,9;
16726;1999;11;21;18;1.015,4;15;14,2;20;10;91;0;0;10;6;0,9;
16726;1999;11;21;21;1.016;13,8;13,4;;;95;350;8;10;6;;
16726;1999;11;22;0;1.015,3;14,2;13,8;;;95;10;5;10;7;;
16726;1999;11;22;3;1.013,8;14,6;14,2;;;95;350;5;10;7;0,1;
16726;1999;11;22;6;1.013,1;16;15,4;16;13,8;93;340;5;6;8;11,5;
16726;1999;11;22;9;1.013,1;19;18;;;90;160;10;6;8;2,3;
16726;1999;11;22;12;1.011,5;21,8;18,8;;;74;200;15;6;8;;
16726;1999;11;22;15;1.011,5;19,2;17,8;;;87;160;6;6;8;4;
16726;1999;11;22;18;1.009,8;19,2;17,4;22,2;15,8;83;160;12;6;8;10,6;
16726;1999;11;22;21;1.009,4;17;16,8;;;98;270;8;6;8;5,6;
16726;1999;11;23;0;1.009;17,4;16,8;;;94;130;8;6;8;5,2;
16726;1999;11;23;3;1.008,4;16;14,6;;;85;120;4;6;5;0,3;
16726;1999;11;23;6;1.008,4;14;12,2;19,2;13,8;80;360;8;6;7;13;
16726;1999;11;23;9;1.009,7;15,2;12,4;;;70;0;0;8;6;1;
16726;1999;11;23;12;1.009,4;15;13;;;79;0;0;6;6;1,7;
16726;1999;11;23;15;1.009,6;13,8;11,8;;;78;40;8;4;7;0,5;
16726;1999;11;23;18;1.011;11,4;10,2;16,4;11,4;85;0;0;8;5;4,9;
16726;1999;11;23;21;1.013,1;11;10;;;88;0;0;10;5;;
16726;1999;11;24;0;1.014,6;11;9,2;;;78;0;0;8;5;3,3;
16726;1999;11;24;3;1.016;11;8,4;;;68;20;10;10;4;;
16726;1999;11;24;6;1.018,4;9;6,8;11,4;9;71;360;6;10;3;3,3;
16726;1999;11;24;9;1.020;14,2;9,4;;;49;360;10;10;6;;
16726;1999;11;24;12;1.019,9;15,8;10;;;43;350;13;10;5;;
16726;1999;11;24;15;1.020;15;10,4;;;52;10;12;10;3;;
16726;1999;11;24;18;1.021,7;10,4;7,8;16,8;9;68;10;8;10;2;;
16726;1999;11;24;21;1.022,4;8,4;6,6;;;76;340;5;10;1;;
16726;1999;11;25;0;1.022,9;6,4;5,4;;;85;10;6;10;1;;
16726;1999;11;25;3;1.022,7;5,2;4,6;;;91;360;5;10;1;;
16726;1999;11;25;6;1.023,8;4;3,6;10,4;4;93;0;0;10;1;;
16726;1999;11;25;9;1.025;13,6;10,4;;;64;360;4;10;1;;
16726;1999;11;25;12;1.024,3;17;10,4;;;37;350;7;10;2;;
16726;1999;11;25;15;1.024,7;15;9;;;39;340;8;10;0;;
16726;1999;11;25;18;1.026;9,4;7;17,6;4;69;360;5;10;0;;
16726;1999;11;25;21;1.026;7,4;6;;;80;360;5;10;0;;
16726;1999;11;26;0;1.026;6,4;5,4;;;85;360;6;10;0;;
16726;1999;11;26;3;1.027,3;5,2;4,6;;;91;360;6;10;0;;
16726;1999;11;26;6;1.027,7;6,2;5,2;9,4;5;85;350;5;10;2;;
16726;1999;11;26;9;1.028,2;11,4;8;;;60;360;5;10;4;;
16726;1999;11;26;12;1.027,9;13,8;9,8;;;57;0;0;10;5;;
16726;1999;11;26;15;1.027,9;12;9,6;;;72;340;4;10;5;;
16726;1999;11;26;18;1.029;10,8;8,2;14,2;6,2;68;350;7;10;5;;
16726;1999;11;26;21;1.029,3;9,6;7;;;67;350;10;10;5;;
16726;1999;11;27;0;1.029,4;7,4;5,4;;;71;350;9;10;0;;
16726;1999;11;27;3;1.029;7;5,4;;;77;350;8;10;2;;
16726;1999;11;27;6;1.029,4;6,2;4,6;11,4;6,2;77;360;8;10;2;;
16726;1999;11;27;9;1.030,1;12,4;8,4;;;54;350;8;10;3;;
16726;1999;11;27;12;1.028,8;17;11;;;43;0;0;10;3;;
16726;1999;11;27;15;1.028,8;15,2;11;;;57;0;0;10;3;;
16726;1999;11;27;18;1.029,6;10;7,2;17,8;6,2;64;0;0;10;3;;
16726;1999;11;27;21;1.030,4;7;5,4;;;77;350;7;10;4;;
16726;1999;11;28;0;1.030,6;5,8;4,8;;;85;360;7;10;0;;
16726;1999;11;28;3;1.029,8;5;4,2;;;87;350;8;10;0;;
16726;1999;11;28;6;1.031;3,8;3;10;3,8;87;340;6;10;4;;
16726;1999;11;28;9;1.031;11,4;8;;;60;360;5;10;4;;
16726;1999;11;28;12;1.030,1;17,2;12,2;;;52;0;0;10;4;;
16726;1999;11;28;15;1.029,8;14,6;12,2;;;74;0;0;10;5;;
16726;1999;11;28;18;1.030,1;10,6;9,6;18,4;3,8;88;350;6;10;5;;
16726;1999;11;28;21;1.030,5;8;6,8;;;83;360;4;10;4;;
16726;1999;11;29;0;1.030,4;8,4;6,2;;;70;360;6;10;4;;
16726;1999;11;29;3;1.029,7;7,8;6;;;75;350;7;10;6;;
16726;1999;11;29;6;1.030,4;7,8;6;10,6;7,4;75;360;6;10;6;;
16726;1999;11;29;9;1.031,1;11,4;8,6;;;67;360;4;10;6;;
16726;1999;11;29;12;1.030;16,8;11,2;;;46;0;0;10;6;;
16726;1999;11;29;15;1.029,4;14,4;11,2;;;65;200;4;10;6;;
16726;1999;11;29;18;1.029,7;10,6;9,6;18,8;7,8;88;360;8;10;6;;
16726;1999;11;29;21;1.029,3;6,8;5,4;;;79;350;9;10;2;;
16726;1999;11;30;0;1.028,8;6,4;5;;;79;340;8;10;2;;
16726;1999;11;30;3;1.028,4;6,4;5;;;79;340;8;10;5;;
16726;1999;11;30;6;1.028,3;7;5;10,6;6;71;0;0;10;7;;
16726;1999;11;30;9;1.029,1;10,6;8,2;;;70;360;4;10;7;;
16726;1999;11;30;12;1.027;16,6;10,6;;;43;10;4;10;7;;
16726;1999;11;30;15;1.026,5;14,8;12;;;70;0;0;10;5;;
16726;1999;11;30;18;1.026,9;9,2;8,2;17;7;87;350;7;10;5;;
16726;1999;11;30;21;1.027,1;8;6,8;;;83;360;5;10;3;;
16726;1999;12;1;0;1.026;6,8;5,8;;;85;360;5;10;3;;
16726;1999;12;1;3;1.025;5,6;4,6;;;85;360;5;10;4;;
16726;1999;12;1;6;1.025,7;5;4;9,2;5;84;360;5;10;4;;
16726;1999;12;1;9;1.026,1;11;8;;;64;0;0;10;6;;
16726;1999;12;1;12;1.025,1;17,2;12,4;;;53;0;0;10;6;;
16726;1999;12;1;15;1.024,7;15,2;12,8;;;75;0;0;10;6;;
16726;1999;12;1;18;1.024,7;11;10;17,8;5;88;360;3;10;6;;
16726;1999;12;1;21;1.024,7;8;6,8;;;83;360;5;10;6;;
16726;1999;12;2;0;1.024,7;8,4;8;;;94;360;5;10;6;;
16726;1999;12;2;3;1.024,7;8,4;8;;;94;360;6;10;4;;
16726;1999;12;2;6;1.024,8;8;7;11;7,6;86;360;5;8;5;;
16726;1999;12;2;9;1.025,1;12;10,4;;;81;360;5;8;5;;
16726;1999;12;2;12;1.023,4;20;15;;;56;0;0;10;4;;
16726;1999;12;2;15;1.022,5;18;15;;;71;0;0;10;4;;
16726;1999;12;2;18;1.023,1;11,2;10;21;8;85;0;0;10;3;;
16726;1999;12;2;21;1.023,4;8,6;7,4;;;83;0;0;10;3;;
16726;1999;12;3;0;1.023,4;6,8;5,8;;;85;0;0;10;3;;
16726;1999;12;3;3;1.023,4;6,8;5,8;;;85;0;0;10;3;;
16726;1999;12;3;6;1.024;8;7,6;11,6;6;94;360;4;10;2;;
16726;1999;12;3;9;1.025,4;15;13;;;79;0;0;10;0;;
16726;1999;12;3;12;1.024,2;19,8;13,6;;;47;360;10;10;1;;
16726;1999;12;3;15;1.024,4;17,4;13,2;;;59;360;10;10;0;;
16726;1999;12;3;18;1.026,5;14,4;11,2;20,4;8;65;360;7;10;0;;
16726;1999;12;3;21;1.027,7;10,8;9,4;;;82;350;7;10;0;;
16726;1999;12;4;0;1.027,4;8,4;7,8;;;92;350;5;10;0;;
16726;1999;12;4;3;1.026,7;6,6;6;;;91;360;5;10;0;;
16726;1999;12;4;6;1.027;6;5,6;14,4;5,8;94;350;7;10;0;;
16726;1999;12;4;9;1.027,4;14,6;12,2;;;74;350;4;10;0;;
16726;1999;12;4;12;1.024,6;20,2;14,6;;;52;20;4;10;0;;
16726;1999;12;4;15;1.024,3;21;15;;;49;40;12;10;0;;
16726;1999;12;4;18;1.024,6;13,8;12,6;21;6;87;360;5;10;0;;
16726;1999;12;4;21;1.023,9;9,8;9,4;;;95;340;8;10;0;;
16726;1999;12;5;0;1.023,1;8,6;8,2;;;94;340;6;10;0;;
16726;1999;12;5;3;1.023,1;6,6;6;;;91;360;5;10;0;;
16726;1999;12;5;6;1.023,1;6,6;6;13,8;6;91;360;5;10;0;;
16726;1999;12;5;9;1.021;14,4;12;;;74;0;0;10;2;;
16726;1999;12;5;12;1.019,4;17,6;15;;;74;0;0;10;6;;
16726;1999;12;5;15;1.017,1;16,4;14,6;;;82;150;5;10;7;;
16726;1999;12;5;18;1.016,8;14,4;14;18,6;6,6;95;140;4;8;7;1,2;
16726;1999;12;5;21;1.016,3;14,8;14;;;91;130;5;8;6;0;
16726;1999;12;6;0;1.015,1;13,8;13;;;91;200;8;8;7;;
16726;1999;12;6;3;1.013,8;14,8;13,8;;;89;0;0;8;8;;
16726;1999;12;6;6;1.013,4;12;11,8;15,8;12;98;0;0;8;8;0,6;
16726;1999;12;6;9;1.013,8;14,4;14,2;;;98;0;0;8;8;;
16726;1999;12;6;12;1.014,4;13,4;12,6;;;91;90;6;2;8;8,3;
16726;1999;12;6;15;1.013,8;13;12,8;;;98;0;0;10;8;1,7;
16726;1999;12;6;18;1.015,4;12,6;12;17,4;12;93;10;5;6;8;13;
16726;1999;12;6;21;1.016,4;11,8;11,4;;;95;360;4;8;6;;
16726;1999;12;7;0;1.016,7;10,6;10,2;;;95;340;5;10;5;;
16726;1999;12;7;3;1.016,7;10,8;10;;;90;360;5;10;5;;
16726;1999;12;7;6;1.018,2;10,2;10;12,6;9,6;97;360;3;10;7;0,3;
16726;1999;12;7;9;1.020,7;13;12,4;;;93;0;0;6;7;0,6;
16726;1999;12;7;12;1.018,7;17;13,4;;;64;350;8;10;5;;
16726;1999;12;7;15;1.019,3;16;13;;;69;350;5;10;5;;
16726;1999;12;7;18;1.021;11,6;10;17,6;10,2;81;350;6;10;4;0,6;
16726;1999;12;7;21;1.022,2;10;9;;;87;0;0;10;1;;
16726;1999;12;8;0;1.022,2;10;9;;;87;360;7;10;1;;
16726;1999;12;8;3;1.022,2;8,8;7,8;;;87;360;7;10;1;;
16726;1999;12;8;6;1.022,5;9;8;11,6;8,2;87;360;5;10;0;;
16726;1999;12;8;9;1.023,1;15,2;11,8;;;65;0;0;10;0;;
16726;1999;12;8;12;1.022;19;14,4;;;57;150;4;10;1;;
16726;1999;12;8;15;1.021,6;17,4;14,8;;;74;170;4;10;2;;
16726;1999;12;8;18;1.022,6;11,6;10,8;19,6;9;90;350;6;10;2;;
16726;1999;12;8;21;1.023,1;9,4;9;;;95;350;8;10;0;;
16726;1999;12;9;0;1.023,5;8,8;8,2;;;92;340;8;10;0;;
16726;1999;12;9;3;1.023,5;8;7,6;;;94;350;5;10;0;;
16726;1999;12;9;6;1.024;7;6,6;11,6;6,2;94;300;5;10;0;;
16726;1999;12;9;9;1.025;13;11,6;;;84;0;0;10;4;;
16726;1999;12;9;12;1.022,9;20;14,4;;;51;0;0;10;2;;
16726;1999;12;9;15;1.022,6;15;13,4;;;83;0;0;10;6;;
16726;1999;12;9;18;1.022,5;12;11,2;20,6;7;90;320;3;10;6;;
16726;1999;12;9;21;1.023,1;10,8;10;;;90;290;5;10;6;;
16726;1999;12;10;0;1.022,7;10,2;9,4;;;90;310;5;10;5;;
16726;1999;12;10;3;1.021,7;10;9,4;;;92;0;0;10;5;;
16726;1999;12;10;6;1.021,3;8,8;8,6;12,6;8,6;97;0;0;10;6;;
16726;1999;12;10;9;1.021,6;12,4;12;;;95;0;0;8;7;0,9;
16726;1999;12;10;12;1.019,8;13,2;13;;;98;0;0;5;8;1,6;
16726;1999;12;10;15;1.019;13,2;13;;;98;0;0;8;7;;
16726;1999;12;10;18;1.019,7;13;12,8;14;8,8;98;0;0;6;7;7;
16726;1999;12;10;21;1.018,5;12,4;12,2;;;98;0;0;6;7;4,7;
16726;1999;12;11;0;1.017,6;12,4;12,2;;;98;0;0;6;7;9;
16726;1999;12;11;3;1.016,4;12;11,4;;;93;0;0;7;7;3;
16726;1999;12;11;6;1.015,4;12;11,4;13;12;93;0;0;7;7;18;
16726;1999;12;11;9;1.014,1;13;12,2;;;91;0;0;6;7;10;
16726;1999;12;11;12;1.012,6;14;13,6;;;95;180;18;6;7;12,2;
16726;1999;12;11;15;1.012,2;13,2;12,6;;;93;0;0;10;6;17,3;
16726;1999;12;11;18;1.012,4;12;11,8;16,8;11,6;98;0;0;10;6;41;
16726;1999;12;11;21;1.012,8;9,6;9,4;;;97;0;0;10;4;1,1;
16726;1999;12;12;0;1.012,4;9,6;9,4;;;97;250;4;10;5;4,7;
16726;1999;12;12;3;1.011,5;9,6;9,4;;;97;30;4;10;4;5,2;
16726;1999;12;12;6;1.011,9;9;8,8;14,2;9;97;310;3;10;7;12,8;
16726;1999;12;12;9;1.011,9;11,2;9,8;;;83;0;0;10;7;;
16726;1999;12;12;12;1.012;13;11,4;;;81;0;0;10;7;;
16726;1999;12;12;15;1.011,4;13;11;;;77;0;0;10;4;;
16726;1999;12;12;18;1.012,2;9,8;9,2;14,8;9;92;0;0;10;2;;
16726;1999;12;12;21;1.013;8,2;7,6;;;92;0;0;10;2;;
16726;1999;12;13;0;1.013;7,4;6,2;;;83;0;0;10;2;;
16726;1999;12;13;3;1.013,1;7,2;6,6;;;91;0;0;10;4;;
16726;1999;12;13;6;1.013,4;8,2;7,6;9,8;6,8;92;0;0;10;3;;
16726;1999;12;13;9;1.013,7;11,4;10,2;;;85;0;0;10;4;;
16726;1999;12;13;12;1.011,7;14;12,2;;;80;0;0;10;6;;
16726;1999;12;13;15;1.010,9;13,4;12,4;;;88;0;0;6;7;0,5;
16726;1999;12;13;18;1.011,5;11,8;11,6;14,6;8,2;98;0;0;9;6;1,1;
16726;1999;12;13;21;1.012,2;11,8;11,2;;;93;190;4;10;6;;
16726;1999;12;14;0;1.012,4;11,4;10,6;;;90;340;6;10;6;0;
16726;1999;12;14;3;1.012,6;10;9,2;;;90;0;0;10;1;0,7;
16726;1999;12;14;6;1.013,8;10;8;11,8;7,8;74;320;5;10;2;1,8;
16726;1999;12;14;9;1.015,4;13,4;10;;;62;320;5;10;2;;
16726;1999;12;14;12;1.015;15,8;9;;;34;320;8;10;3;;
16726;1999;12;14;15;1.015;14,8;9,2;;;42;290;5;10;2;;
16726;1999;12;14;18;1.016,2;8;7;16,2;8;86;0;0;10;2;;
16726;1999;12;14;21;1.016,6;6;5,4;;;91;0;0;10;2;;
16726;1999;12;15;0;1.016;5,4;4,8;;;91;0;0;10;2;;
16726;1999;12;15;3;1.015,1;4,8;4,2;;;90;0;0;10;2;;
16726;1999;12;15;6;1.014,5;8;7;8;4,8;86;0;0;10;7;;
16726;1999;12;15;9;1.015,1;9,8;9,2;;;92;0;0;10;7;;
16726;1999;12;15;12;1.013,1;13,2;12,6;;;93;0;0;8;7;0,4;
16726;1999;12;15;15;1.013;16,2;14,6;;;83;170;5;8;6;;
16726;1999;12;15;18;1.013,8;14,6;14;17,6;8;93;120;8;8;4;1,4;
16726;1999;12;15;21;1.014,1;15;13,8;;;87;0;0;10;4;0,1;
16726;1999;12;16;0;1.014,1;14,4;13,8;;;93;140;4;8;5;0,7;
16726;1999;12;16;3;1.014;14;13,4;;;93;170;4;8;6;;
16726;1999;12;16;6;1.014,7;14,2;13,6;15;13,6;93;200;3;8;7;0,8;
16726;1999;12;16;9;1.015,9;18,8;15;;;65;200;10;8;4;;
16726;1999;12;16;12;1.016;19,8;16;;;66;180;16;8;5;;
16726;1999;12;16;15;1.016,3;18;15;;;71;180;12;10;3;;
16726;1999;12;16;18;1.017,6;16;14;20,2;14,2;79;180;10;10;3;;
16726;1999;12;16;21;1.019,9;15,6;13;;;73;140;7;10;3;;
16726;1999;12;17;0;1.020,3;15,2;12,4;;;70;150;5;10;3;;
16726;1999;12;17;3;1.021,1;11,8;10,8;;;88;0;0;10;3;;
16726;1999;12;17;6;1.022,5;10;9,4;16,6;9,8;92;0;0;10;2;;
16726;1999;12;17;9;1.023,9;19;15;;;63;140;9;10;2;;
16726;1999;12;17;12;1.023,7;18,8;14,8;;;63;140;10;10;5;;
16726;1999;12;17;15;1.024,2;17;14,2;;;72;150;4;10;3;;
16726;1999;12;17;18;1.024,6;12,6;11,8;20;10;91;0;0;10;2;;
16726;1999;12;17;21;1.025,4;10,8;10,4;;;95;0;0;10;2;;
16726;1999;12;18;0;1.024,8;9,8;9,4;;;95;0;0;10;2;;
16726;1999;12;18;3;1.024;9;8,6;;;95;0;0;10;1;;
16726;1999;12;18;6;1.024,7;8;7,6;16,2;7,6;94;320;4;10;3;;
16726;1999;12;18;9;1.024,8;13,4;12;;;84;0;0;10;6;;
16726;1999;12;18;12;1.023,7;17,6;13,4;;;59;0;0;10;6;;
16726;1999;12;18;15;1.022,9;17;14;;;70;0;0;10;4;;
16726;1999;12;18;18;1.022,7;11,2;10,4;20;8;90;0;0;10;5;;
16726;1999;12;18;21;1.022,9;10,2;9,6;;;92;0;0;10;5;;
16726;1999;12;19;0;1.022,1;9;8,4;;;92;0;0;10;5;;
16726;1999;12;19;3;1.021,3;8,6;8;;;92;0;0;10;5;;
16726;1999;12;19;6;1.019,8;7,6;7;12;7,4;91;0;0;10;5;;
16726;1999;12;19;9;1.012,4;10,6;8,4;;;72;0;0;10;8;;
16726;1999;12;19;12;1.017;15;12,6;;;75;310;4;10;8;;
16726;1999;12;19;15;1.016;15;12,8;;;77;0;0;10;7;;
16726;1999;12;19;18;1.015,7;12,4;11,6;15,6;7,6;91;0;0;8;7;;
16726;1999;12;19;21;1.014,7;12;11,4;;;93;0;0;10;7;;
16726;1999;12;20;0;1.013,4;16,4;14,2;;;77;130;7;10;7;;
16726;1999;12;20;3;1.011;16,8;14,2;;;74;120;7;10;7;;
16726;1999;12;20;6;1.009,7;17,4;15,4;18;12;80;150;16;10;8;;
16726;1999;12;20;9;1.008,2;18,4;16,4;;;80;150;16;10;8;;
16726;1999;12;20;12;1.003,7;18,4;16,4;;;80;150;30;3;8;2;
16726;1999;12;20;15;1.005,4;15,2;12,8;;;75;200;10;5;7;0,2;
16726;1999;12;20;18;1.006,4;12;10;18,6;12;76;180;8;5;7;2,8;
16726;1999;12;20;21;1.008,7;10,8;9,6;;;85;140;5;6;7;3,2;
16726;1999;12;21;0;1.010,5;12;11;;;88;230;4;5;7;2,8;
16726;1999;12;21;3;1.010,1;11,2;10,6;;;93;140;4;5;7;;
16726;1999;12;21;6;1.012,3;12;11;14;10,4;88;0;0;6;8;6,4;
16726;1999;12;21;9;1.013,3;14,4;12,6;;;80;120;6;6;6;;
16726;1999;12;21;12;1.012,6;15;12,6;;;75;0;0;8;7;0,3;
16726;1999;12;21;15;1.012,6;15,8;12,8;;;69;0;0;8;7;;
16726;1999;12;21;18;1.012,2;12;11;17;12;88;0;0;8;7;0,5;
16726;1999;12;21;21;1.012,6;12;11,4;;;93;130;5;6;7;3,5;
16726;1999;12;22;0;1.012,2;12,4;11,8;;;93;0;0;8;7;2,8;
16726;1999;12;22;3;1.011,7;10,4;9,6;;;90;50;5;8;6;2,7;
16726;1999;12;22;6;1.011,4;9;8,8;12,6;9;97;320;3;8;4;10,8;
16726;1999;12;22;9;1.012,4;13,2;12,8;;;95;340;4;10;6;;
16726;1999;12;22;12;1.012;13,2;10,8;;;73;0;0;10;8;;
16726;1999;12;22;15;1.012,7;12,2;10,6;;;81;0;0;10;7;;
16726;1999;12;22;18;1.014,1;10,6;9,4;13,4;9;85;30;4;7;7;4,5;
16726;1999;12;22;21;1.015,5;8,4;7,2;;;83;0;0;8;8;4;
16726;1999;12;23;0;1.016,7;7,6;6,8;;;89;0;0;8;8;5;
16726;1999;12;23;3;1.016,4;7,6;6,8;;;89;360;8;10;8;0,3;
16726;1999;12;23;6;1.016,7;8,8;7,2;12;7,6;78;0;0;10;8;9,3;
16726;1999;12;23;9;1.018,7;8,6;6,8;;;76;300;5;10;8;0,7;
16726;1999;12;23;12;1.018,4;10,2;7;;;60;300;9;10;8;0,2;
16726;1999;12;23;15;1.017,7;9,8;7;;;64;300;7;8;7;0,3;
16726;1999;12;23;18;1.018,5;9,8;6,4;12;8;56;280;7;7;7;1,4;
16726;1999;12;23;21;1.019,7;9;5,4;;;53;340;7;7;6;;
16726;1999;12;24;0;1.020,3;9,2;5,6;;;54;310;11;7;6;;
16726;1999;12;24;3;1.020,7;6,8;4,6;;;69;300;10;7;5;;
16726;1999;12;24;6;1.021,7;7;4;9,8;6,2;57;340;8;10;3;;
16726;1999;12;24;9;1.022,2;10;6,8;;;60;360;6;10;6;;
16726;1999;12;24;12;1.022,4;12,6;8,6;;;55;360;6;10;6;;
16726;1999;12;24;15;1.022,7;12,4;9,2;;;63;0;0;10;4;;
16726;1999;12;24;18;1.024;7,4;6;15;6,4;80;300;4;10;2;;
16726;1999;12;24;21;1.024,8;4,8;4,4;;;93;0;0;10;6;;
16726;1999;12;25;0;1.024,3;4;3,6;;;93;250;4;10;2;;
16726;1999;12;25;3;1.023,9;4,8;4;;;87;290;4;10;2;;
16726;1999;12;25;6;1.024,6;4,8;4;8;3,2;87;290;5;10;6;;
16726;1999;12;25;9;1.025,6;9,4;7,4;;;73;0;0;10;6;;
16726;1999;12;25;12;1.024,8;13,4;9,4;;;55;330;6;10;6;;
16726;1999;12;25;15;1.023,4;12;8,4;;;58;320;5;10;6;;
16726;1999;12;25;18;1.023,5;6,8;5,8;14;4,8;85;0;0;8;5;;
16726;1999;12;25;21;1.022,6;7,4;6,8;;;91;0;0;8;6;;
16726;1999;12;26;0;1.022,1;7,8;7,2;;;91;0;0;8;6;;
16726;1999;12;26;3;1.020,2;6,4;6;;;94;0;0;8;6;;
16726;1999;12;26;6;1.019,4;7;6,4;10;5;91;0;0;6;7;;
16726;1999;12;26;9;1.019,9;10,2;9;;;85;0;0;5;8;;
16726;1999;12;26;12;1.018;11,6;10,6;;;88;0;0;8;8;;
16726;1999;12;26;15;1.017,1;11;10,2;;;90;0;0;8;7;;
16726;1999;12;26;18;1.014,6;12;11,6;14,4;7;95;0;0;4;7;;
16726;1999;12;26;21;1.013,4;13,4;12,2;;;86;0;0;5;8;;
16726;1999;12;27;0;1.011,9;12,8;12,2;;;93;0;0;5;8;1,5;
16726;1999;12;27;3;1.010,9;13,2;12,8;;;95;110;5;6;8;0,7;
16726;1999;12;27;6;1.009,7;14;13,4;14;11,6;93;160;5;8;8;2,3;
16726;1999;12;27;9;1.009,6;15,4;14,2;;;87;140;4;8;8;;
16726;1999;12;27;12;1.007,5;15,8;14,4;;;85;220;5;8;8;;
16726;1999;12;27;15;1.007;16,4;14,4;;;79;0;0;8;8;;
16726;1999;12;27;18;1.007,3;15,4;14;18,4;14;85;0;0;8;8;;
16726;1999;12;27;21;1.006,1;15;13,6;;;85;120;5;8;8;;
16726;1999;12;28;0;1.006,4;15,2;14;;;87;0;0;8;7;;
16726;1999;12;28;3;1.006,1;15;14,2;;;91;0;0;8;7;;
16726;1999;12;28;6;1.006,2;14;13,4;15,4;13,8;93;0;0;8;7;0;
16726;1999;12;28;9;1.006,6;15,8;15;;;91;180;5;6;7;;
16726;1999;12;28;12;1.005,6;16,4;15,6;;;92;210;8;6;7;0;
16726;1999;12;28;15;1.005,6;16,4;15,6;;;92;210;8;8;6;0,4;
16726;1999;12;28;18;1.005,6;17;14;17,2;14;70;180;12;10;7;0,5;
16726;1999;12;28;21;1.005,6;16,8;14,4;;;75;190;4;10;6;0,2;
16726;1999;12;29;0;1.006,4;15,2;13,4;;;80;170;6;8;6;;
16726;1999;12;29;3;1.007,8;13,6;11,6;;;78;0;0;8;4;;
16726;1999;12;29;6;1.009,6;10,6;9,4;17,4;10;85;310;6;8;6;0,2;
16726;1999;12;29;9;1.011,4;15;11,6;;;65;0;0;8;6;;
16726;1999;12;29;12;1.011,3;16,8;12,8;;;61;0;0;8;6;;
16726;1999;12;29;15;1.012,2;16,2;12,2;;;60;240;4;10;5;;
16726;1999;12;29;18;1.014,2;12,6;10,6;17,4;10,6;77;0;0;10;5;;
16726;1999;12;29;21;1.015,5;9;8,2;;;89;0;0;10;1;;
16726;1999;12;30;0;1.016,3;7,2;7;;;97;0;0;10;4;;
16726;1999;12;30;3;1.016,7;8;7,8;;;97;0;0;10;5;;
16726;1999;12;30;6;1.017,4;9;8,6;13,4;7;95;0;0;10;7;;
16726;1999;12;30;9;1.018,5;11;10,6;;;95;0;0;10;7;;
16726;1999;12;30;12;1.018,5;13,8;12;;;80;0;0;10;7;;
16726;1999;12;30;15;1.017,1;13,8;12;;;80;0;0;10;7;;
16726;1999;12;30;18;1.017;12,6;12,4;15;9;98;0;0;10;7;1,7;
16726;1999;12;30;21;1.015,9;12,2;12;;;98;0;0;8;7;;
16726;1999;12;31;0;1.014,1;15,4;13,4;;;79;170;12;8;8;;
16726;1999;12;31;3;1.011,9;16;14;;;79;150;14;8;7;0,4;
16726;1999;12;31;6;1.010,1;15,8;14,8;16,2;12;89;160;19;8;7;3,4;
16726;1999;12;31;9;1.010,1;15,8;14,8;;;89;160;3;8;7;1,3;
16726;1999;12;31;12;1.009,8;16;12,6;;;66;220;7;8;7;;
16726;1999;12;31;15;1.011,9;13,8;10,2;;;61;250;5;8;7;0,2;
16726;1999;12;31;18;1.014;10;9,2;16,6;10;90;0;0;8;7;2,3;
16726;1999;12;31;21;1.016,4;8,6;8,2;;;94;0;0;8;7;0,2;

